54611351.0 56.0
348489996.0 34.0
512288999.0 426.0
550403977.0 0.0
585561541.0 0.0
707981505.0 481.0
888723069.0 513.0
940782304.0 474.0
1057773914.0 182.0
1067117698.0 92.0
1099044246.0 0.0
1121326656.0 93.0
1205596820.0 0.0
1382941372.0 469.0
1653952471.0 492.0
1662461907.0 105.0
1724659615.0 460.0
1867179280.0 498.0
2027915347.0 457.0
2157261154.0 33.0
2366711158.0 529.0
2464270274.0 504.0
2551437656.0 484.0
2644709702.0 187.0
2664281056.0 500.0
2852296812.0 130.0
3059539066.0 141.0
3493182634.0 235.0
3731272615.0 280.0
3869656760.0 83.0
3968877326.0 134.0
4017941860.0 464.0
4246423654.0 166.0
4411528437.0 65.0
4482989136.0 480.0
4662996202.0 498.0
5014736632.0 489.0
5041303401.0 569.0
5058404604.0 470.0
5191300383.0 428.0
5291811301.0 312.0
5379162182.0 505.0
5470049674.0 129.0
5545962074.0 176.0
5776348897.0 133.0
5828742850.0 181.0
5866546112.0 249.0
6108468155.0 0.0
6343450619.0 146.0
6391267338.0 482.0
6391971844.0 115.0
6445732921.0 493.0
6469731818.0 138.0
6631349804.0 87.0
6700825479.0 495.0
6839340277.0 148.0
6927720552.0 219.0
6997311080.0 489.0
7299649680.0 179.0
7454904263.0 0.0
7474597473.0 120.0
7538116785.0 152.0
7566620211.0 57.0
7643935073.0 258.0
7805887806.0 490.0
7836343490.0 58.0
8088847812.0 483.0
8214754745.0 491.0
8585882826.0 196.0
8679758705.0 73.0
8768988321.0 179.0
8780997127.0 172.0
8821775630.0 98.0
8991174532.0 118.0
9086862700.0 0.0
9309132490.0 144.0
9402879087.0 474.0
9491752052.0 96.0
9604367501.0 99.0
9637284260.0 495.0
9710016478.0 79.0
9726494508.0 0.0
9820887394.0 277.0
9885816683.0 290.0
9924174750.0 548.0
10001171700.0 88.0
10075487578.0 59.0
10547439699.0 88.0
10620911625.0 474.0
10630137217.0 150.0
10642667440.0 88.0
10823762864.0 499.0
10834271584.0 491.0
11092209110.0 192.0
11133586422.0 72.0
11180794941.0 79.0
11254176712.0 100.0
11274406063.0 282.0
11463659892.0 84.0
11523748276.0 456.0
11811852175.0 160.0
11853882308.0 113.0
11960699953.0 467.0
12020009128.0 155.0
12132864312.0 166.0
12168816424.0 440.0
12215119081.0 101.0
12289111596.0 49.0
12421735157.0 117.0
12683010634.0 128.0
12808191602.0 0.0
13072506257.0 86.0
13088309661.0 154.0
13139343710.0 90.0
13190134735.0 0.0
13253578440.0 52.0
13292106025.0 511.0
13467319544.0 485.0
13574414650.0 459.0
13724097955.0 103.0
13864108328.0 490.0
13926522859.0 460.0
14038878279.0 85.0
14084341799.0 479.0
14160851969.0 304.0
14232141653.0 481.0
14324386850.0 423.0
14384749422.0 475.0
14430228758.0 105.0
14610883930.0 409.0
14648925302.0 482.0
14735832554.0 119.0
14993433258.0 94.0
15160941698.0 268.0
15235015085.0 469.0
15267090448.0 488.0
15379617188.0 65.0
15692079929.0 80.0
15744829196.0 486.0
15880376673.0 261.0
15885332494.0 487.0
15938548564.0 109.0
15946607146.0 183.0
16005826986.0 516.0
16018496762.0 243.0
16033386678.0 41.0
16153650517.0 72.0
16163665684.0 0.0
16164425289.0 161.0
16165269967.0 107.0
16290435907.0 59.0
16315483294.0 286.0
16331845832.0 499.0
16583261912.0 111.0
16702101894.0 38.0
16805131129.0 126.0
16894408476.0 24.0
16975661848.0 107.0
17198097786.0 75.0
17206043992.0 38.0
17210882128.0 0.0
17340946588.0 100.0
17348880366.0 99.0
17616533706.0 500.0
17779504097.0 263.0
17880716765.0 83.0
17992075722.0 0.0
18052621203.0 487.0
18071774668.0 84.0
18257991279.0 480.0
18450524742.0 69.0
18765133621.0 477.0
18803188469.0 137.0
18805454683.0 479.0
18936145747.0 216.0
18998086458.0 107.0
19107267292.0 442.0
19210569566.0 82.0
19390270822.0 64.0
19594754557.0 252.0
19744967231.0 499.0
19753485751.0 461.0
19893633750.0 461.0
20232905008.0 91.0
20444168636.0 139.0
20450092364.0 496.0
20692674828.0 432.0
20916075149.0 129.0
21002193917.0 486.0
21117504343.0 215.0
21258618855.0 492.0
21288532056.0 163.0
21334023497.0 477.0
21427193014.0 335.0
21570844220.0 42.0
21668952783.0 499.0
21700464691.0 70.0
21802356529.0 124.0
21979623402.0 84.0
21981608620.0 293.0
22116754929.0 121.0
22167423521.0 474.0
22170738899.0 502.0
22205697816.0 81.0
22393374705.0 0.0
22453885038.0 250.0
22573853360.0 325.0
22691066166.0 93.0
22745203801.0 84.0
22787666323.0 145.0
22906626222.0 104.0
22933398231.0 0.0
22937820451.0 331.0
23048837687.0 177.0
23714268165.0 305.0
23788894388.0 538.0
23808447095.0 81.0
23876505984.0 121.0
23913629411.0 112.0
23918652480.0 219.0
24017582552.0 69.0
24120345429.0 35.0
24124204518.0 550.0
24371732713.0 107.0
24407019405.0 218.0
24553376537.0 411.0
24729403198.0 140.0
24756068381.0 128.0
24793769319.0 113.0
24890467889.0 479.0
24928905447.0 51.0
24931790229.0 0.0
24955551167.0 498.0
25092358649.0 172.0
25137303509.0 487.0
25224187889.0 131.0
25238158491.0 126.0
25376143956.0 329.0
25450064914.0 502.0
25451169097.0 160.0
25475753925.0 81.0
25563450338.0 40.0
25653837179.0 309.0
25852314719.0 467.0
26035924370.0 513.0
26186519760.0 192.0
26355737800.0 158.0
26758968785.0 119.0
26879487501.0 0.0
26884731759.0 482.0
26885881244.0 58.0
26925833404.0 140.0
27014196208.0 467.0
27402245234.0 144.0
27423129705.0 119.0
27743574767.0 78.0
27771891990.0 283.0
27771951127.0 491.0
27815692590.0 163.0
27829441749.0 532.0
27947593421.0 183.0
27967989505.0 245.0
28010986815.0 483.0
28046787676.0 156.0
28194048752.0 105.0
28204642711.0 502.0
28246867518.0 399.0
28312066783.0 91.0
28316611522.0 477.0
28400831234.0 446.0
28554383457.0 494.0
28632904860.0 355.0
28786738860.0 476.0
28854552359.0 100.0
29109594246.0 459.0
29121314501.0 499.0
29168679496.0 521.0
29193727347.0 269.0
29202005621.0 199.0
29312190266.0 142.0
29466334314.0 164.0
29475411301.0 234.0
29502523637.0 65.0
29568367042.0 30.0
29735340886.0 491.0
29747343738.0 0.0
29845420788.0 0.0
30219868166.0 105.0
30233832369.0 169.0
30294536983.0 0.0
30500804810.0 470.0
30512885037.0 94.0
30520596285.0 485.0
30532661307.0 103.0
30629319083.0 99.0
30665951556.0 400.0
30675526540.0 191.0
30680174382.0 319.0
30698400389.0 361.0
30789545464.0 50.0
30792985156.0 171.0
30999550600.0 473.0
31298790616.0 238.0
31355447254.0 127.0
31642751509.0 71.0
31738994195.0 96.0
31870160871.0 135.0
31973529527.0 54.0
32089975371.0 42.0
32180117652.0 77.0
32429655205.0 98.0
32432313407.0 606.0
32641026404.0 220.0
32721916980.0 493.0
32757672680.0 467.0
32780463808.0 480.0
32814733052.0 69.0
33102203897.0 158.0
33243052328.0 46.0
33261865436.0 288.0
33404064072.0 490.0
33464134969.0 481.0
33628692937.0 0.0
33896352027.0 488.0
34022346226.0 183.0
34025431204.0 249.0
34177809805.0 95.0
34179855016.0 122.0
34345472889.0 122.0
34367383187.0 184.0
34403022355.0 142.0
34634895093.0 111.0
34709634296.0 71.0
34865307763.0 201.0
34866017475.0 486.0
34919720065.0 488.0
34938551089.0 87.0
34979593971.0 161.0
35249659930.0 25.0
35273118692.0 119.0
35338117948.0 454.0
35549176914.0 55.0
35597482895.0 119.0
35765444192.0 133.0
35804448044.0 165.0
35844105248.0 44.0
36026723082.0 111.0
36141885581.0 85.0
36316602122.0 494.0
36377193253.0 258.0
36380201682.0 59.0
36572129387.0 482.0
36761002718.0 120.0
36775571142.0 536.0
36878618588.0 46.0
36979117527.0 447.0
37145779075.0 147.0
37542905759.0 514.0
37727733014.0 463.0
37937113201.0 353.0
37949573635.0 471.0
38005724172.0 62.0
38078768821.0 93.0
38146319383.0 134.0
38221685621.0 199.0
38262905898.0 461.0
38370758902.0 132.0
38500658085.0 102.0
38564331103.0 502.0
38607579026.0 472.0
38637594880.0 533.0
38649056988.0 52.0
38656157177.0 186.0
38660651665.0 486.0
38716096022.0 497.0
38856192367.0 76.0
38880827203.0 484.0
38971217510.0 101.0
39071475706.0 495.0
39095296717.0 118.0
39296754290.0 115.0
39312062976.0 454.0
39574045621.0 288.0
39599816281.0 498.0
39912912438.0 0.0
40106866360.0 145.0
40129968919.0 80.0
40152930783.0 174.0
40165701909.0 506.0
40184883450.0 108.0
40234234488.0 149.0
40301042773.0 461.0
40472805155.0 59.0
40661000478.0 494.0
40718049691.0 480.0
40886261025.0 432.0
40905762819.0 481.0
40951275271.0 407.0
41417610073.0 272.0
41548170284.0 431.0
41569064929.0 471.0
41613172167.0 106.0
41805925631.0 197.0
41873621340.0 85.0
42072041655.0 469.0
42152867953.0 0.0
42156386763.0 493.0
42160783447.0 0.0
42285783352.0 104.0
42356717951.0 94.0
42387374596.0 0.0
42392382324.0 129.0
42863649657.0 0.0
42977968056.0 178.0
43007234282.0 507.0
43010203450.0 98.0
43171273654.0 439.0
43242407418.0 529.0
43520816649.0 30.0
43567620667.0 201.0
43607922337.0 180.0
43716692317.0 510.0
43726565058.0 493.0
43757482377.0 75.0
43958357194.0 222.0
44056628136.0 225.0
44073637868.0 109.0
44092650472.0 523.0
44150959770.0 318.0
44192926864.0 87.0
44237577389.0 472.0
44276172479.0 497.0
44344298768.0 95.0
44486995414.0 118.0
44503534843.0 105.0
44550564096.0 144.0
44789864156.0 495.0
44809266406.0 120.0
44878899339.0 220.0
44890826490.0 404.0
45189945549.0 27.0
45196275625.0 408.0
45380167087.0 455.0
45387705616.0 311.0
45462090531.0 359.0
45539288685.0 471.0
45573841267.0 0.0
45637345075.0 108.0
45719773757.0 25.0
45759729694.0 141.0
45840070811.0 119.0
46133327860.0 473.0
46302287768.0 144.0
46354871274.0 176.0
46407785698.0 64.0
46563768295.0 103.0
46590554386.0 47.0
46656828360.0 116.0
46766498316.0 478.0
46891443677.0 146.0
46996556324.0 267.0
47017181249.0 462.0
47105478343.0 173.0
47452029446.0 70.0
47463542920.0 58.0
47739163330.0 162.0
47935673653.0 228.0
48323341330.0 344.0
48329030491.0 497.0
48365893491.0 102.0
48586055198.0 533.0
48766562560.0 489.0
48898428280.0 42.0
49014758735.0 103.0
49045229422.0 78.0
49047620990.0 121.0
49158614887.0 483.0
49178150607.0 569.0
49187740188.0 129.0
49335161620.0 85.0
49350999392.0 267.0
49444256355.0 88.0
49552048680.0 108.0
49564372530.0 311.0
49580994042.0 214.0
49715043514.0 83.0
49865862110.0 296.0
49899551530.0 500.0
49975914886.0 482.0
50001059109.0 112.0
50012176188.0 235.0
50160574729.0 237.0
50237185582.0 0.0
50247530459.0 139.0
50248070905.0 351.0
50264856067.0 287.0
50382727313.0 483.0
50481253876.0 460.0
50484388479.0 112.0
50490204875.0 104.0
50512882910.0 53.0
50554646543.0 404.0
50806954652.0 131.0
50827311520.0 486.0
50890454733.0 179.0
51477803408.0 233.0
51488022936.0 39.0
51517853494.0 131.0
51580915932.0 105.0
51705700142.0 240.0
51730123695.0 269.0
51755122877.0 220.0
51783231835.0 163.0
51839674129.0 193.0
51861331224.0 108.0
52148255172.0 290.0
52178743442.0 73.0
52276994980.0 218.0
52307498668.0 133.0
52391406868.0 76.0
52451694992.0 0.0
52467749783.0 75.0
52519244067.0 126.0
52775218610.0 188.0
52998270140.0 62.0
53074952115.0 82.0
53335680750.0 133.0
53413599807.0 467.0
53522821886.0 496.0
53598050883.0 115.0
53713634732.0 95.0
53762561479.0 205.0
53795352900.0 126.0
53855386744.0 359.0
53860587007.0 204.0
53895675074.0 78.0
53941803930.0 103.0
53967984517.0 526.0
53968734975.0 136.0
53970912434.0 435.0
54007636790.0 106.0
54011859483.0 257.0
54110904596.0 76.0
54241245662.0 163.0
54567983315.0 522.0
54574670427.0 193.0
54727021474.0 83.0
54758353477.0 145.0
54765433636.0 46.0
54855157779.0 156.0
54952332811.0 0.0
54960674258.0 98.0
55006672163.0 543.0
55014093509.0 333.0
55056525705.0 105.0
55059171104.0 65.0
55095990906.0 294.0
55735309764.0 67.0
55955474484.0 478.0
55961433130.0 228.0
56164615275.0 432.0
56259521966.0 478.0
56283373426.0 146.0
56348616061.0 475.0
56822143303.0 260.0
56861555647.0 156.0
57172863144.0 173.0
57195382531.0 269.0
57241934044.0 90.0
57456152626.0 455.0
57604537838.0 562.0
57610545659.0 305.0
57651392133.0 242.0
57692077823.0 81.0
57739622661.0 137.0
57870183032.0 399.0
58356923618.0 103.0
58582818107.0 95.0
58891799849.0 548.0
58948057721.0 78.0
59046483090.0 429.0
59059695080.0 318.0
59131356366.0 66.0
59169053758.0 110.0
59229626467.0 458.0
59267152994.0 491.0
59460166719.0 91.0
59577267666.0 465.0
59580752242.0 148.0
59604164696.0 549.0
59622695941.0 168.0
59797725773.0 53.0
59841503268.0 52.0
59884281939.0 95.0
59939669758.0 168.0
59972370075.0 475.0
60100654567.0 601.0
60111416266.0 124.0
60269242069.0 399.0
60366485063.0 76.0
60409690760.0 189.0
60496879561.0 474.0
60580776508.0 39.0
60640441728.0 189.0
60903623790.0 483.0
60969093377.0 188.0
61090053028.0 479.0
61186543043.0 132.0
61232163309.0 109.0
61371353660.0 482.0
61407700901.0 136.0
61525317399.0 168.0
61631966043.0 136.0
61698471946.0 484.0
61698683649.0 245.0
61985649044.0 69.0
62072364602.0 469.0
62224423759.0 53.0
62246165563.0 102.0
62249181630.0 121.0
62251961108.0 92.0
62256906612.0 218.0
62362260349.0 333.0
62376547293.0 188.0
62737600172.0 472.0
62744406212.0 131.0
62844127690.0 443.0
62872880376.0 63.0
62908061268.0 113.0
62963575583.0 299.0
62967324476.0 384.0
62994654257.0 299.0
63120602189.0 176.0
63170945901.0 156.0
63338124513.0 99.0
63384652501.0 154.0
63667300017.0 224.0
63807178115.0 80.0
64143243995.0 255.0
64181850157.0 83.0
64341913246.0 490.0
64464684161.0 147.0
64494961585.0 24.0
64602916178.0 125.0
64655238856.0 141.0
64744428795.0 55.0
64753312036.0 113.0
64814642183.0 95.0
64926837966.0 513.0
64967905944.0 473.0
65232675444.0 310.0
65448893915.0 154.0
65536941442.0 478.0
65577909292.0 179.0
65617323208.0 99.0
65697103246.0 496.0
65778051124.0 463.0
65965472310.0 442.0
66245538202.0 113.0
66516089346.0 483.0
66591900706.0 203.0
66611488316.0 220.0
66663241315.0 488.0
66812984412.0 488.0
66879720864.0 491.0
66880999318.0 148.0
66902660169.0 77.0
66932081939.0 522.0
66939275630.0 111.0
66973199673.0 124.0
67176348012.0 127.0
67202393849.0 493.0
67248070760.0 49.0
67422757943.0 462.0
67595104944.0 466.0
67613478690.0 94.0
67661990938.0 95.0
67704277225.0 147.0
67730538077.0 454.0
67747710011.0 0.0
67823430243.0 136.0
67830907418.0 122.0
67832798296.0 108.0
67855855439.0 146.0
67971023724.0 72.0
67986304989.0 457.0
68216994328.0 75.0
68516414091.0 45.0
68541906996.0 44.0
68663994525.0 112.0
69017547689.0 406.0
69031059399.0 486.0
69048042259.0 507.0
69178857887.0 373.0
69211550670.0 158.0
69339413527.0 0.0
69435791064.0 77.0
69563305428.0 466.0
69744657487.0 532.0
69840110974.0 0.0
69932820253.0 94.0
69951495291.0 99.0
70135149807.0 78.0
70446746765.0 98.0
70499807263.0 127.0
70658128772.0 462.0
70731929117.0 172.0
70739661328.0 100.0
70846938742.0 498.0
70946419217.0 135.0
71082750788.0 69.0
71153393848.0 592.0
71158353855.0 336.0
71239038136.0 93.0
71325208733.0 474.0
71465390323.0 503.0
71810032325.0 283.0
71832676473.0 0.0
71900021371.0 91.0
71901102361.0 485.0
72069664993.0 364.0
72093344468.0 194.0
72150945729.0 479.0
72159281293.0 80.0
72330311612.0 290.0
72453264479.0 58.0
72508970353.0 474.0
72673125862.0 492.0
72701541712.0 186.0
72774401308.0 122.0
72819776138.0 90.0
72823082340.0 288.0
72963314661.0 0.0
73181856599.0 159.0
73186995633.0 198.0
73275103746.0 90.0
73311878559.0 32.0
73541809927.0 485.0
73556439872.0 98.0
73700378040.0 99.0
73789638658.0 120.0
73790575792.0 471.0
73879285663.0 515.0
73974602281.0 377.0
74034609925.0 121.0
74174572537.0 174.0
74229194040.0 458.0
74265527401.0 501.0
74322040413.0 590.0
74424291875.0 281.0
74623388817.0 424.0
74661682818.0 0.0
74749375362.0 456.0
74800135601.0 158.0
74802797719.0 87.0
75214068101.0 485.0
75218427900.0 97.0
75247494272.0 152.0
75490310544.0 253.0
75512660407.0 139.0
75613379977.0 523.0
75617250150.0 199.0
75651992215.0 277.0
76212926252.0 281.0
76575344299.0 475.0
76721656061.0 466.0
76858010640.0 250.0
77343204064.0 198.0
77406445249.0 138.0
77410039279.0 168.0
77437283651.0 136.0
77535376267.0 175.0
77669593177.0 417.0
77709120699.0 98.0
77762721177.0 178.0
77825025141.0 215.0
78031096300.0 445.0
78207050506.0 0.0
78308044630.0 90.0
78345848900.0 502.0
78391106361.0 374.0
78481768852.0 0.0
78724364857.0 139.0
78965535416.0 63.0
79004438515.0 393.0
79312209254.0 498.0
79477273097.0 135.0
79477798126.0 134.0
79527468267.0 460.0
79584861359.0 287.0
79661942288.0 67.0
79953059052.0 576.0
79966784096.0 370.0
79972481637.0 246.0
80002283938.0 109.0
80054112024.0 92.0
80110633001.0 107.0
80344351408.0 48.0
80457643429.0 68.0
80575897600.0 496.0
80600902618.0 48.0
80799301212.0 54.0
80832080096.0 485.0
80833753223.0 520.0
80839215853.0 0.0
80905151005.0 466.0
81168162263.0 190.0
81385345615.0 467.0
81444917509.0 231.0
81445806891.0 467.0
81522345602.0 355.0
81602893133.0 479.0
81719563711.0 339.0
81727523221.0 77.0
81773228291.0 215.0
81991742867.0 483.0
82044080407.0 122.0
82119235064.0 110.0
82245701164.0 220.0
82279751787.0 488.0
82363567211.0 89.0
82723500279.0 279.0
82769215181.0 106.0
82932619534.0 220.0
82956183302.0 577.0
83050091823.0 61.0
83079223704.0 500.0
83110434721.0 122.0
83231571396.0 576.0
83286265614.0 180.0
83427022991.0 0.0
83541575826.0 183.0
83556825719.0 133.0
83875618250.0 35.0
83915836641.0 0.0
84006669681.0 123.0
84394197564.0 102.0
84406076783.0 120.0
84470620377.0 89.0
84493282817.0 84.0
84531284767.0 147.0
84823024406.0 121.0
84852606698.0 347.0
84945327711.0 148.0
85284295486.0 327.0
85413043220.0 504.0
85507739578.0 56.0
85539779079.0 100.0
85540940904.0 215.0
85541626108.0 0.0
85790861880.0 138.0
85792966101.0 251.0
85913802848.0 123.0
85926276381.0 233.0
86198921350.0 129.0
86211612529.0 115.0
86358674265.0 0.0
86609500401.0 465.0
86718057417.0 64.0
86786160216.0 127.0
86814645993.0 140.0
86827254354.0 189.0
87098149228.0 193.0
87237315180.0 58.0
87288347632.0 203.0
87292874626.0 121.0
87436525261.0 255.0
87491350134.0 71.0
87661709198.0 67.0
87662013970.0 79.0
87674200650.0 105.0
87934299881.0 220.0
88010016370.0 234.0
88071695104.0 76.0
88078566780.0 502.0
88091092225.0 121.0
88143560002.0 385.0
88181466014.0 108.0
88259877454.0 469.0
88421608020.0 129.0
88428097629.0 72.0
88629359884.0 182.0
88648883736.0 90.0
88669840987.0 90.0
88678388760.0 108.0
88680616284.0 103.0
88686056487.0 266.0
88913208260.0 508.0
89148296696.0 97.0
89164113204.0 471.0
89318158107.0 77.0
89328197250.0 138.0
89412037946.0 97.0
89646322411.0 169.0
89666307722.0 108.0
89875636554.0 201.0
89885097633.0 122.0
90050436325.0 51.0
90120350928.0 90.0
90184710783.0 40.0
90250793842.0 124.0
90316512710.0 115.0
90329186368.0 514.0
90517252081.0 454.0
90580714012.0 94.0
90917860021.0 127.0
90968002685.0 58.0
91022290042.0 192.0
91040901070.0 111.0
91044761113.0 186.0
91063921028.0 478.0
91108654533.0 71.0
91487928223.0 0.0
91663918617.0 551.0
91774463577.0 229.0
91834606092.0 420.0
91847179657.0 108.0
91989695490.0 106.0
92017142966.0 112.0
92109635406.0 329.0
92110728305.0 34.0
92144515984.0 157.0
92147419359.0 474.0
92223707244.0 112.0
92300112843.0 299.0
92371609371.0 477.0
92391929774.0 203.0
92447639933.0 260.0
92462804189.0 181.0
92556873322.0 105.0
92564219927.0 338.0
92723342853.0 92.0
92742979762.0 181.0
92850819167.0 411.0
92918332778.0 197.0
92942677923.0 567.0
92985965655.0 0.0
93111547867.0 326.0
93194916636.0 279.0
93367728340.0 187.0
93584687397.0 462.0
93660597250.0 61.0
93663406588.0 132.0
93762972368.0 324.0
93808329641.0 178.0
93931726074.0 125.0
94004442177.0 501.0
94075675175.0 455.0
94076892432.0 145.0
94240704736.0 108.0
94291248725.0 474.0
94295889932.0 112.0
94375269315.0 114.0
94431309638.0 44.0
94567553282.0 0.0
94648256524.0 223.0
94780624279.0 504.0
94798286367.0 0.0
94838137070.0 85.0
94869608749.0 140.0
94944115171.0 323.0
94972282506.0 471.0
94978435343.0 43.0
95085383501.0 246.0
95175100100.0 441.0
95247838833.0 234.0
95318281211.0 484.0
95446138889.0 256.0
95644200570.0 466.0
95723518346.0 94.0
95758199820.0 477.0
95912381419.0 43.0
96018518713.0 79.0
96024350244.0 187.0
96051386515.0 0.0
96144222284.0 98.0
96152296518.0 119.0
96221832979.0 319.0
96334174593.0 93.0
96367135990.0 254.0
96487867064.0 227.0
96492549517.0 135.0
96611140454.0 77.0
96693353989.0 486.0
96760651176.0 84.0
96961712896.0 450.0
96970653546.0 0.0
97243959846.0 45.0
97300807080.0 0.0
97371021692.0 84.0
97546236580.0 513.0
97556918898.0 350.0
97584993858.0 130.0
97675110956.0 132.0
97695569680.0 94.0
98038266767.0 58.0
98070456336.0 267.0
98126126484.0 370.0
98380624754.0 0.0
98430272168.0 72.0
98465350377.0 68.0
98694552542.0 74.0
98717516820.0 199.0
98757182238.0 75.0
98817609580.0 129.0
98827507498.0 306.0
99051786862.0 268.0
99152459273.0 90.0
99181718228.0 84.0
99208146063.0 69.0
99244236743.0 293.0
99270554188.0 70.0
99274076078.0 451.0
99361038942.0 270.0
99373287474.0 486.0
99482184903.0 108.0
99715637465.0 204.0
99782761151.0 465.0
99826879098.0 110.0
99877564137.0 0.0
100025640673.0 139.0
100059420462.0 100.0
100110039175.0 59.0
100131912380.0 281.0
100281002141.0 49.0
100353297475.0 97.0
100392902607.0 217.0
100578182260.0 103.0
100629821517.0 457.0
100698574549.0 85.0
100765050249.0 112.0
100800087562.0 273.0
100975678228.0 90.0
101192187975.0 102.0
101337043037.0 456.0
101442402176.0 78.0
101502021919.0 120.0
101582203939.0 91.0
101673632087.0 123.0
101852495711.0 67.0
101891489071.0 154.0
102001864885.0 528.0
102033624850.0 62.0
102058129701.0 119.0
102065295615.0 443.0
102108447357.0 153.0
102132187831.0 180.0
102147455007.0 118.0
102199921039.0 174.0
102223715266.0 114.0
102468201261.0 123.0
102586382382.0 61.0
102728389402.0 213.0
102739492690.0 149.0
102764359521.0 112.0
102781838201.0 468.0
102797525608.0 126.0
102822920855.0 440.0
102888966464.0 471.0
102939697320.0 81.0
103092125605.0 144.0
103184033179.0 198.0
103308689852.0 251.0
103330962624.0 271.0
103414129920.0 97.0
103478166537.0 200.0
103612613422.0 335.0
103673241394.0 500.0
103821531022.0 457.0
103852585978.0 385.0
103882005437.0 68.0
103895587422.0 193.0
104011517143.0 493.0
104107746634.0 377.0
104171236234.0 88.0
104190081669.0 110.0
104194267825.0 145.0
104346595309.0 109.0
104392139961.0 134.0
104438946606.0 223.0
104448507709.0 171.0
104655506708.0 197.0
104662119015.0 72.0
104777392331.0 504.0
104838239036.0 185.0
104869853494.0 488.0
105274851278.0 487.0
105326174191.0 197.0
105341687920.0 169.0
105698619295.0 101.0
105717439323.0 105.0
105935918649.0 522.0
105997293179.0 200.0
106041891218.0 107.0
106129238274.0 0.0
106147363343.0 251.0
106242932156.0 127.0
106256580882.0 473.0
106398025780.0 279.0
106517565516.0 74.0
106569847295.0 76.0
106613391440.0 162.0
106644816227.0 0.0
106662672516.0 218.0
106721968680.0 445.0
106722226593.0 153.0
106724305018.0 465.0
106730502837.0 350.0
106753674030.0 118.0
106811411731.0 68.0
107024575893.0 118.0
107229568696.0 480.0
107242068136.0 92.0
107248406477.0 262.0
107252074499.0 88.0
107315189749.0 117.0
107499318850.0 70.0
107557657826.0 66.0
107644634761.0 504.0
107743713440.0 89.0
107807243978.0 495.0
107844437762.0 461.0
107930984008.0 52.0
107977286529.0 121.0
108038169643.0 479.0
108040595966.0 83.0
108120052231.0 75.0
108147509173.0 147.0
108258188661.0 76.0
108276388890.0 107.0
108287111044.0 0.0
108287300809.0 373.0
108339679206.0 491.0
108382346499.0 238.0
108469644489.0 42.0
108535865066.0 186.0
108542350216.0 489.0
108563467744.0 488.0
108607112917.0 158.0
108719269054.0 202.0
108744253317.0 103.0
108956391995.0 600.0
109004259186.0 440.0
109019439476.0 510.0
109090702387.0 136.0
109124841546.0 84.0
109160603739.0 161.0
109251570168.0 156.0
109327655314.0 520.0
109445673250.0 345.0
109559842207.0 358.0
109608077919.0 110.0
109684769239.0 0.0
109949707356.0 36.0
110008408428.0 100.0
110012583864.0 490.0
110093937644.0 494.0
110098503004.0 76.0
110124047638.0 75.0
110200633118.0 61.0
110285235834.0 338.0
110299310854.0 215.0
110323449540.0 182.0
110337360050.0 478.0
110530388769.0 108.0
110553969625.0 83.0
110801351742.0 84.0
110930711447.0 186.0
111250759909.0 121.0
111563142207.0 317.0
111621212133.0 37.0
111624667699.0 491.0
111756623028.0 77.0
111886498335.0 50.0
111901855533.0 478.0
111969515341.0 452.0
112004566931.0 110.0
112165429909.0 141.0
112188941178.0 59.0
112192788605.0 97.0
112193402494.0 116.0
112303716769.0 396.0
112455480810.0 198.0
112491420169.0 201.0
112560136962.0 173.0
112650269521.0 240.0
112782892759.0 97.0
112794100706.0 92.0
112995231963.0 111.0
113232092349.0 186.0
113292367552.0 118.0
113306229080.0 101.0
113374302645.0 127.0
113496184361.0 113.0
113611359010.0 170.0
113803400238.0 473.0
113902971814.0 490.0
114165418302.0 99.0
114343791387.0 425.0
114488463799.0 127.0
114511053849.0 132.0
114551271277.0 424.0
114568520615.0 90.0
114617173107.0 115.0
115106745951.0 161.0
115177292667.0 468.0
115184193666.0 47.0
115195474345.0 78.0
115258623927.0 166.0
115430106801.0 81.0
115579355667.0 139.0
115592218239.0 440.0
115707202901.0 118.0
115742974091.0 72.0
115769858844.0 83.0
115833254142.0 107.0
116009658098.0 65.0
116136674677.0 60.0
116421456653.0 38.0
116558840602.0 125.0
116605637252.0 160.0
116614303073.0 426.0
116687047451.0 170.0
116718878833.0 135.0
116876490100.0 42.0
116973349030.0 80.0
116987891718.0 173.0
117163109767.0 87.0
117249608502.0 48.0
117353604627.0 79.0
117423427675.0 107.0
117513723227.0 41.0
117626691170.0 204.0
117963956826.0 511.0
118046852499.0 327.0
118072121301.0 0.0
118084257287.0 489.0
118186063407.0 99.0
118285612152.0 409.0
118325371575.0 564.0
118412866907.0 113.0
118449563561.0 35.0
118575251877.0 104.0
118770776938.0 166.0
119002323309.0 283.0
119131989676.0 69.0
119174884233.0 478.0
119237345524.0 483.0
119248374261.0 512.0
119333752439.0 78.0
119356888826.0 0.0
119433957870.0 500.0
119455140352.0 473.0
119697534068.0 47.0
119804369792.0 49.0
119826195280.0 324.0
119870457257.0 98.0
119916215289.0 482.0
119927371290.0 328.0
119932116164.0 102.0
120070682926.0 163.0
120217491933.0 504.0
120421959040.0 481.0
120509918126.0 56.0
120512629492.0 482.0
120657465940.0 0.0
120672859272.0 299.0
120721264196.0 238.0
120765643002.0 482.0
120783219926.0 496.0
120841342294.0 388.0
120985305407.0 74.0
120989222492.0 555.0
121012916985.0 130.0
121080008177.0 91.0
121149447955.0 502.0
121157577276.0 142.0
121178979472.0 60.0
121326839733.0 0.0
121337064027.0 101.0
121380004677.0 551.0
121419311117.0 498.0
121429572758.0 0.0
121672370087.0 517.0
121735553532.0 69.0
122068295384.0 170.0
122080122054.0 456.0
122347383796.0 472.0
122369175619.0 328.0
122473651616.0 79.0
122547261033.0 105.0
122641208526.0 101.0
122690043993.0 96.0
122956969172.0 471.0
122963796427.0 104.0
122998243568.0 350.0
123102434999.0 151.0
123258742031.0 501.0
123281477814.0 413.0
123523294339.0 485.0
123567641970.0 183.0
123618494897.0 90.0
123645020479.0 464.0
123679707104.0 314.0
124056890582.0 452.0
124310610213.0 0.0
124322164842.0 62.0
124334446942.0 143.0
124502982846.0 59.0
124590777412.0 79.0
124605110296.0 228.0
124705193757.0 103.0
124901309969.0 449.0
124981828828.0 0.0
125093609834.0 81.0
125111133179.0 197.0
125113479916.0 106.0
125166035461.0 48.0
125177731720.0 50.0
125182090446.0 453.0
125200743825.0 482.0
125216237741.0 166.0
125231807790.0 241.0
125367115247.0 301.0
125473862563.0 327.0
125549753005.0 587.0
125566320355.0 89.0
125674157851.0 127.0
125686428655.0 93.0
125703519005.0 495.0
125715850351.0 86.0
125730867648.0 0.0
125873038473.0 159.0
125917976781.0 392.0
126020278460.0 88.0
126183780875.0 104.0
126231729445.0 120.0
126362834199.0 495.0
126486425239.0 430.0
126677708604.0 282.0
126737065425.0 426.0
126876785649.0 147.0
127324308598.0 0.0
127434310225.0 494.0
127551454949.0 102.0
127866918128.0 94.0
127937145041.0 483.0
128052442914.0 0.0
128095520933.0 148.0
128136022474.0 382.0
128200320963.0 114.0
128270012409.0 295.0
128318068823.0 461.0
128323000002.0 63.0
128357740196.0 144.0
128396129715.0 510.0
128468729251.0 89.0
128472994058.0 202.0
128550251264.0 185.0
128563576193.0 70.0
128563720968.0 451.0
128574355531.0 461.0
128605157694.0 485.0
128627992287.0 250.0
128771128807.0 96.0
128803112249.0 83.0
128921781586.0 109.0
128987382105.0 79.0
129057163827.0 286.0
129066583469.0 238.0
129073517774.0 285.0
129079678859.0 103.0
129530544206.0 124.0
129552809942.0 127.0
129553174976.0 339.0
129740340698.0 108.0
129858846552.0 138.0
129865920829.0 531.0
129914524867.0 175.0
130060402175.0 465.0
130203289076.0 127.0
130462166987.0 234.0
130631841882.0 318.0
131017667615.0 480.0
131092579847.0 56.0
131107298394.0 474.0
131113797185.0 278.0
131241011392.0 523.0
131310793967.0 171.0
131341588288.0 208.0
131440502384.0 105.0
131583127551.0 235.0
131612979372.0 73.0
131630784905.0 171.0
131856905943.0 0.0
132137896974.0 481.0
132282774079.0 99.0
132492531920.0 206.0
132503314697.0 90.0
132522836681.0 509.0
132554706043.0 187.0
132609384521.0 0.0
132662729210.0 113.0
132795012919.0 165.0
132904033189.0 84.0
132999563015.0 506.0
133203015321.0 456.0
133403511877.0 469.0
133613320119.0 86.0
133781399737.0 488.0
133789714081.0 434.0
134040517749.0 83.0
134062917943.0 92.0
134110713807.0 482.0
134116408630.0 260.0
134167126300.0 489.0
134199210423.0 128.0
134204774514.0 240.0
134606507346.0 76.0
134741850725.0 0.0
134786068475.0 0.0
135053974526.0 247.0
135459240071.0 42.0
135507807144.0 76.0
135779338042.0 202.0
135789881442.0 486.0
135876275495.0 0.0
135886413814.0 103.0
135955844273.0 444.0
135994205255.0 53.0
135999379736.0 143.0
136000760506.0 108.0
136231198003.0 38.0
136322232793.0 170.0
136395142651.0 100.0
136467630853.0 77.0
136572548337.0 479.0
136585478201.0 478.0
136621386679.0 96.0
136630577123.0 481.0
136842202036.0 403.0
136858340547.0 210.0
136908357337.0 0.0
137051944285.0 463.0
137077572513.0 379.0
137161430207.0 242.0
137355783313.0 244.0
137435830697.0 177.0
137667305789.0 158.0
137756525307.0 155.0
137912518759.0 0.0
138478113484.0 434.0
138482873966.0 64.0
138587025053.0 199.0
138721031870.0 267.0
138779613117.0 95.0
138820696786.0 174.0
138930689519.0 165.0
139060427181.0 282.0
139069391927.0 320.0
139091450601.0 554.0
139131220443.0 99.0
139188733985.0 155.0
139279929100.0 475.0
139288839447.0 469.0
139329461607.0 320.0
139427541148.0 41.0
139727770978.0 463.0
140035020544.0 115.0
140229146198.0 155.0
140229652668.0 469.0
140342717920.0 0.0
140364143129.0 51.0
140474338434.0 167.0
140513655972.0 481.0
140580063934.0 155.0
140587874949.0 134.0
140747080656.0 550.0
140755849430.0 328.0
140792068042.0 0.0
140857970771.0 90.0
141027093562.0 109.0
141047155276.0 243.0
141137397339.0 57.0
141386435733.0 386.0
141631884307.0 220.0
141703840392.0 158.0
141764256843.0 469.0
141773088330.0 69.0
141955346789.0 28.0
142069760465.0 452.0
142118024359.0 479.0
142461440361.0 131.0
142512578904.0 197.0
142579232933.0 132.0
142586380900.0 125.0
142631817804.0 125.0
142648599019.0 389.0
142675358074.0 172.0
142888938708.0 547.0
142921356417.0 98.0
142984186353.0 0.0
143104362553.0 489.0
143156622638.0 161.0
143182173781.0 43.0
143247648403.0 328.0
143368047867.0 130.0
143540124653.0 67.0
143644873602.0 88.0
143708149293.0 115.0
143944094002.0 0.0
143988128652.0 89.0
144001511714.0 357.0
144008456854.0 96.0
144032929417.0 86.0
144051191783.0 0.0
144283512797.0 69.0
144391177141.0 53.0
144412354507.0 211.0
144495835913.0 198.0
144528560311.0 467.0
144595066023.0 541.0
144674698554.0 260.0
144724805060.0 0.0
144882952049.0 457.0
144901877213.0 77.0
144924647021.0 478.0
145039132143.0 477.0
145083176789.0 138.0
145212457269.0 113.0
145420535495.0 482.0
145614806051.0 58.0
145787726479.0 97.0
145822008695.0 486.0
145840604392.0 513.0
145871289819.0 33.0
145943548046.0 112.0
145950595159.0 330.0
146176752868.0 0.0
146260046067.0 120.0
146282660860.0 495.0
146283029931.0 0.0
146365273555.0 368.0
146480316354.0 139.0
146484302417.0 224.0
146570983859.0 195.0
146607633252.0 93.0
146640355945.0 160.0
146841976966.0 523.0
147025189407.0 167.0
147059384383.0 96.0
147063189061.0 183.0
147081327591.0 562.0
147243957620.0 0.0
147660241132.0 475.0
147812761585.0 496.0
147889088390.0 114.0
147939179590.0 51.0
147957485552.0 99.0
147960727221.0 495.0
147996158883.0 471.0
148011594834.0 98.0
148011602504.0 403.0
148229209970.0 222.0
148252480302.0 447.0
148412948397.0 474.0
148453430602.0 83.0
148527439099.0 479.0
148554997830.0 503.0
148681518911.0 50.0
148702022963.0 128.0
148732791317.0 0.0
148796926105.0 174.0
148888957038.0 0.0
148889620492.0 443.0
149051558198.0 339.0
149099428150.0 79.0
149226459838.0 564.0
149248464917.0 278.0
149403762917.0 534.0
149520382455.0 140.0
149821672768.0 138.0
149873670691.0 82.0
149884289182.0 93.0
150025382732.0 142.0
150044664399.0 103.0
150093752344.0 468.0
150116659093.0 505.0
150129589317.0 473.0
150470623883.0 91.0
150668514902.0 514.0
150704293503.0 112.0
150727301866.0 83.0
150734364732.0 270.0
150753151684.0 476.0
150771702245.0 461.0
150783830838.0 22.0
150841571738.0 50.0
151255635637.0 316.0
151508366013.0 498.0
151580587574.0 116.0
151602474908.0 72.0
151633356846.0 291.0
151893268837.0 186.0
151904390132.0 186.0
151981119366.0 0.0
152235413513.0 127.0
152496431063.0 469.0
152554794560.0 539.0
152664182190.0 59.0
152850881126.0 87.0
152889128074.0 149.0
152901557455.0 365.0
152904239245.0 141.0
152936394522.0 127.0
152940202232.0 123.0
152989507341.0 88.0
153089797828.0 350.0
153206066336.0 0.0
153306818408.0 76.0
153373413726.0 386.0
153425822826.0 489.0
153467726933.0 488.0
153587116637.0 85.0
153982046082.0 130.0
154099237038.0 262.0
154210003240.0 497.0
154432157363.0 489.0
154442610562.0 35.0
154506455143.0 113.0
154536898344.0 217.0
154561086289.0 93.0
154578068113.0 235.0
154629851000.0 93.0
154636585298.0 89.0
154737518930.0 122.0
154739716029.0 530.0
154931675857.0 156.0
155327389304.0 94.0
155338181489.0 55.0
155339505843.0 440.0
155956386223.0 490.0
156017272140.0 236.0
156090072354.0 234.0
156365656368.0 322.0
156475714515.0 459.0
156517927660.0 87.0
156602517897.0 192.0
156635470896.0 81.0
156676876359.0 121.0
156727189857.0 101.0
156965848207.0 89.0
157020480791.0 492.0
157028842485.0 409.0
157395807123.0 77.0
157557345107.0 113.0
157622734075.0 68.0
157857381566.0 117.0
157984740836.0 118.0
158030492681.0 277.0
158193863865.0 83.0
158247050922.0 188.0
158284106025.0 255.0
158431535997.0 332.0
158480429609.0 119.0
158503280009.0 202.0
158578183815.0 374.0
158616596366.0 105.0
158625440466.0 471.0
158674098682.0 472.0
158677494730.0 145.0
159136414533.0 131.0
159498793480.0 143.0
159538586976.0 455.0
159542440785.0 61.0
159571067411.0 130.0
159907274946.0 191.0
159926133777.0 243.0
159950703668.0 66.0
160043270772.0 471.0
160053852239.0 0.0
160089659665.0 508.0
160339604272.0 172.0
160451559855.0 75.0
160538582316.0 29.0
160553141089.0 165.0
160571231898.0 339.0
160793137013.0 462.0
160825140931.0 380.0
160931533418.0 199.0
160953348180.0 114.0
161133095683.0 128.0
161292621777.0 74.0
161313656329.0 483.0
161391095087.0 281.0
161924069607.0 501.0
162089279024.0 516.0
162094837408.0 159.0
162105855560.0 84.0
162356455550.0 129.0
162388913052.0 480.0
162441737056.0 386.0
162475516894.0 517.0
162481754379.0 488.0
162508332858.0 485.0
162537080837.0 91.0
162830662159.0 404.0
162915001820.0 470.0
162927102607.0 103.0
163113431543.0 131.0
163163000023.0 151.0
163267018054.0 0.0
163311038010.0 503.0
163355537370.0 129.0
163384481104.0 121.0
163466904047.0 88.0
163495164140.0 479.0
163631777600.0 111.0
163817603826.0 164.0
163855306365.0 362.0
163986022033.0 97.0
164096588724.0 440.0
164297122996.0 82.0
164337631220.0 446.0
164357482374.0 83.0
164361234840.0 81.0
164392924701.0 474.0
164795747562.0 444.0
164804029462.0 491.0
164805653629.0 144.0
164932191561.0 0.0
164978730281.0 245.0
165125819272.0 109.0
165150225761.0 69.0
165175581417.0 298.0
165217621849.0 80.0
165381552618.0 125.0
165386492923.0 154.0
165624453443.0 484.0
165680998425.0 199.0
165792016398.0 20.0
165934657239.0 213.0
165968375991.0 96.0
166083922207.0 466.0
166168948537.0 148.0
166372515226.0 421.0
166509341121.0 94.0
166645117971.0 136.0
166676815520.0 136.0
166701189231.0 0.0
166757434508.0 431.0
166776392910.0 60.0
166861835858.0 33.0
166929300469.0 488.0
167070698955.0 69.0
167073344055.0 206.0
167106770574.0 513.0
167211359356.0 459.0
167247780994.0 83.0
167670650932.0 144.0
167935665419.0 494.0
168146361136.0 90.0
168215595229.0 409.0
168241003628.0 143.0
168433026179.0 421.0
168527708563.0 311.0
168565097159.0 34.0
168929969833.0 94.0
169171048701.0 42.0
169198082189.0 110.0
169269212142.0 33.0
169583667924.0 192.0
169609981281.0 483.0
169742709969.0 102.0
169795351201.0 463.0
170230690453.0 91.0
170235831484.0 445.0
170296397185.0 0.0
170486463288.0 52.0
170552259730.0 141.0
170609698793.0 0.0
170609992515.0 101.0
170753302967.0 456.0
170779535532.0 478.0
170795194542.0 129.0
170807930529.0 99.0
170985389806.0 81.0
171065285752.0 67.0
171175405781.0 101.0
171297026341.0 251.0
171514862654.0 143.0
171610579850.0 481.0
171611639697.0 110.0
171712079777.0 379.0
171885927315.0 487.0
171928028298.0 241.0
171930632587.0 111.0
171955823124.0 0.0
172000844127.0 471.0
172079614407.0 91.0
172116853105.0 498.0
172219120017.0 111.0
172236195788.0 467.0
172353290331.0 83.0
172430848268.0 54.0
172457468296.0 525.0
172720800899.0 426.0
172972006812.0 467.0
173059079662.0 34.0
173127520361.0 115.0
173151394966.0 468.0
173184424047.0 252.0
173317599696.0 283.0
173500564765.0 275.0
173586309499.0 108.0
173739096483.0 435.0
173813138202.0 66.0
173898310666.0 92.0
174057321212.0 122.0
174091972987.0 169.0
174113708177.0 284.0
174403540811.0 517.0
174468908092.0 454.0
174670189055.0 174.0
174810414776.0 494.0
174911256344.0 219.0
174945736548.0 348.0
174964454224.0 543.0
174984661201.0 470.0
175007582792.0 102.0
175008127897.0 162.0
175058992734.0 489.0
175177075957.0 337.0
175334869911.0 100.0
175407796356.0 240.0
175525754663.0 152.0
175543154804.0 220.0
175589875379.0 84.0
175604138023.0 489.0
175605711623.0 288.0
175810254790.0 52.0
175842152832.0 328.0
175902570492.0 458.0
175985900589.0 43.0
175986729388.0 498.0
176008490297.0 506.0
176086341447.0 478.0
176367574794.0 0.0
176466227744.0 30.0
176510684379.0 83.0
176519214019.0 0.0
176605507342.0 226.0
176671690981.0 507.0
176673142320.0 0.0
176794671901.0 153.0
176959818713.0 83.0
177001535309.0 90.0
177100035392.0 143.0
177128327619.0 0.0
177163932460.0 559.0
177285538908.0 147.0
177317697288.0 39.0
177389363642.0 46.0
177460081981.0 40.0
177490200601.0 466.0
177555989003.0 494.0
177572965668.0 73.0
177581167823.0 77.0
177599417659.0 66.0
177699502164.0 492.0
177711068932.0 58.0
177794163213.0 118.0
177853370057.0 491.0
178447565757.0 471.0
178726337571.0 305.0
178780226904.0 249.0
178905797551.0 94.0
179136121239.0 494.0
179408692925.0 99.0
179514356068.0 127.0
179655803364.0 119.0
179848416661.0 161.0
179883156603.0 50.0
179919800023.0 77.0
180100134336.0 398.0
180202388372.0 401.0
180269840713.0 446.0
180405590330.0 462.0
180411870031.0 490.0
180468587622.0 404.0
180536434582.0 103.0
180552224413.0 0.0
180608158649.0 92.0
180670759579.0 81.0
180707368683.0 117.0
180764736328.0 163.0
180851391294.0 489.0
180871720694.0 309.0
180997365287.0 225.0
180999241965.0 56.0
181062843709.0 51.0
181198281561.0 154.0
181304418800.0 0.0
181418297885.0 428.0
181495199458.0 474.0
181498659001.0 459.0
181663341388.0 491.0
181669451281.0 164.0
181782327777.0 249.0
181814285036.0 314.0
181857501852.0 0.0
182050552361.0 0.0
182093753781.0 238.0
182233897132.0 517.0
182303911894.0 95.0
182341850779.0 440.0
182443601728.0 37.0
182672189883.0 0.0
182719877442.0 98.0
182742463308.0 77.0
182898104033.0 470.0
182938933496.0 55.0
183005866648.0 0.0
183121486971.0 216.0
183314716526.0 126.0
183316180304.0 69.0
183495781784.0 160.0
183517209255.0 443.0
183641560223.0 121.0
183840252263.0 122.0
183850423937.0 438.0
183896846491.0 168.0
183925543037.0 114.0
184458872291.0 510.0
184540987793.0 81.0
184592674152.0 265.0
184838179273.0 495.0
184885638518.0 98.0
184943563274.0 458.0
184970774274.0 128.0
185151295613.0 89.0
185158690136.0 187.0
185176538354.0 510.0
185212718272.0 67.0
185289053085.0 207.0
185403436420.0 534.0
185429568512.0 486.0
185471612417.0 479.0
185563415719.0 126.0
185590317578.0 314.0
185661682799.0 175.0
185687995601.0 142.0
185908852993.0 0.0
185949242162.0 408.0
186085100048.0 0.0
186245114247.0 131.0
186356684742.0 105.0
186452561048.0 448.0
186456568414.0 505.0
186459261974.0 409.0
186462649674.0 74.0
186499576103.0 93.0
186615048509.0 149.0
186889449814.0 474.0
186971567570.0 491.0
187118085846.0 91.0
187139512719.0 87.0
187253930341.0 455.0
187264708266.0 211.0
187283468485.0 127.0
187360527730.0 104.0
187499593544.0 65.0
187595374087.0 318.0
187604103996.0 168.0
187617968478.0 145.0
187685716902.0 485.0
187696370339.0 306.0
187771942062.0 243.0
187898936609.0 64.0
187924537585.0 131.0
188007916604.0 460.0
188034196518.0 406.0
188109784857.0 81.0
188391279530.0 471.0
188477474828.0 282.0
188607806205.0 166.0
188615727324.0 223.0
188792170774.0 441.0
188893334259.0 108.0
188900890219.0 157.0
188909550778.0 0.0
189284135962.0 259.0
189328793599.0 110.0
189557141513.0 73.0
189578254258.0 466.0
189581921000.0 121.0
189763421997.0 311.0
189784503886.0 141.0
189798989293.0 95.0
189971250131.0 113.0
190062867974.0 90.0
190177099509.0 484.0
190211794452.0 86.0
190269376882.0 481.0
190288389136.0 93.0
190379167423.0 183.0
190394850255.0 74.0
190687455904.0 202.0
190691181161.0 470.0
190924713817.0 496.0
191062100173.0 504.0
191305261525.0 476.0
191368402950.0 148.0
191910824129.0 43.0
191946566702.0 137.0
192047005612.0 72.0
192206537499.0 172.0
192214505987.0 368.0
192331675887.0 0.0
192695252736.0 458.0
192897684011.0 244.0
193005474925.0 84.0
193094297478.0 481.0
193221762830.0 465.0
193236542133.0 520.0
193489477222.0 277.0
193617602085.0 221.0
193638916897.0 0.0
193698332653.0 429.0
193752615259.0 487.0
193785111537.0 0.0
193828373071.0 73.0
193862720688.0 190.0
193954720185.0 114.0
194207889338.0 474.0
194216984410.0 117.0
194320130532.0 0.0
194328154513.0 55.0
194520430674.0 32.0
194594880919.0 65.0
194758637346.0 86.0
194770512067.0 155.0
194876482019.0 77.0
195019338573.0 124.0
195127659489.0 55.0
195143058944.0 58.0
195310126414.0 67.0
195316767007.0 42.0
195489373785.0 494.0
195503557511.0 394.0
195630921132.0 484.0
195704639608.0 194.0
195926944508.0 534.0
196090153549.0 76.0
196153775083.0 120.0
196185148900.0 199.0
196246099402.0 179.0
196654509206.0 96.0
196752141323.0 149.0
196884313150.0 461.0
196936712943.0 104.0
196953942784.0 108.0
197179579927.0 306.0
197310987906.0 92.0
197357224082.0 134.0
197386488351.0 58.0
197406596515.0 0.0
197481294697.0 516.0
197778446118.0 152.0
197810087847.0 132.0
197875527233.0 389.0
197948838100.0 0.0
198071941081.0 97.0
198159018445.0 457.0
198173059460.0 107.0
198197659713.0 384.0
198211795586.0 70.0
198249513151.0 109.0
198274450842.0 94.0
198365176748.0 281.0
198375753972.0 61.0
198555906987.0 0.0
198584108941.0 105.0
198712693385.0 44.0
198765619630.0 208.0
198939105997.0 443.0
199064646620.0 0.0
199074895534.0 51.0
199089088872.0 143.0
199135230978.0 515.0
199137010471.0 133.0
199277279924.0 484.0
199290580584.0 198.0
199345692608.0 70.0
199362373906.0 119.0
199415503280.0 378.0
199471898719.0 62.0
199484982002.0 60.0
199535328125.0 457.0
199607968648.0 430.0
200050183269.0 477.0
200188318912.0 469.0
200309729403.0 69.0
200379305820.0 139.0
200783727623.0 487.0
200984338595.0 484.0
201013306157.0 76.0
201137162052.0 273.0
201341739420.0 93.0
201408454319.0 0.0
201601976142.0 547.0
201787079236.0 214.0
201803695858.0 48.0
201856445241.0 39.0
201948186967.0 169.0
201952114931.0 144.0
202079238389.0 506.0
202322312533.0 152.0
202365410146.0 222.0
202522473821.0 83.0
202535523220.0 105.0
202538177509.0 135.0
202765316891.0 104.0
202766846577.0 507.0
202853547442.0 143.0
202997151144.0 103.0
203007583618.0 462.0
203060392386.0 111.0
203114537960.0 460.0
203204193462.0 304.0
203297276675.0 45.0
203311814112.0 188.0
203387800814.0 160.0
203805861131.0 302.0
203843730317.0 489.0
203914579648.0 169.0
203922990235.0 184.0
203924987003.0 144.0
204119927816.0 152.0
204222225902.0 493.0
204322210923.0 183.0
204487058515.0 475.0
204511469752.0 96.0
204565968266.0 494.0
204610830798.0 111.0
204629560017.0 123.0
204782525726.0 394.0
204793096137.0 365.0
204952196996.0 202.0
204968688089.0 67.0
204979157754.0 66.0
205027090830.0 468.0
205074360222.0 392.0
205107727870.0 75.0
205141757430.0 94.0
205978525488.0 161.0
206000343447.0 200.0
206054455157.0 52.0
206067876213.0 111.0
206115467674.0 131.0
206134039036.0 108.0
