111698145.0 86.0
117527721.0 64.0
160191509.0 74.0
167483654.0 123.0
180514061.0 0.0
226563773.0 286.0
238392225.0 216.0
247923281.0 160.0
316227577.0 456.0
333188143.0 0.0
366940109.0 43.0
411885223.0 97.0
434893347.0 79.0
478573230.0 364.0
488652576.0 0.0
690033025.0 285.0
709636913.0 114.0
723128504.0 149.0
858978789.0 99.0
859048325.0 588.0
908021142.0 0.0
1060622183.0 1.0
1091845273.0 117.0
1134067706.0 74.0
1244520738.0 74.0
1272650671.0 94.0
1326535663.0 85.0
1361983544.0 94.0
1379452305.0 169.0
1391137179.0 110.0
1419604608.0 321.0
1459752211.0 127.0
1581565659.0 397.0
1609166993.0 168.0
1768291202.0 229.0
1818390389.0 114.0
1901705895.0 402.0
1953008821.0 327.0
1956359848.0 29.0
2140151361.0 335.0
2173636160.0 284.0
2187847273.0 46.0
2229570495.0 81.0
2233736665.0 399.0
2261974798.0 72.0
2345314844.0 124.0
2350159085.0 62.0
2364294445.0 105.0
2411723466.0 380.0
2435459799.0 352.0
2526045983.0 0.0
2639135391.0 532.0
2655060287.0 68.0
2669185181.0 587.0
2713110234.0 50.0
2804099168.0 170.0
2809020554.0 80.0
2873506288.0 278.0
2887469048.0 0.0
3016719552.0 55.0
3023641602.0 100.0
3076894753.0 214.0
3225226740.0 0.0
3292185309.0 106.0
3327824114.0 450.0
3331583156.0 59.0
3378201669.0 96.0
3394445813.0 0.0
3602108590.0 0.0
3629597790.0 558.0
3725114795.0 376.0
3789745655.0 100.0
3791208508.0 120.0
3823310946.0 63.0
3832315584.0 0.0
3905129297.0 358.0
3941596567.0 160.0
3971421339.0 127.0
3974967246.0 48.0
4018189181.0 379.0
4033980260.0 93.0
4050512561.0 90.0
4068588769.0 85.0
4075908536.0 87.0
4124317349.0 130.0
4166761166.0 41.0
4178845240.0 120.0
4257961457.0 106.0
4271001117.0 102.0
4290633740.0 85.0
4352075515.0 301.0
4366923833.0 139.0
4380706225.0 374.0
4431902775.0 148.0
4456372116.0 402.0
4463688794.0 31.0
4506490537.0 118.0
4630353123.0 39.0
4732484007.0 473.0
4810419314.0 102.0
4830959645.0 109.0
4860313798.0 621.0
4866718883.0 393.0
5046280863.0 329.0
5193992043.0 371.0
5263000077.0 349.0
5263960126.0 111.0
5336495700.0 127.0
5368163771.0 108.0
5371678360.0 126.0
5387180844.0 430.0
5444078278.0 78.0
5457425139.0 196.0
5533913611.0 99.0
5539240836.0 100.0
5624727511.0 208.0
5744971848.0 99.0
5752018864.0 42.0
5802282288.0 338.0
5803486099.0 312.0
5963171738.0 101.0
5987614330.0 104.0
6080248118.0 43.0
6089684074.0 170.0
6097215992.0 0.0
6097590866.0 428.0
6178501269.0 296.0
6202707293.0 92.0
6298106615.0 152.0
6305818340.0 150.0
6403686250.0 101.0
6472019538.0 454.0
6521832725.0 163.0
6535135357.0 376.0
6622498297.0 390.0
6655951110.0 0.0
6710280286.0 141.0
6778815118.0 232.0
6859431139.0 181.0
6948176407.0 68.0
6975574437.0 403.0
6977742106.0 171.0
7034160473.0 365.0
7106094711.0 274.0
7107564796.0 122.0
7132266613.0 140.0
7287882029.0 351.0
7328114480.0 361.0
7370096623.0 279.0
7374403415.0 287.0
7418843947.0 96.0
7424274283.0 124.0
7516171123.0 138.0
7536645124.0 118.0
7602296945.0 214.0
7614439390.0 190.0
7649541610.0 171.0
7655663322.0 162.0
7731862896.0 297.0
7736621138.0 312.0
7770807924.0 115.0
7779074357.0 142.0
7788609849.0 0.0
7822652449.0 215.0
7826734920.0 375.0
7836388194.0 100.0
7842432318.0 282.0
7857886776.0 465.0
7872070412.0 93.0
7959239660.0 378.0
8031927177.0 207.0
8048896807.0 50.0
8206367085.0 70.0
8343054100.0 118.0
8438120561.0 150.0
8447063515.0 56.0
8468538639.0 107.0
8503402984.0 158.0
8570233812.0 142.0
8606141654.0 158.0
8609961642.0 120.0
8646273362.0 0.0
8648326621.0 509.0
8698894073.0 144.0
8790411047.0 407.0
8870862827.0 117.0
8966722076.0 391.0
9119799526.0 103.0
9242361817.0 402.0
9282428553.0 334.0
9286611334.0 212.0
9367784209.0 110.0
9421116772.0 371.0
9432039864.0 81.0
9505219150.0 100.0
9584419110.0 321.0
9687201846.0 201.0
9710932386.0 129.0
9761269135.0 135.0
9788086643.0 156.0
9788108086.0 29.0
9898605574.0 112.0
9961736375.0 77.0
9964526159.0 300.0
9993063059.0 350.0
10000777436.0 404.0
10099447713.0 111.0
10155869589.0 1.0
10293571849.0 99.0
10321018732.0 81.0
10339716664.0 166.0
10384225216.0 0.0
10455557706.0 214.0
10517418994.0 120.0
10550689268.0 138.0
10614562466.0 155.0
10684716749.0 266.0
10685271163.0 297.0
10838434757.0 21.0
10900124558.0 130.0
10932447004.0 68.0
10958186599.0 0.0
11021577555.0 291.0
11237578374.0 41.0
11264161566.0 44.0
11429098109.0 107.0
11435250893.0 102.0
11439225969.0 29.0
11543801593.0 130.0
11629584732.0 139.0
11630721461.0 138.0
11702381487.0 175.0
11712227745.0 503.0
11894460358.0 86.0
11915403138.0 212.0
11932829024.0 74.0
11940412486.0 0.0
11952811530.0 382.0
12048408193.0 166.0
12128227860.0 0.0
12145597190.0 76.0
12222082908.0 35.0
12288781584.0 42.0
12319044355.0 381.0
12364192477.0 378.0
12389815633.0 0.0
12479691421.0 84.0
12512175441.0 0.0
12526017594.0 106.0
12562171161.0 288.0
12566875311.0 80.0
12598708616.0 152.0
12606895900.0 264.0
12645671292.0 78.0
12683733302.0 279.0
12698937648.0 524.0
12750507751.0 100.0
12840080304.0 41.0
12865133178.0 35.0
12885350130.0 83.0
12963428022.0 77.0
12989144224.0 422.0
13048265017.0 57.0
13219883598.0 89.0
13245480314.0 384.0
13260904689.0 33.0
13310479350.0 491.0
13386139877.0 35.0
13400417156.0 0.0
13451579882.0 198.0
13521966444.0 350.0
13526890980.0 432.0
13559482188.0 59.0
13651866680.0 56.0
13655286922.0 263.0
13688235922.0 573.0
13697831626.0 81.0
13735167592.0 124.0
13787101161.0 74.0
13845421252.0 0.0
13878188223.0 303.0
13946581274.0 0.0
14094745034.0 478.0
14100766382.0 124.0
14292166582.0 316.0
14316092567.0 360.0
14432064825.0 117.0
14455132571.0 131.0
14592508639.0 435.0
14644432465.0 88.0
14791045992.0 137.0
14980438485.0 217.0
15012774160.0 117.0
15027853190.0 196.0
15181247565.0 225.0
15252949191.0 73.0
15360031142.0 80.0
15396761749.0 333.0
15400313587.0 200.0
15485302765.0 399.0
15579571705.0 65.0
15625617947.0 389.0
15640247262.0 185.0
15669674024.0 113.0
15847337404.0 271.0
15945970334.0 141.0
15979100622.0 43.0
16004856621.0 138.0
16025698390.0 0.0
16064689931.0 336.0
16092680923.0 141.0
16196800332.0 87.0
16232071233.0 51.0
16241278110.0 349.0
16297826516.0 79.0
16298819499.0 70.0
16347272324.0 157.0
16377384393.0 85.0
16414736809.0 214.0
16453576086.0 106.0
16457038220.0 119.0
16529065673.0 323.0
16558244987.0 143.0
16565780450.0 63.0
16583849244.0 401.0
16586525514.0 332.0
16620908895.0 305.0
16692163186.0 383.0
16708159753.0 307.0
16716138605.0 411.0
16942126622.0 382.0
16975199843.0 0.0
17075274495.0 74.0
17094395318.0 368.0
17099096611.0 198.0
17168069143.0 422.0
17215284120.0 66.0
17232109123.0 43.0
17239983066.0 453.0
17271690459.0 14.0
17371664818.0 155.0
17397494957.0 387.0
17470141678.0 92.0
17477661558.0 378.0
17501127881.0 355.0
17524376394.0 273.0
17538796606.0 158.0
17571115538.0 384.0
17575119857.0 96.0
17632948874.0 35.0
17724485533.0 0.0
17774084231.0 179.0
17826526906.0 157.0
18036888124.0 156.0
18060984478.0 248.0
18123714920.0 424.0
18137799324.0 106.0
18155923414.0 63.0
18164226502.0 304.0
18184832523.0 112.0
18257975028.0 65.0
18311659339.0 233.0
18349942529.0 0.0
18436543250.0 71.0
18461075991.0 345.0
18496851195.0 129.0
18561711346.0 159.0
18581082302.0 392.0
18736417140.0 0.0
18768873285.0 277.0
18773453326.0 90.0
18796935398.0 400.0
18819317821.0 161.0
18828199294.0 409.0
18847693302.0 216.0
18854210901.0 243.0
18945324237.0 254.0
19208184684.0 635.0
19238112170.0 99.0
19248730370.0 196.0
19266049040.0 86.0
19266383731.0 165.0
19432250017.0 112.0
19484451497.0 123.0
19607065557.0 146.0
19616927594.0 88.0
19629274044.0 87.0
19637653054.0 130.0
19711882983.0 362.0
19741091450.0 37.0
19748145926.0 119.0
19785696089.0 392.0
19800970320.0 110.0
19827946646.0 143.0
19828157655.0 113.0
19866627828.0 293.0
19934217617.0 173.0
19981663049.0 146.0
19988008273.0 212.0
20118374028.0 80.0
20126679514.0 136.0
20228890973.0 397.0
20248601538.0 184.0
20370942650.0 197.0
20372792403.0 388.0
20460931781.0 89.0
20465869483.0 128.0
20475502400.0 0.0
20492560109.0 0.0
20559958063.0 361.0
20589152900.0 231.0
20652677502.0 137.0
20652775339.0 86.0
20694338843.0 322.0
20704907723.0 202.0
20768787196.0 305.0
20786342486.0 137.0
20791417488.0 55.0
20854585043.0 270.0
20918223310.0 92.0
20945412884.0 307.0
21024522619.0 295.0
21113715190.0 83.0
21141257152.0 150.0
21150139901.0 294.0
21189903590.0 248.0
21338053935.0 49.0
21482613941.0 127.0
21485729145.0 218.0
21527234833.0 414.0
21633251972.0 96.0
21635437700.0 75.0
21659599037.0 329.0
21704028593.0 308.0
21708438275.0 90.0
21725605141.0 63.0
21776780993.0 302.0
21781631040.0 315.0
21827979275.0 53.0
21890146021.0 110.0
21924247067.0 114.0
21965826994.0 106.0
21994097141.0 90.0
21998155493.0 72.0
22018055476.0 77.0
22041034740.0 167.0
22106229169.0 108.0
22109563305.0 103.0
22141662664.0 0.0
22236055716.0 64.0
22327362816.0 87.0
22376419957.0 105.0
22411049880.0 138.0
22539167263.0 369.0
22800368565.0 44.0
22838577056.0 86.0
23013120700.0 203.0
23034251404.0 214.0
23187782163.0 512.0
23264219879.0 115.0
23408462075.0 376.0
23415364917.0 160.0
23445382903.0 121.0
23457870549.0 52.0
23534493726.0 364.0
23562316379.0 353.0
23609486372.0 198.0
23731014185.0 551.0
23797957190.0 208.0
23819561846.0 126.0
23918289190.0 102.0
23934289682.0 188.0
23970421428.0 357.0
23985598658.0 212.0
23988182632.0 31.0
24013577078.0 193.0
24075113416.0 77.0
24084964756.0 84.0
24136392912.0 331.0
24180459874.0 76.0
24205732350.0 76.0
24219432903.0 162.0
24221399029.0 325.0
24231018087.0 391.0
24292801750.0 433.0
24314499719.0 361.0
24403440465.0 91.0
24437721980.0 55.0
24440092140.0 48.0
24448457019.0 601.0
24452597751.0 303.0
24549819527.0 280.0
24554325140.0 97.0
24654812221.0 167.0
24688637438.0 56.0
24706902294.0 49.0
24714372740.0 54.0
24734064240.0 105.0
24797693667.0 485.0
24890236104.0 550.0
24896132954.0 103.0
24907779968.0 112.0
24945332795.0 441.0
24986692695.0 128.0
25032888523.0 165.0
25072081501.0 319.0
25134867060.0 81.0
25241416524.0 85.0
25245361234.0 143.0
25255190087.0 105.0
25282218316.0 230.0
25307975423.0 298.0
25342644833.0 0.0
25507583940.0 212.0
25557122744.0 79.0
25622534167.0 151.0
25713758015.0 80.0
25742438008.0 227.0
25758664004.0 38.0
25813598436.0 172.0
25880328444.0 145.0
25891123232.0 103.0
25897429906.0 124.0
25928618049.0 319.0
25965000547.0 156.0
26099011450.0 416.0
26251366034.0 245.0
26277912726.0 64.0
26399548213.0 163.0
26473322607.0 518.0
26512254012.0 265.0
26562553483.0 41.0
26611331294.0 90.0
26645860487.0 445.0
26692996073.0 248.0
26695290076.0 52.0
26720420282.0 338.0
26779637743.0 451.0
26791896123.0 40.0
26860717398.0 329.0
26872347942.0 502.0
26891472256.0 48.0
26972256733.0 0.0
27018878904.0 387.0
27052702563.0 130.0
27059574796.0 405.0
27145496789.0 102.0
27175055077.0 293.0
27212989006.0 115.0
27215433071.0 405.0
27250107997.0 377.0
27342496221.0 337.0
27446149441.0 77.0
27472050608.0 232.0
27489039303.0 254.0
27490424828.0 467.0
27551550543.0 130.0
27578285503.0 378.0
27598510013.0 522.0
27609459996.0 83.0
27614344096.0 191.0
27682216837.0 192.0
27839392337.0 30.0
27906201076.0 146.0
27910497265.0 349.0
27919548618.0 396.0
27958310188.0 280.0
28016553699.0 276.0
28081999758.0 0.0
28120857368.0 190.0
28220610996.0 313.0
28325222696.0 99.0
28380622510.0 114.0
28591044123.0 83.0
28591504722.0 92.0
28607961680.0 44.0
28639525479.0 194.0
28667899285.0 116.0
28770562580.0 54.0
28876982148.0 50.0
28884294952.0 173.0
29010843632.0 79.0
29032260717.0 126.0
29056056253.0 149.0
29056577499.0 43.0
29126749059.0 132.0
29259188753.0 186.0
29408514013.0 70.0
29413617736.0 115.0
29461726893.0 380.0
29497148931.0 300.0
29519480107.0 140.0
29529265805.0 89.0
29548812058.0 377.0
29601070917.0 398.0
29692973918.0 0.0
29722819658.0 519.0
29739307716.0 75.0
29837010222.0 109.0
29956776912.0 134.0
29958137704.0 34.0
29986316289.0 314.0
30012147917.0 313.0
30029738695.0 306.0
30067836332.0 320.0
30177824920.0 67.0
30209389009.0 88.0
30222838216.0 135.0
30236315292.0 77.0
30331360483.0 373.0
30457240861.0 285.0
30504875688.0 63.0
30518757980.0 76.0
30555737442.0 47.0
30726031761.0 127.0
30840554358.0 300.0
30957486498.0 0.0
31152946426.0 120.0
31205874416.0 144.0
31251663330.0 149.0
31252341720.0 83.0
31296489655.0 175.0
31316801974.0 154.0
31321634847.0 249.0
31324635433.0 324.0
31330142161.0 467.0
31362222413.0 308.0
31410214583.0 0.0
31411238218.0 67.0
31468444097.0 368.0
31575227341.0 63.0
31588564725.0 244.0
31755246528.0 582.0
31795931014.0 41.0
31804126642.0 193.0
31876547939.0 85.0
31892214385.0 122.0
32084875695.0 552.0
32127639109.0 70.0
32138068545.0 180.0
32270483320.0 36.0
32404497687.0 154.0
32446688728.0 107.0
32474608747.0 117.0
32496589155.0 371.0
32546278680.0 603.0
32577064722.0 74.0
32745381134.0 155.0
32770509941.0 352.0
32834719266.0 336.0
32870918683.0 90.0
33002061947.0 301.0
33037622685.0 80.0
33049715377.0 211.0
33115015113.0 70.0
33178175880.0 330.0
33211949160.0 539.0
33239234844.0 395.0
33269397570.0 133.0
33348774533.0 84.0
33550756255.0 180.0
33609937250.0 51.0
33698678571.0 84.0
33908452699.0 133.0
33915341644.0 404.0
33993893506.0 138.0
34010671743.0 105.0
34013388424.0 83.0
34260699795.0 114.0
34269356871.0 247.0
34270019016.0 275.0
34303529495.0 87.0
34417780316.0 376.0
34461348463.0 114.0
34495919957.0 83.0
34522964107.0 95.0
34524855001.0 96.0
34645117421.0 249.0
34717766804.0 178.0
34728435439.0 418.0
34749825692.0 96.0
34797880315.0 98.0
34877918303.0 121.0
34897396810.0 274.0
34907571035.0 139.0
34929087189.0 78.0
34962089935.0 72.0
34970757970.0 159.0
34997592151.0 297.0
35070197512.0 142.0
35303441368.0 307.0
35342578578.0 155.0
35452438870.0 74.0
35468024307.0 174.0
35531869439.0 82.0
35534576281.0 36.0
35545136110.0 201.0
35625843570.0 79.0
35668395271.0 52.0
35669029800.0 80.0
35899415233.0 90.0
36036351408.0 208.0
36041794030.0 162.0
36043760667.0 77.0
36154312691.0 125.0
36175861073.0 391.0
36229022718.0 321.0
36237620906.0 368.0
36281859265.0 378.0
36420329095.0 84.0
36461816288.0 75.0
36463703508.0 137.0
36464170846.0 68.0
36465210374.0 92.0
36477654577.0 268.0
36523414268.0 212.0
36561626516.0 124.0
36591600909.0 288.0
36708593178.0 104.0
36758116037.0 387.0
36805864417.0 229.0
36843924602.0 363.0
36853999764.0 113.0
36863083562.0 128.0
36939622135.0 0.0
36959557763.0 109.0
37013937153.0 41.0
37023866172.0 200.0
37227491199.0 0.0
37252190430.0 471.0
37300641455.0 58.0
37432208530.0 178.0
37510016658.0 112.0
37620491286.0 110.0
37695457671.0 281.0
37778139753.0 136.0
37839662026.0 106.0
37883025838.0 0.0
37883246049.0 179.0
37931534419.0 31.0
37938075256.0 126.0
37987210183.0 172.0
38022993654.0 312.0
38046909818.0 425.0
38056740130.0 163.0
38084660702.0 161.0
38120698334.0 113.0
38138370615.0 136.0
38145132568.0 94.0
38146133851.0 370.0
38159504631.0 94.0
38159662169.0 383.0
38211557131.0 40.0
38229089473.0 0.0
38419018095.0 202.0
38452247183.0 93.0
38498171719.0 292.0
38544251060.0 89.0
38564396717.0 74.0
38608898547.0 163.0
38628083901.0 407.0
38644399408.0 132.0
38711620791.0 380.0
38722699851.0 491.0
38732905671.0 116.0
38734264457.0 498.0
38736102033.0 61.0
38794845981.0 160.0
38830755789.0 166.0
39006030106.0 110.0
39081022679.0 70.0
39153768316.0 325.0
39183816507.0 413.0
39216324864.0 74.0
39410384602.0 311.0
39414745925.0 91.0
39449109822.0 406.0
39455347220.0 107.0
39475311406.0 0.0
39488238278.0 105.0
39631341983.0 88.0
39661641029.0 304.0
39688636453.0 33.0
39714961661.0 386.0
39723356128.0 272.0
39762201989.0 217.0
39778586278.0 138.0
39785762216.0 256.0
39821091552.0 546.0
40074680106.0 69.0
40254450872.0 356.0
40323521166.0 245.0
40343890164.0 143.0
40416801388.0 61.0
40444650193.0 106.0
40456464098.0 94.0
40456520662.0 92.0
40479005839.0 537.0
40526093617.0 413.0
40617762296.0 383.0
40644130652.0 79.0
40672741662.0 108.0
40718035736.0 271.0
40734560975.0 129.0
40752590268.0 106.0
40761987938.0 48.0
40810303760.0 134.0
40900792531.0 79.0
40923181483.0 114.0
41051600935.0 137.0
41055539097.0 330.0
41122288012.0 145.0
41128159226.0 295.0
41145063804.0 48.0
41160307654.0 253.0
41257744360.0 296.0
41317738107.0 293.0
41468014554.0 122.0
41473186936.0 592.0
41510053619.0 74.0
41553113926.0 51.0
41569483674.0 155.0
41572327596.0 157.0
41584844981.0 80.0
41704489833.0 358.0
41726424933.0 79.0
41757283781.0 68.0
41760490343.0 78.0
41877120457.0 136.0
41946713393.0 198.0
41999561948.0 101.0
42113469480.0 65.0
42172459778.0 601.0
42175582382.0 206.0
42187998399.0 131.0
42262941311.0 130.0
42439062594.0 249.0
42459462867.0 109.0
42521720384.0 134.0
42561438791.0 63.0
42613717624.0 120.0
42619134077.0 393.0
42708893010.0 385.0
42715051162.0 108.0
42716309473.0 95.0
42764444755.0 97.0
42788902495.0 263.0
42802916996.0 298.0
42803609230.0 83.0
42817044871.0 30.0
42821644493.0 83.0
42849050770.0 152.0
42864718172.0 404.0
42869369023.0 119.0
42926238388.0 213.0
42944153645.0 294.0
42989141739.0 117.0
43020535211.0 127.0
43154897946.0 593.0
43196339917.0 81.0
43230645419.0 277.0
43281632934.0 120.0
43319291186.0 309.0
43429879310.0 48.0
43437955128.0 120.0
43504881588.0 65.0
43557275877.0 123.0
43559328394.0 292.0
43620899649.0 383.0
43639840323.0 70.0
43658686063.0 268.0
43737324233.0 477.0
43959488057.0 292.0
44054366267.0 133.0
44060167334.0 152.0
44130113747.0 180.0
44175493626.0 175.0
44195875144.0 84.0
44206530073.0 187.0
44325014777.0 113.0
44326003063.0 77.0
44339048220.0 59.0
44593229896.0 67.0
44595549057.0 307.0
44600083347.0 83.0
44643994133.0 415.0
44675123918.0 402.0
44719411541.0 344.0
44728912652.0 268.0
44755468216.0 182.0
44885350266.0 438.0
44890609227.0 284.0
44931155099.0 111.0
44936312432.0 212.0
44958356017.0 77.0
45006475527.0 0.0
45061228446.0 344.0
45161354671.0 286.0
45190088637.0 132.0
45196085655.0 89.0
45219847472.0 106.0
45296475550.0 370.0
45303373642.0 226.0
45324602763.0 80.0
45368422499.0 314.0
45404686564.0 59.0
45458876023.0 51.0
45506874491.0 134.0
45672118096.0 130.0
45858728825.0 84.0
45891986985.0 87.0
46167125903.0 173.0
46259140366.0 0.0
46283419003.0 95.0
46289534793.0 110.0
46337868068.0 28.0
46474826848.0 361.0
46508030023.0 138.0
46602902615.0 309.0
46664843925.0 68.0
46678366421.0 89.0
46680895767.0 0.0
46707156201.0 163.0
46714785943.0 301.0
46774965464.0 78.0
46794110832.0 102.0
46817902308.0 32.0
46883715805.0 100.0
46949911610.0 67.0
46954419117.0 65.0
47022409872.0 91.0
47155820663.0 145.0
47172661864.0 77.0
47195684299.0 0.0
47197230670.0 92.0
47291637123.0 137.0
47298937121.0 106.0
47309769223.0 285.0
47320353772.0 166.0
47325933429.0 72.0
47436473725.0 124.0
47535697872.0 49.0
47535802479.0 396.0
47561049617.0 113.0
47578567114.0 305.0
47633947143.0 131.0
47800340908.0 184.0
47887881968.0 81.0
47915874776.0 277.0
48012519764.0 147.0
48044067611.0 52.0
48063742143.0 140.0
48106728919.0 140.0
48118119490.0 271.0
48158440452.0 311.0
48210786151.0 29.0
48219561736.0 472.0
48309066337.0 48.0
48368539881.0 116.0
48473018438.0 108.0
48542577698.0 44.0
48590520905.0 194.0
48593656482.0 155.0
48617762270.0 76.0
48647746714.0 102.0
48722315108.0 218.0
48745941439.0 313.0
48874321084.0 92.0
48916394507.0 91.0
48998353104.0 246.0
49030635041.0 213.0
49059322225.0 377.0
49066751415.0 109.0
49105926053.0 94.0
49120538772.0 233.0
49126968285.0 83.0
49358299298.0 81.0
49482399942.0 258.0
49514076563.0 419.0
49576579488.0 73.0
49590956062.0 103.0
49618295172.0 85.0
49676336994.0 83.0
49691078334.0 123.0
49700151817.0 77.0
49730798671.0 250.0
49742180503.0 300.0
49747666170.0 137.0
49783697920.0 88.0
49827943971.0 43.0
49829175055.0 366.0
49859957395.0 96.0
49878335646.0 251.0
49904558432.0 285.0
49955921392.0 192.0
49984373114.0 133.0
49994225395.0 297.0
50014733838.0 526.0
50058483151.0 88.0
50163746326.0 125.0
50268731798.0 98.0
50377589559.0 87.0
50430492943.0 106.0
50532977592.0 323.0
50588982250.0 389.0
50603586915.0 345.0
50611691158.0 611.0
50767504673.0 370.0
50879107730.0 241.0
50895363310.0 140.0
50986409205.0 120.0
51022229120.0 100.0
51328228532.0 390.0
51437098050.0 107.0
51441823997.0 93.0
51548263470.0 76.0
51560292588.0 125.0
51576297830.0 75.0
51642501731.0 227.0
51652681662.0 142.0
51684031303.0 51.0
51716938728.0 70.0
51761604590.0 83.0
51776635073.0 54.0
51899770315.0 315.0
51987361865.0 157.0
52011062669.0 377.0
52066464014.0 33.0
52149653030.0 297.0
52202753760.0 67.0
52218516393.0 209.0
52286064577.0 223.0
52292746005.0 403.0
52293060296.0 102.0
52295052899.0 93.0
52357175323.0 383.0
52378510864.0 97.0
52398228895.0 352.0
52430331130.0 194.0
52473617838.0 442.0
52503539271.0 135.0
52517335786.0 211.0
52534875299.0 128.0
52651226550.0 419.0
52663303950.0 96.0
52731475622.0 83.0
52784726837.0 111.0
52826470518.0 114.0
52832565867.0 173.0
52871349596.0 0.0
52875039346.0 318.0
53037356873.0 337.0
53052656013.0 0.0
53062787092.0 79.0
53091923871.0 81.0
53198932574.0 78.0
53349382774.0 160.0
53393616399.0 80.0
53405908451.0 471.0
53500261874.0 85.0
53605257128.0 38.0
53726815344.0 583.0
53812275671.0 619.0
53892978329.0 226.0
54005787467.0 330.0
54036066176.0 396.0
54069588033.0 228.0
54150584139.0 380.0
54182831446.0 102.0
54206508189.0 110.0
54222266114.0 396.0
54254496248.0 110.0
54299937175.0 177.0
54332737848.0 66.0
54458438953.0 441.0
54698598555.0 177.0
54728384856.0 143.0
54751131001.0 95.0
54768213411.0 82.0
54786988826.0 215.0
54791768916.0 84.0
54966311088.0 228.0
55034848752.0 179.0
55042058080.0 360.0
55058708915.0 306.0
55164938340.0 390.0
55180053012.0 397.0
55204627172.0 78.0
55209385129.0 295.0
55213666990.0 221.0
55238124460.0 352.0
55415777210.0 217.0
55459599857.0 68.0
55629059528.0 318.0
55632012519.0 170.0
55655028764.0 297.0
55702750565.0 380.0
55781672980.0 116.0
55824622756.0 86.0
55846749945.0 79.0
55926499901.0 170.0
55943254868.0 206.0
56022046490.0 201.0
56091259038.0 84.0
56197206039.0 154.0
56203242789.0 0.0
56260692562.0 0.0
56262325226.0 126.0
56315087616.0 92.0
56431631732.0 284.0
56507819995.0 90.0
56523174543.0 102.0
56532642759.0 99.0
56634950567.0 83.0
56672564579.0 124.0
56980052917.0 160.0
57002986361.0 374.0
57058228052.0 226.0
57137038590.0 88.0
57158623900.0 379.0
57180031046.0 117.0
57222500912.0 104.0
57261259966.0 92.0
57270313314.0 565.0
57398982769.0 484.0
57451358704.0 537.0
57502253913.0 497.0
57505708477.0 278.0
57524498585.0 34.0
57547296201.0 77.0
57562513850.0 394.0
57630222578.0 155.0
57630934546.0 231.0
57679929235.0 331.0
57727077205.0 40.0
57738772526.0 209.0
57749285562.0 120.0
57772461234.0 47.0
57786428712.0 78.0
57802511768.0 534.0
57827247553.0 141.0
57864278815.0 133.0
57926379282.0 211.0
57973439269.0 69.0
57989377244.0 39.0
58141971244.0 93.0
58142483660.0 193.0
58372130290.0 66.0
58399221353.0 141.0
58411880930.0 144.0
58461062613.0 122.0
58476209323.0 382.0
58531106745.0 427.0
58551292926.0 254.0
58551518106.0 75.0
58569539852.0 114.0
58586480139.0 56.0
58689927171.0 65.0
58740864005.0 222.0
58771204588.0 164.0
58795198844.0 200.0
58806388174.0 334.0
58822544136.0 0.0
58858284268.0 518.0
58860334020.0 116.0
58960524031.0 116.0
59001914667.0 182.0
59022718888.0 60.0
59100227276.0 284.0
59223393126.0 79.0
59290455593.0 362.0
59348896970.0 588.0
59442884812.0 230.0
59742621228.0 166.0
59750633873.0 0.0
59770805995.0 168.0
59809776968.0 104.0
59825030968.0 121.0
59946860924.0 109.0
60060983559.0 91.0
60087306899.0 119.0
60099055482.0 84.0
60109837176.0 131.0
60204977617.0 103.0
60234748101.0 0.0
60246370213.0 87.0
60291047937.0 62.0
60300384296.0 435.0
60328879601.0 364.0
60372303795.0 166.0
60399092725.0 338.0
60409636026.0 0.0
60458075204.0 329.0
60469697217.0 118.0
60522678664.0 267.0
60575478821.0 402.0
60619261964.0 184.0
60625551091.0 0.0
60642875432.0 0.0
60794056780.0 110.0
60925306957.0 292.0
60939613660.0 66.0
60966229760.0 179.0
61166434032.0 227.0
61176383880.0 500.0
61265959217.0 21.0
61270273791.0 367.0
61274005872.0 291.0
61294965536.0 67.0
61306617992.0 78.0
61306700571.0 85.0
61437505595.0 410.0
61482307531.0 184.0
61518396456.0 50.0
61542043107.0 76.0
61569634469.0 151.0
61616520359.0 533.0
61740399736.0 51.0
61746520918.0 84.0
61766126950.0 101.0
61808182444.0 76.0
61832289609.0 318.0
61859701716.0 366.0
61923124660.0 0.0
61978138429.0 85.0
62046321635.0 175.0
62082242869.0 323.0
62088210266.0 45.0
62152248061.0 79.0
62156066460.0 385.0
62240925746.0 53.0
62264095645.0 102.0
62288326181.0 271.0
62313323717.0 32.0
62325115107.0 0.0
62345781048.0 322.0
62380860355.0 406.0
62465264480.0 91.0
62470806510.0 52.0
62564525202.0 120.0
62594922337.0 182.0
62604272562.0 298.0
62624921540.0 137.0
62631434271.0 44.0
62635116950.0 80.0
62653410689.0 91.0
62750261163.0 266.0
62811248053.0 135.0
62835915165.0 97.0
62993487656.0 116.0
63070682316.0 67.0
63133044614.0 333.0
63175890320.0 58.0
63190831987.0 76.0
63295652931.0 85.0
63468438508.0 284.0
63481970433.0 319.0
63647443391.0 36.0
63737671725.0 308.0
63798717163.0 140.0
63800556731.0 169.0
63807218533.0 159.0
63871641684.0 39.0
63905039053.0 212.0
63925368315.0 363.0
63957865566.0 316.0
64028733574.0 82.0
64067522113.0 67.0
64101324739.0 133.0
64137075890.0 183.0
64160543127.0 393.0
64206396927.0 182.0
64233631094.0 64.0
64270267239.0 324.0
64284668748.0 68.0
64322257791.0 79.0
64363229849.0 115.0
64384832604.0 254.0
64416933868.0 93.0
64429570885.0 401.0
64439037050.0 126.0
64478799205.0 175.0
64620777935.0 82.0
64656872473.0 241.0
64701147771.0 115.0
64759055945.0 0.0
64781179559.0 280.0
64788584727.0 477.0
64886972043.0 409.0
64913468592.0 120.0
64924335627.0 206.0
64999644332.0 140.0
65027803767.0 388.0
65131899316.0 403.0
65166376311.0 116.0
65262868635.0 86.0
65349572546.0 162.0
65501888074.0 384.0
65601206805.0 372.0
65607351291.0 101.0
65613099696.0 157.0
65648408425.0 15.0
65676717002.0 207.0
65683081547.0 47.0
65697990355.0 102.0
65728731448.0 363.0
65730551679.0 312.0
65834082432.0 631.0
65893649185.0 315.0
65896886783.0 436.0
65946638144.0 130.0
65951254085.0 497.0
65989247805.0 61.0
66063423619.0 109.0
66098149465.0 109.0
66273731469.0 153.0
66301649868.0 170.0
66401296901.0 41.0
66403000730.0 621.0
66434482185.0 86.0
66472238179.0 244.0
66518572575.0 23.0
66527298892.0 46.0
66604490519.0 325.0
66624218240.0 70.0
66625878457.0 158.0
66626583869.0 178.0
66627268437.0 88.0
66643109906.0 324.0
66736947163.0 199.0
66865279300.0 107.0
66882100764.0 219.0
66949279255.0 149.0
66982493468.0 400.0
67240122126.0 167.0
67322241102.0 102.0
67365677004.0 308.0
67375669318.0 89.0
67399956952.0 164.0
67508711645.0 400.0
67511183930.0 180.0
67521357608.0 473.0
67617900632.0 457.0
67623055865.0 261.0
67649378041.0 129.0
67700787647.0 117.0
67714830020.0 222.0
67768447748.0 211.0
67772828703.0 441.0
67777852309.0 47.0
67787208802.0 172.0
67802600956.0 241.0
67815970613.0 192.0
67855965443.0 228.0
67859714046.0 291.0
67885147338.0 131.0
67899179611.0 310.0
67955579147.0 115.0
68114823398.0 98.0
68117465122.0 237.0
68159373083.0 68.0
68243625153.0 143.0
68307914760.0 319.0
68332693254.0 108.0
68336048007.0 393.0
68489323296.0 124.0
68595605819.0 108.0
68706494571.0 84.0
68825376635.0 68.0
68851219973.0 348.0
68867922874.0 87.0
68941071965.0 63.0
68975916052.0 59.0
68977784328.0 400.0
68985459545.0 176.0
69075572601.0 57.0
69106206935.0 0.0
69233529068.0 115.0
69260057758.0 435.0
69332470674.0 92.0
69363956947.0 342.0
69383314899.0 241.0
69428153569.0 272.0
69450121608.0 175.0
69451022150.0 166.0
69590826605.0 86.0
69748634763.0 53.0
69854963803.0 141.0
69893974677.0 178.0
69914180892.0 162.0
69980822113.0 97.0
70023834169.0 156.0
70054841791.0 53.0
70066242945.0 206.0
70141088919.0 139.0
70155634549.0 30.0
70207379712.0 92.0
70345437531.0 432.0
70368838125.0 79.0
70382283280.0 546.0
70464226946.0 322.0
70466663747.0 106.0
70485484340.0 85.0
70497762450.0 95.0
70566908073.0 399.0
70589285551.0 440.0
70612608386.0 312.0
70649070006.0 279.0
70649278381.0 83.0
70901341120.0 171.0
71165649760.0 377.0
71167973169.0 192.0
71168949957.0 35.0
71200448531.0 371.0
71248434145.0 339.0
71264989777.0 244.0
71268139189.0 398.0
71280005714.0 93.0
71301891989.0 432.0
71347336040.0 107.0
71351968889.0 40.0
71417167700.0 68.0
71486613163.0 352.0
71488318757.0 309.0
71490751659.0 159.0
71535309781.0 382.0
71635983125.0 89.0
71725113062.0 412.0
71798435291.0 292.0
71842551277.0 359.0
71898932055.0 65.0
71941548359.0 85.0
71942258695.0 151.0
71943311389.0 65.0
71975881890.0 96.0
72029686448.0 95.0
72082657020.0 390.0
72247749102.0 26.0
72259214878.0 239.0
72289202579.0 82.0
72329523904.0 108.0
72409906102.0 116.0
72492696659.0 174.0
72574477811.0 338.0
72614536034.0 52.0
72619913529.0 115.0
72697033841.0 48.0
72773542983.0 120.0
72802285199.0 102.0
72898023577.0 91.0
72916600654.0 238.0
72939907134.0 246.0
72954563348.0 321.0
72985030402.0 83.0
73015835011.0 186.0
73069418438.0 142.0
73268422444.0 78.0
73313412772.0 95.0
73327515124.0 372.0
73348552420.0 89.0
73357711575.0 122.0
73415220771.0 479.0
73437664641.0 0.0
73485160207.0 126.0
73578957522.0 193.0
73662452876.0 210.0
73743592360.0 549.0
73893232225.0 512.0
73896175089.0 74.0
73896786993.0 0.0
74005694741.0 500.0
74007155151.0 0.0
74022856278.0 68.0
74139813566.0 81.0
74388044182.0 81.0
74517713851.0 76.0
74603690222.0 528.0
74604117564.0 278.0
74754188897.0 346.0
74927463556.0 0.0
74971991137.0 140.0
75036212323.0 111.0
75086879606.0 174.0
75116684706.0 241.0
75145273750.0 77.0
75272548176.0 88.0
75312870087.0 221.0
75313172957.0 69.0
75316533373.0 385.0
75338043509.0 415.0
75377385456.0 39.0
75482586701.0 277.0
75563563253.0 157.0
75584479613.0 429.0
75610558518.0 420.0
75780284637.0 167.0
75881222741.0 417.0
75905505284.0 49.0
76052670609.0 165.0
76145947801.0 157.0
76283981328.0 94.0
76346357997.0 47.0
76546133808.0 354.0
76558197759.0 207.0
76615003402.0 79.0
76626458029.0 479.0
76685620352.0 166.0
76777012428.0 45.0
76925895674.0 101.0
76941273025.0 260.0
76975418519.0 208.0
77011388966.0 143.0
77024669918.0 34.0
77123329381.0 0.0
77154884273.0 450.0
77209302501.0 60.0
77273567086.0 61.0
77326849672.0 349.0
77353917311.0 385.0
77571915535.0 102.0
77680040401.0 368.0
77689086566.0 77.0
77689142164.0 319.0
77769930316.0 147.0
77788166976.0 208.0
77799277300.0 263.0
77929207536.0 280.0
77959867480.0 274.0
77984403977.0 206.0
78045403950.0 295.0
78183565044.0 93.0
78286819366.0 130.0
78297923806.0 128.0
78301572686.0 76.0
78316215403.0 156.0
78346893305.0 571.0
78396395929.0 47.0
78434774406.0 192.0
78467128837.0 0.0
78498953730.0 75.0
78588422297.0 159.0
78652634756.0 305.0
78697427620.0 244.0
78711468758.0 208.0
78816777208.0 218.0
78899223883.0 470.0
78970833432.0 0.0
79021349068.0 139.0
79048187029.0 291.0
79090763735.0 175.0
79130997160.0 111.0
79167115771.0 229.0
79214054025.0 105.0
79228508090.0 70.0
79257697757.0 210.0
79301379586.0 154.0
79412183826.0 376.0
79555776063.0 0.0
79600686398.0 118.0
79629390969.0 139.0
79635106421.0 375.0
79635212494.0 100.0
79681311087.0 331.0
79775324212.0 33.0
79811181063.0 48.0
79853603301.0 324.0
79961049990.0 151.0
80039726754.0 314.0
80042742141.0 194.0
80047446744.0 48.0
80068807859.0 171.0
80084380034.0 44.0
80157436232.0 0.0
80193731820.0 222.0
80256781256.0 0.0
80286041993.0 139.0
80419868260.0 54.0
80463764995.0 100.0
80473272835.0 169.0
80586815031.0 101.0
80645464397.0 200.0
80674109598.0 44.0
80700799208.0 114.0
80716942118.0 347.0
80805789432.0 81.0
80811314616.0 121.0
80830299156.0 102.0
81148515568.0 442.0
81149830654.0 20.0
81240709783.0 352.0
81321994661.0 87.0
81352855096.0 178.0
81443966221.0 0.0
81547596439.0 501.0
81669976538.0 39.0
81719981506.0 84.0
81775702607.0 44.0
81779546400.0 474.0
81805618357.0 389.0
81858002272.0 589.0
81874681391.0 115.0
81949985852.0 177.0
82059864862.0 41.0
82189897618.0 91.0
82473393131.0 115.0
82524099538.0 170.0
82550803179.0 226.0
82579697574.0 42.0
82615566332.0 229.0
82768671016.0 161.0
82797766987.0 279.0
82820049349.0 201.0
83015072108.0 142.0
83020819212.0 177.0
83058195366.0 365.0
83141718349.0 148.0
83184273422.0 108.0
83220810234.0 90.0
83243400736.0 211.0
83316081503.0 109.0
83363541733.0 166.0
83454843836.0 123.0
83461414597.0 105.0
83470713193.0 0.0
83475396557.0 0.0
83546433446.0 79.0
83889574303.0 454.0
83922305250.0 415.0
83953376018.0 0.0
83997807110.0 392.0
84068529754.0 302.0
84182625283.0 48.0
84231300332.0 94.0
84263746523.0 64.0
84264628345.0 214.0
84324771980.0 131.0
84384153926.0 130.0
84426393233.0 0.0
84524063027.0 382.0
84557884358.0 462.0
84592891040.0 119.0
84740013213.0 406.0
84895079716.0 292.0
84905933242.0 0.0
84976931438.0 47.0
85108803048.0 119.0
85238101154.0 271.0
85332554921.0 507.0
85406969447.0 99.0
85491559826.0 306.0
85495920268.0 116.0
85630428484.0 125.0
85691412720.0 184.0
85737442618.0 87.0
85763978805.0 106.0
85801112116.0 117.0
85812594228.0 0.0
85939704109.0 311.0
85984127791.0 110.0
86078396892.0 99.0
86089259198.0 108.0
86112733312.0 173.0
86222492263.0 140.0
86272162700.0 59.0
86365754365.0 380.0
86366452260.0 122.0
86415289313.0 180.0
86465883257.0 303.0
86466565708.0 312.0
86493498380.0 90.0
86493862892.0 59.0
86590432363.0 500.0
86618127650.0 120.0
86816398585.0 93.0
86911109679.0 129.0
86929487770.0 444.0
86965338193.0 298.0
87003402124.0 207.0
87036192429.0 591.0
87096684242.0 0.0
87131025802.0 106.0
87154044709.0 85.0
87186720602.0 613.0
87229703778.0 353.0
87308996285.0 102.0
87320174371.0 40.0
87494741802.0 422.0
87510264583.0 31.0
87533575006.0 154.0
87563084029.0 420.0
87606068243.0 142.0
87631198463.0 221.0
87653507235.0 476.0
87699113396.0 306.0
87703389371.0 416.0
87704338102.0 61.0
87756023428.0 391.0
87829349983.0 128.0
87878108594.0 107.0
87886548681.0 192.0
88093278753.0 465.0
88116535598.0 326.0
88194021969.0 74.0
88257079123.0 73.0
88314983691.0 261.0
88319964370.0 47.0
88368359254.0 208.0
88465169972.0 205.0
88473599953.0 345.0
88503627744.0 109.0
88561345152.0 472.0
88763999075.0 186.0
88960840962.0 104.0
88963356937.0 277.0
89166429971.0 178.0
89248300293.0 106.0
89255745201.0 81.0
89290768629.0 86.0
89291953919.0 0.0
89546540020.0 157.0
89550479848.0 255.0
89640279987.0 192.0
89692647039.0 64.0
89701652745.0 575.0
89740507372.0 91.0
89804637315.0 294.0
89807516157.0 47.0
89848955294.0 508.0
89881677764.0 401.0
89919385044.0 157.0
89931902308.0 0.0
89988123761.0 116.0
90062913049.0 107.0
90085483369.0 118.0
90155043407.0 135.0
90188106104.0 316.0
90251019817.0 196.0
90287275214.0 232.0
90337685839.0 55.0
90403656541.0 92.0
90458879645.0 196.0
90506278769.0 77.0
90550122402.0 108.0
90644294813.0 47.0
90683437537.0 609.0
90689301387.0 285.0
90721711556.0 103.0
90776596778.0 537.0
90828143560.0 91.0
90864752740.0 188.0
90993693271.0 82.0
91110733657.0 114.0
91283196299.0 82.0
91398382516.0 104.0
91472039972.0 71.0
91539762414.0 92.0
91551338909.0 0.0
91577855855.0 102.0
91596530692.0 385.0
91596558425.0 127.0
91648305686.0 460.0
91693059596.0 337.0
91717917261.0 97.0
91849704255.0 0.0
92094513435.0 123.0
92383224418.0 133.0
92399054815.0 210.0
92419202508.0 81.0
92506918031.0 244.0
92530697825.0 48.0
92607268160.0 251.0
92608521570.0 306.0
92698007187.0 0.0
92746855114.0 138.0
92769038715.0 82.0
92846345425.0 76.0
92928807016.0 35.0
92978060678.0 74.0
92983357109.0 188.0
93017794006.0 0.0
93063124782.0 182.0
93071013165.0 0.0
93077853097.0 221.0
93522872804.0 155.0
93661682387.0 82.0
93687954521.0 0.0
93697507243.0 301.0
93704017319.0 179.0
93740216741.0 147.0
93820162401.0 361.0
93912958578.0 48.0
93953268017.0 0.0
94037372195.0 115.0
94204252766.0 0.0
94204279371.0 279.0
94222395463.0 259.0
94357870840.0 409.0
94362394589.0 422.0
94453626657.0 463.0
94558393804.0 110.0
94594591144.0 135.0
94617858617.0 417.0
94728687581.0 101.0
94770379210.0 609.0
94783748784.0 57.0
94835704820.0 0.0
94841725869.0 0.0
94948704803.0 126.0
95069598012.0 373.0
95261850278.0 96.0
95262179552.0 210.0
95285311952.0 180.0
95442344896.0 77.0
95467150770.0 261.0
95599118883.0 52.0
95611916548.0 397.0
95638298293.0 118.0
95653729010.0 66.0
95698935287.0 75.0
95735895154.0 138.0
95740898754.0 269.0
95782677646.0 152.0
95802231535.0 294.0
95908408973.0 192.0
95909849985.0 563.0
95914337809.0 97.0
96010265603.0 200.0
96033007446.0 104.0
96078655259.0 286.0
96120887237.0 195.0
96124798302.0 80.0
96207875424.0 0.0
96222090541.0 130.0
96265602345.0 99.0
96287629207.0 137.0
96380503241.0 332.0
96421738527.0 91.0
96427124524.0 122.0
96439529459.0 118.0
96476941014.0 496.0
96588961508.0 33.0
96604512606.0 242.0
96678614329.0 143.0
96740408500.0 133.0
96845090064.0 318.0
96852243539.0 164.0
97000990945.0 30.0
97006952375.0 125.0
97038676482.0 83.0
97060747161.0 311.0
97135059902.0 370.0
97156523898.0 0.0
97174201389.0 30.0
97185458598.0 86.0
97318255134.0 79.0
97360811086.0 162.0
97413243124.0 77.0
97497696003.0 76.0
97526741621.0 142.0
97527148453.0 157.0
97557034860.0 0.0
97572387345.0 91.0
97728137939.0 66.0
97771301506.0 75.0
97812850572.0 216.0
97916307754.0 130.0
97927705240.0 196.0
97935184390.0 98.0
98102257962.0 62.0
98163982919.0 156.0
98204232316.0 39.0
98273516763.0 350.0
98274364649.0 233.0
98305443521.0 44.0
98414563905.0 86.0
98652306164.0 79.0
98670024321.0 239.0
98678367248.0 149.0
98693375277.0 81.0
98790972394.0 168.0
98901207086.0 0.0
99012502112.0 389.0
99128963671.0 87.0
99153651839.0 89.0
99220243112.0 264.0
99243732216.0 308.0
99253474351.0 139.0
99264576461.0 244.0
99266258411.0 100.0
99328504419.0 74.0
99420349363.0 260.0
99508412625.0 350.0
99524697813.0 75.0
99565218298.0 302.0
99585644252.0 192.0
99634091440.0 247.0
99634758494.0 103.0
99658598311.0 75.0
99669176818.0 82.0
99679404829.0 92.0
99703421023.0 302.0
99759848363.0 248.0
99761024125.0 109.0
99777227082.0 102.0
99825275072.0 355.0
99832756163.0 0.0
100006263412.0 90.0
100059002467.0 381.0
100094814522.0 120.0
100114707619.0 95.0
100172724868.0 57.0
100210762339.0 171.0
100295241849.0 150.0
100435728907.0 299.0
100520162788.0 382.0
100592196770.0 221.0
100613146218.0 460.0
100617113401.0 368.0
100627216529.0 97.0
100636897319.0 65.0
100721849751.0 79.0
100801086213.0 0.0
100828784226.0 279.0
100947822311.0 69.0
101021332055.0 382.0
101054423743.0 88.0
101063185186.0 392.0
101225405589.0 78.0
101243268516.0 106.0
101577745286.0 417.0
101643216994.0 109.0
101666461622.0 83.0
101684048643.0 103.0
101712833988.0 68.0
101744654286.0 105.0
101773298283.0 144.0
101875557388.0 188.0
101906522983.0 0.0
101909534539.0 296.0
101917093517.0 540.0
101928475873.0 71.0
101961949248.0 41.0
102061055995.0 113.0
102140446435.0 121.0
102154023941.0 155.0
102157194950.0 92.0
102348097589.0 404.0
102402187669.0 147.0
102483392945.0 167.0
102507946920.0 125.0
102512963266.0 143.0
102520927057.0 343.0
102663498176.0 137.0
102697047454.0 64.0
102747933456.0 156.0
102836592008.0 166.0
102865660072.0 108.0
102871238585.0 199.0
102962870136.0 0.0
103047990078.0 32.0
103067923630.0 598.0
103160148259.0 102.0
103386638085.0 260.0
103549594762.0 0.0
103603003668.0 66.0
103614226125.0 111.0
103650881054.0 81.0
103709968606.0 482.0
103712846968.0 90.0
103792722777.0 210.0
103819258555.0 101.0
103844247795.0 256.0
103881355445.0 409.0
103971509713.0 181.0
103996457212.0 338.0
104019628231.0 49.0
104041598068.0 92.0
104052457041.0 0.0
104193252812.0 314.0
104245614652.0 323.0
104265293259.0 182.0
104436667269.0 61.0
104468147417.0 108.0
104497884545.0 48.0
104526504943.0 42.0
104610900911.0 545.0
104635796570.0 115.0
104651423767.0 69.0
104762717350.0 315.0
104841402670.0 0.0
104914207518.0 196.0
104926554330.0 87.0
104976197978.0 65.0
104981938689.0 131.0
104986145761.0 66.0
105144415450.0 148.0
105150081396.0 81.0
105206464727.0 317.0
105244904140.0 105.0
105264649716.0 186.0
105297954856.0 177.0
105311251996.0 65.0
105433043961.0 150.0
105493501645.0 178.0
105518189169.0 198.0
105682481837.0 0.0
105695271850.0 202.0
105815824375.0 149.0
105936706803.0 29.0
105988168401.0 234.0
106029079633.0 295.0
106038942374.0 73.0
106235490582.0 275.0
106281053196.0 60.0
106354054096.0 137.0
106458410657.0 141.0
106596212020.0 333.0
106663113980.0 279.0
106663371929.0 120.0
106698803589.0 83.0
106717697850.0 138.0
106769619016.0 176.0
106795277289.0 40.0
106800308929.0 219.0
106857655443.0 466.0
106858446192.0 85.0
106886695856.0 361.0
106925396837.0 199.0
106965539733.0 130.0
107011218882.0 67.0
107068396339.0 135.0
107295747135.0 366.0
107351428712.0 85.0
107383631621.0 100.0
107397659643.0 88.0
107459379554.0 526.0
107492778481.0 55.0
107525779762.0 81.0
107525922987.0 47.0
107529801948.0 257.0
107540996894.0 66.0
107619892689.0 427.0
107636780034.0 170.0
107668434200.0 91.0
107705941663.0 488.0
107720872971.0 166.0
107734516401.0 273.0
108044993927.0 103.0
108114977693.0 103.0
108115671462.0 0.0
108156080160.0 168.0
108169605194.0 34.0
108174365114.0 80.0
108350837984.0 101.0
108413702325.0 101.0
108438236627.0 386.0
108483655964.0 151.0
108629584390.0 313.0
108768721832.0 76.0
108850801325.0 378.0
108900088157.0 311.0
108966043182.0 72.0
108968687382.0 306.0
108970363547.0 113.0
108987600175.0 457.0
109025013032.0 87.0
109056040904.0 395.0
109133553324.0 411.0
109306467395.0 216.0
109374870727.0 517.0
109376669093.0 91.0
109384307024.0 80.0
109451624898.0 281.0
109544991738.0 72.0
109598191748.0 79.0
109625178948.0 88.0
109677352209.0 363.0
109680208864.0 94.0
109682996354.0 79.0
109771784540.0 135.0
109818719862.0 162.0
109820701005.0 389.0
109821697038.0 150.0
109866282575.0 195.0
109880056650.0 0.0
109901397496.0 83.0
109912266374.0 175.0
109963768344.0 82.0
110041942764.0 34.0
110074140932.0 561.0
110164761104.0 97.0
110233247372.0 129.0
110284250796.0 103.0
110337717102.0 384.0
110364427858.0 572.0
110442442095.0 123.0
110511683728.0 222.0
110528180302.0 98.0
110543453884.0 216.0
110570284377.0 574.0
110589477433.0 69.0
110681349172.0 119.0
110687538242.0 342.0
110802706903.0 303.0
110822750166.0 68.0
110869604544.0 316.0
110932544128.0 172.0
110960019181.0 138.0
110999731107.0 143.0
111005444348.0 106.0
111141363528.0 262.0
111143550779.0 121.0
111161786720.0 85.0
111291189203.0 39.0
111330862680.0 270.0
111423625465.0 53.0
111498118706.0 82.0
111500569605.0 118.0
111555361739.0 106.0
111699034825.0 424.0
111818838584.0 109.0
111866097154.0 97.0
111968087493.0 290.0
111975692775.0 404.0
112123927414.0 0.0
112180308697.0 213.0
112259163909.0 90.0
112391170776.0 86.0
112398872297.0 90.0
112468397459.0 92.0
112471902603.0 362.0
112480490566.0 44.0
112526844091.0 124.0
112665416576.0 70.0
112678248354.0 398.0
112680444601.0 294.0
112700798793.0 161.0
112727600305.0 99.0
112760283009.0 272.0
112822253170.0 127.0
112838656377.0 236.0
112890598613.0 91.0
113033868739.0 119.0
113041164915.0 0.0
113093277901.0 92.0
113214743286.0 211.0
113262802479.0 410.0
113276876486.0 58.0
113429368498.0 121.0
113605211423.0 76.0
113622432887.0 66.0
113725204420.0 107.0
113749704647.0 156.0
113797801684.0 529.0
113823294333.0 145.0
113830528036.0 91.0
113850853076.0 329.0
114150881983.0 394.0
114170404017.0 465.0
114195122974.0 378.0
114236755609.0 108.0
114284194246.0 78.0
114389152913.0 103.0
114400681922.0 138.0
114431570789.0 76.0
114476992782.0 234.0
114500412302.0 471.0
114542700520.0 206.0
114618297297.0 133.0
114644430140.0 0.0
114703321129.0 117.0
114743145956.0 83.0
114778193900.0 282.0
114839203621.0 0.0
114920511077.0 0.0
114963717487.0 205.0
115031019168.0 314.0
115085513567.0 368.0
115138996077.0 395.0
115150169244.0 103.0
115197039211.0 73.0
115315511496.0 47.0
115343805689.0 124.0
115411931981.0 173.0
115416534681.0 109.0
115511012787.0 73.0
115549398788.0 65.0
115602591103.0 76.0
115687230565.0 571.0
115703218415.0 67.0
115706575804.0 280.0
115729840568.0 236.0
115746358657.0 91.0
115749070919.0 391.0
115841516319.0 90.0
115858390260.0 109.0
115921762675.0 179.0
115967710372.0 114.0
116068046524.0 377.0
116077145058.0 245.0
116083671362.0 143.0
116096352271.0 104.0
116159781851.0 602.0
116160739523.0 375.0
116181935346.0 0.0
116195228502.0 109.0
116253128212.0 149.0
116253271404.0 88.0
116327211470.0 72.0
116596839120.0 401.0
116640957243.0 437.0
116730787377.0 338.0
116781518521.0 0.0
116851143000.0 122.0
116970450372.0 210.0
116987007894.0 132.0
117030394954.0 52.0
117073515167.0 81.0
117108986448.0 251.0
117204977050.0 107.0
117264759208.0 435.0
117504624190.0 110.0
117577002321.0 153.0
117791391165.0 198.0
117950182895.0 304.0
118329418886.0 235.0
118339569863.0 79.0
118340800581.0 139.0
118381586727.0 75.0
118405249220.0 71.0
118406061713.0 131.0
118423633784.0 140.0
118456361307.0 381.0
118559777732.0 246.0
118598617682.0 93.0
118652621895.0 316.0
118653404330.0 52.0
118654594635.0 88.0
118827541792.0 369.0
118929627891.0 299.0
118971845963.0 63.0
119086927790.0 55.0
119185751151.0 123.0
119199346145.0 285.0
119215045355.0 141.0
119302573135.0 147.0
119400146599.0 99.0
119648907902.0 34.0
119763424788.0 102.0
119798926243.0 29.0
119859535830.0 102.0
119865700837.0 68.0
119893566292.0 452.0
119899878795.0 212.0
119908035218.0 325.0
119938475175.0 472.0
120126934665.0 60.0
120160324418.0 305.0
120166302205.0 161.0
120205599172.0 57.0
120375069859.0 305.0
120407148905.0 423.0
120416044354.0 119.0
120678305993.0 88.0
120706705063.0 37.0
120733287334.0 88.0
120759213362.0 47.0
120763949453.0 104.0
120835714704.0 70.0
120883344116.0 181.0
120931534186.0 0.0
120940028817.0 122.0
120961938117.0 124.0
120997256800.0 381.0
120997392064.0 134.0
121052172690.0 170.0
121096687101.0 524.0
121176207036.0 221.0
121176974393.0 76.0
121207170276.0 368.0
121208173038.0 119.0
121265197940.0 117.0
121303062190.0 118.0
121414113403.0 50.0
121453775067.0 390.0
121529243922.0 76.0
121542133137.0 258.0
121555040195.0 242.0
121556536724.0 66.0
121562952405.0 80.0
121596177548.0 389.0
121624707651.0 87.0
121663703230.0 194.0
121694496017.0 96.0
121765121884.0 134.0
121851348231.0 249.0
121864261746.0 75.0
121894460251.0 116.0
122029701057.0 221.0
122119890959.0 149.0
122150203627.0 457.0
122161162247.0 547.0
122321316775.0 400.0
122401101548.0 36.0
122456063717.0 481.0
122465492634.0 0.0
122470071416.0 372.0
122512902715.0 105.0
122531562201.0 52.0
122722936858.0 81.0
122761212741.0 187.0
122811644233.0 101.0
122880139797.0 144.0
122929451776.0 397.0
123002152453.0 490.0
123082493602.0 64.0
123106463010.0 74.0
123147951500.0 142.0
123159715573.0 165.0
123187719396.0 74.0
123369866566.0 280.0
123425985570.0 223.0
123449431673.0 302.0
123449474322.0 92.0
123554925969.0 199.0
123616279482.0 407.0
123620984694.0 103.0
123721845108.0 0.0
123817547988.0 369.0
123912150130.0 405.0
123940308374.0 92.0
124025321982.0 136.0
124116252948.0 257.0
124189717922.0 75.0
124250039031.0 307.0
124297983696.0 87.0
124337588560.0 58.0
124366798615.0 478.0
124372857667.0 129.0
124455925597.0 454.0
124458129678.0 71.0
124673974109.0 136.0
124691320789.0 76.0
124718672727.0 61.0
124746876005.0 398.0
124818630622.0 126.0
124869911596.0 76.0
124920779404.0 378.0
124973195618.0 385.0
124987173689.0 357.0
125083775564.0 99.0
125110832313.0 332.0
125147394914.0 544.0
125163289697.0 78.0
125231436398.0 220.0
125330209902.0 75.0
125333971529.0 84.0
125362638682.0 178.0
125394369115.0 119.0
125416095576.0 389.0
125421097769.0 84.0
125531850213.0 99.0
125564444982.0 70.0
125625147549.0 300.0
125748148839.0 65.0
125858702144.0 99.0
125899829600.0 96.0
125902547654.0 90.0
125962526022.0 166.0
125985817466.0 29.0
126062554242.0 154.0
126069945218.0 143.0
126117970908.0 152.0
126223651955.0 62.0
126232231834.0 294.0
126348161638.0 101.0
126396769198.0 0.0
126440474316.0 46.0
126477805635.0 78.0
126553181319.0 164.0
126557014376.0 212.0
126599541451.0 0.0
126632644924.0 151.0
126673528517.0 351.0
126696806072.0 93.0
126716916400.0 55.0
126737519608.0 76.0
126757304138.0 172.0
126771602089.0 131.0
126894603779.0 138.0
126914517147.0 61.0
126960150100.0 490.0
126984411213.0 165.0
126985965409.0 108.0
127168769295.0 376.0
127238289745.0 609.0
127325981830.0 55.0
127337307556.0 280.0
127344168561.0 148.0
127398435952.0 142.0
127428966008.0 397.0
127475253380.0 115.0
127513128337.0 336.0
127517665842.0 244.0
127540654465.0 148.0
127555589097.0 225.0
127609798830.0 100.0
127636567661.0 135.0
127694768512.0 69.0
127712937411.0 129.0
127737758821.0 76.0
127799520965.0 324.0
127806503726.0 487.0
127853891897.0 91.0
127865999680.0 261.0
127887751855.0 546.0
127948457255.0 437.0
127961779829.0 103.0
128096022045.0 189.0
128237095873.0 358.0
128302600601.0 127.0
128330211168.0 128.0
128345214460.0 166.0
128448397176.0 53.0
128458441810.0 94.0
128494916909.0 293.0
128553423286.0 52.0
128581543744.0 502.0
128605587668.0 53.0
128699835657.0 270.0
128731526497.0 77.0
128735856088.0 112.0
128833964756.0 121.0
128849049898.0 87.0
128891615798.0 339.0
129016435474.0 66.0
129137059553.0 91.0
129261766362.0 373.0
129319549844.0 0.0
129323696493.0 0.0
129518548001.0 199.0
129621236905.0 0.0
129626069125.0 136.0
129655481982.0 55.0
129703493732.0 82.0
129745709949.0 269.0
129797565953.0 346.0
129806611206.0 32.0
129911975789.0 47.0
129941030117.0 101.0
129943494090.0 141.0
130012126769.0 225.0
130018871501.0 83.0
130024680705.0 161.0
130081142296.0 490.0
130120805830.0 87.0
130121878531.0 182.0
130157605311.0 133.0
130209629025.0 373.0
130291957474.0 360.0
130413202529.0 179.0
130449482372.0 43.0
130528729506.0 294.0
130542580145.0 245.0
130557427348.0 174.0
130691220970.0 130.0
130691438789.0 111.0
130714233308.0 252.0
130768156604.0 179.0
130858942449.0 506.0
130883881714.0 82.0
130937408266.0 135.0
131007366030.0 128.0
131079695342.0 379.0
131157460904.0 243.0
131170019907.0 340.0
131217584514.0 396.0
131242669042.0 308.0
131283357653.0 350.0
131369797521.0 131.0
131377049148.0 55.0
131379429999.0 237.0
131395299564.0 489.0
131438869843.0 55.0
131490479065.0 120.0
131498613352.0 203.0
131539164588.0 156.0
131548196517.0 367.0
131617638562.0 316.0
131684757755.0 54.0
131811931419.0 77.0
131837474334.0 0.0
131854672556.0 74.0
131911965664.0 107.0
131985955883.0 84.0
132149991802.0 89.0
132170450809.0 33.0
132184214569.0 184.0
132250886411.0 111.0
132431578310.0 362.0
132459111655.0 122.0
132537444815.0 134.0
132577019103.0 209.0
132588645901.0 246.0
132603588059.0 110.0
132612016586.0 273.0
132637846844.0 380.0
132751253636.0 140.0
132798304192.0 96.0
132811251358.0 311.0
132847592412.0 107.0
132874137170.0 0.0
132965094185.0 113.0
133055571317.0 104.0
133060335377.0 417.0
133117377073.0 301.0
133126463353.0 93.0
133244861049.0 280.0
133294374439.0 378.0
133311247447.0 465.0
133311330728.0 129.0
133317525888.0 201.0
133328552709.0 0.0
133331472478.0 180.0
133364124843.0 378.0
133367460798.0 138.0
133377272347.0 0.0
133456340286.0 156.0
133459758664.0 416.0
133514441267.0 386.0
133535698168.0 321.0
133587841229.0 135.0
133694713192.0 406.0
133695372387.0 341.0
133697792244.0 181.0
133805855083.0 95.0
133900478723.0 444.0
133943858325.0 80.0
133967012287.0 0.0
134024925098.0 104.0
134066707066.0 100.0
134116983323.0 84.0
134119629292.0 96.0
134238209610.0 143.0
134286146838.0 135.0
134426000655.0 113.0
134503566076.0 467.0
134551157784.0 78.0
134569421439.0 108.0
134673333738.0 114.0
134713281918.0 284.0
134745326573.0 113.0
134856650613.0 113.0
134871369919.0 66.0
134915780226.0 146.0
134915884001.0 406.0
134976959799.0 284.0
135010341912.0 84.0
135012032064.0 73.0
135172208281.0 397.0
135222340353.0 226.0
135239224910.0 145.0
135250539510.0 477.0
135274821786.0 246.0
135321233298.0 93.0
135324669959.0 390.0
135344216274.0 75.0
135374723260.0 41.0
135417392082.0 317.0
135509643346.0 196.0
135640340817.0 72.0
135651073345.0 241.0
135937146882.0 317.0
136087528238.0 316.0
136169391695.0 145.0
136197853131.0 540.0
136243719413.0 23.0
136277833795.0 0.0
136291020258.0 475.0
136301195666.0 331.0
136307912063.0 470.0
136362998619.0 136.0
136393788754.0 143.0
136427775967.0 108.0
136471729438.0 83.0
136492844499.0 229.0
136544042136.0 400.0
136581131488.0 41.0
136642616155.0 93.0
136665485220.0 296.0
136676740604.0 98.0
136762990971.0 289.0
136785739183.0 0.0
136801190782.0 117.0
136809876508.0 253.0
136937367937.0 185.0
136941357379.0 95.0
136992122699.0 27.0
137026669852.0 411.0
137097699882.0 184.0
137221847757.0 315.0
137271307518.0 345.0
137290728479.0 47.0
137302136441.0 320.0
137343456186.0 277.0
137363788059.0 0.0
137445833102.0 102.0
137448672816.0 180.0
137476274514.0 146.0
137491392949.0 135.0
137540142186.0 345.0
137571862491.0 0.0
137741541692.0 129.0
137764167009.0 91.0
137908124812.0 164.0
137955054655.0 70.0
137980147038.0 287.0
137985172537.0 183.0
138031549389.0 304.0
138089487606.0 85.0
138107729020.0 70.0
138134232097.0 0.0
138151923049.0 68.0
138293450116.0 495.0
138379911262.0 617.0
138447719107.0 122.0
138462314264.0 155.0
138505759101.0 45.0
138571903079.0 434.0
138576019418.0 104.0
138603401076.0 91.0
138611827032.0 511.0
138617523367.0 84.0
138644094836.0 117.0
138684512492.0 118.0
138701089674.0 101.0
138753256521.0 122.0
138877793678.0 0.0
138997005470.0 35.0
139008512038.0 0.0
139068840998.0 356.0
139105282679.0 185.0
139217567886.0 171.0
139247932118.0 310.0
139260590720.0 148.0
139312276504.0 386.0
139455169425.0 0.0
139507251251.0 610.0
139529242219.0 182.0
139543317418.0 0.0
139551313279.0 102.0
139552221916.0 71.0
139561741992.0 0.0
139677577308.0 476.0
139740391687.0 257.0
139786143929.0 331.0
139892505373.0 0.0
140151756959.0 65.0
140222919216.0 192.0
140239316506.0 84.0
140291471445.0 0.0
140339845716.0 130.0
140374938243.0 305.0
140613154937.0 238.0
140767778335.0 472.0
140785704141.0 257.0
140797066093.0 96.0
140850242866.0 297.0
141017110775.0 109.0
141018445238.0 51.0
141083486475.0 0.0
141152955475.0 152.0
141219602176.0 120.0
141414139012.0 264.0
141455914955.0 108.0
141534300512.0 108.0
141579388070.0 153.0
141612575110.0 107.0
141760105772.0 314.0
141774444300.0 151.0
141821540828.0 531.0
141892589209.0 403.0
141948090153.0 183.0
142036612966.0 424.0
142081273498.0 131.0
142106077156.0 158.0
142170274257.0 379.0
142193695680.0 112.0
142226622453.0 387.0
142281620171.0 375.0
142453073865.0 0.0
142579723118.0 103.0
142704094932.0 116.0
142708855649.0 53.0
142713004539.0 41.0
142811859095.0 90.0
142811987264.0 334.0
142889491653.0 405.0
142908142439.0 127.0
142908757991.0 398.0
142915017079.0 172.0
143033605204.0 75.0
143043811132.0 123.0
143311269315.0 126.0
143349212572.0 118.0
143368901259.0 170.0
143407987362.0 258.0
143598745439.0 56.0
143642216547.0 71.0
143781632768.0 69.0
143804135577.0 68.0
143873022139.0 0.0
143916731540.0 90.0
143986914281.0 366.0
144083071400.0 69.0
144108541931.0 532.0
144147243317.0 326.0
144204794155.0 97.0
144229902062.0 85.0
144236833892.0 57.0
144289299909.0 94.0
144367002765.0 612.0
144367103087.0 66.0
144458743990.0 246.0
144483581302.0 103.0
144532396148.0 283.0
144550415146.0 0.0
144581573467.0 80.0
144583042026.0 210.0
144655607497.0 101.0
144741253372.0 327.0
144856076153.0 126.0
144856432339.0 319.0
144997588524.0 488.0
145008808980.0 131.0
145013173822.0 610.0
145035083789.0 58.0
145055253086.0 282.0
145107357807.0 45.0
145169251889.0 93.0
145172209364.0 345.0
145229224664.0 109.0
145289680098.0 74.0
145317367975.0 178.0
145483836850.0 170.0
145493959221.0 313.0
145498277855.0 169.0
145539707936.0 308.0
145599273574.0 219.0
145602933353.0 321.0
145639017105.0 86.0
145640710050.0 76.0
145644103323.0 54.0
145680521640.0 71.0
145761357755.0 140.0
145832210507.0 180.0
145853485475.0 153.0
145878687989.0 135.0
145961280788.0 387.0
145976681120.0 383.0
146056958302.0 154.0
146086832040.0 311.0
146090544079.0 50.0
146099814121.0 165.0
146105532373.0 163.0
146109729728.0 314.0
146149307351.0 99.0
146323408641.0 316.0
146376106385.0 0.0
146419486324.0 0.0
146446736230.0 77.0
146515301108.0 98.0
146673376833.0 393.0
146727334948.0 597.0
146868318119.0 381.0
146908650323.0 465.0
146916070022.0 121.0
146938721278.0 97.0
147008456187.0 342.0
147018081182.0 21.0
147029273901.0 378.0
147063510398.0 250.0
147106652867.0 229.0
147113026939.0 36.0
147149960719.0 109.0
147282365061.0 95.0
147323656311.0 81.0
147421998924.0 285.0
147426454330.0 80.0
147434423456.0 133.0
147468963536.0 72.0
147478561095.0 109.0
147519366477.0 600.0
147566495564.0 276.0
147655147905.0 0.0
147866982265.0 80.0
148021881841.0 81.0
148048011158.0 582.0
148112952808.0 190.0
148122690866.0 207.0
148305092273.0 184.0
148308586174.0 215.0
148315433492.0 221.0
148501153934.0 0.0
148544812974.0 140.0
148625623092.0 86.0
148793675667.0 327.0
149307265138.0 75.0
149314837740.0 382.0
149354832152.0 103.0
149410123067.0 109.0
149497234219.0 282.0
149623139379.0 117.0
149635170544.0 157.0
149662655908.0 219.0
149693508396.0 270.0
149696937071.0 155.0
149715160885.0 156.0
149888901599.0 93.0
149940295459.0 63.0
149972475167.0 177.0
149983447062.0 136.0
150009091005.0 365.0
150020592830.0 51.0
150025231335.0 301.0
150119976711.0 104.0
150157576906.0 374.0
150182973244.0 150.0
150276124662.0 38.0
150340789793.0 106.0
150355679879.0 311.0
150408827853.0 243.0
150415564036.0 362.0
150498147573.0 126.0
150595510527.0 84.0
150633999882.0 408.0
150714836005.0 309.0
150762000155.0 104.0
150769989544.0 84.0
150786475434.0 306.0
150875322227.0 245.0
150880613304.0 361.0
150901745353.0 285.0
150925363385.0 429.0
150980832707.0 73.0
150981000374.0 105.0
151040686481.0 0.0
151060394600.0 31.0
151178529371.0 401.0
151192088514.0 107.0
151267542003.0 118.0
151370605313.0 81.0
151407771239.0 136.0
151415713692.0 106.0
151421965764.0 373.0
151462221284.0 105.0
151481032917.0 254.0
151510798948.0 66.0
151668193058.0 176.0
151738038326.0 371.0
151767358501.0 123.0
151784070115.0 105.0
151881203794.0 96.0
151974480811.0 66.0
152027886243.0 247.0
152137024752.0 341.0
152164048404.0 43.0
152247430262.0 200.0
152315461873.0 310.0
152347896023.0 327.0
152374574748.0 95.0
152418286716.0 24.0
152525982956.0 203.0
152534461450.0 375.0
152540766310.0 168.0
152540932845.0 371.0
152550323432.0 134.0
152637803270.0 268.0
152681840031.0 364.0
152732583564.0 181.0
152733049039.0 102.0
152746449882.0 91.0
152747870652.0 434.0
152795380847.0 312.0
152813557148.0 405.0
152922072748.0 255.0
152987845545.0 371.0
153215890176.0 80.0
153302974051.0 364.0
153411635943.0 313.0
153451366527.0 327.0
153459142263.0 237.0
153481273182.0 402.0
153593367528.0 41.0
153608409430.0 0.0
153763908220.0 140.0
153841244308.0 423.0
153895535575.0 372.0
153902700001.0 93.0
153916276026.0 405.0
153936554834.0 78.0
154022522248.0 0.0
154081457759.0 117.0
154139328227.0 428.0
154141230110.0 374.0
154186739337.0 94.0
154201227005.0 133.0
154276852836.0 81.0
154299302601.0 50.0
154316716605.0 331.0
154431143970.0 203.0
154508819600.0 115.0
154531403439.0 96.0
154618783077.0 107.0
154636610932.0 93.0
154675813211.0 64.0
154775522496.0 86.0
154823307823.0 298.0
154933415902.0 469.0
154940773947.0 353.0
154987211074.0 114.0
154993423964.0 116.0
155015707724.0 319.0
155051233898.0 310.0
155068275850.0 126.0
155114065955.0 52.0
155158507553.0 170.0
155200190241.0 362.0
155244828461.0 244.0
155246414488.0 516.0
155259187201.0 210.0
155328611622.0 105.0
155356909679.0 290.0
155387389777.0 311.0
155464538448.0 337.0
155478327858.0 290.0
155559822549.0 131.0
155563133331.0 74.0
155678269684.0 243.0
155735899223.0 97.0
155748460706.0 24.0
155800431296.0 59.0
155822977527.0 97.0
155846760355.0 322.0
155901103906.0 435.0
156050041220.0 534.0
156130236263.0 202.0
156142428891.0 60.0
156225705198.0 85.0
156370197012.0 119.0
156519265954.0 127.0
156570533276.0 111.0
156701669568.0 89.0
156741217166.0 0.0
156746650063.0 354.0
156753032726.0 325.0
156763642930.0 138.0
156769376276.0 147.0
156880357709.0 545.0
156897004971.0 60.0
156909353740.0 89.0
157003383974.0 358.0
157048002033.0 70.0
157174231490.0 177.0
157192124004.0 277.0
157313824065.0 53.0
157375065836.0 211.0
157387419165.0 64.0
157397147142.0 67.0
157464264729.0 370.0
157520519368.0 237.0
157660010689.0 0.0
157770931976.0 69.0
157871908604.0 139.0
157888796385.0 113.0
157894416793.0 78.0
158113345701.0 81.0
158202750360.0 112.0
158205026388.0 103.0
158309077470.0 432.0
158386886936.0 470.0
158476665336.0 212.0
158507930453.0 258.0
158509956918.0 104.0
158538193317.0 64.0
158662002274.0 0.0
158721003610.0 182.0
158743879768.0 293.0
158992362600.0 305.0
158997031466.0 45.0
159147465840.0 238.0
159265580995.0 69.0
159347955968.0 185.0
159362333031.0 30.0
159490351795.0 0.0
159495404349.0 56.0
159577895756.0 124.0
159642551095.0 503.0
159712362368.0 160.0
159953697839.0 182.0
159998943001.0 54.0
160011491523.0 376.0
160242052655.0 274.0
160283343959.0 443.0
160294907739.0 150.0
160405236031.0 367.0
160439535443.0 528.0
160471292669.0 107.0
160507792508.0 63.0
160590304898.0 67.0
160673300153.0 406.0
160706569927.0 184.0
160747461367.0 464.0
160760331401.0 156.0
160819022024.0 262.0
160901297068.0 219.0
160932211732.0 85.0
160955346610.0 41.0
161075101504.0 42.0
161181598284.0 235.0
161208424510.0 109.0
161216816599.0 200.0
161343113902.0 120.0
161365640243.0 101.0
161477509082.0 83.0
161519158161.0 87.0
161565356177.0 237.0
161842209773.0 404.0
161866734788.0 193.0
161944210172.0 395.0
162027579126.0 387.0
162067981726.0 122.0
162122729351.0 40.0
162132622239.0 22.0
162186973874.0 581.0
162236619636.0 132.0
162290715874.0 69.0
162309813390.0 118.0
162340458689.0 0.0
162359493158.0 364.0
162447871874.0 451.0
162457717840.0 523.0
162478167990.0 90.0
162496863233.0 229.0
162550676924.0 324.0
162564417378.0 221.0
162592904686.0 163.0
162663742241.0 47.0
162700785018.0 168.0
162730206341.0 108.0
162805422803.0 126.0
162923732128.0 276.0
162978711032.0 405.0
162995426782.0 228.0
163079674501.0 380.0
163288193975.0 214.0
163301309021.0 376.0
163344111796.0 119.0
163419964552.0 137.0
163561466092.0 0.0
163650832198.0 97.0
163760573159.0 72.0
163767119899.0 314.0
163813693844.0 65.0
163819300340.0 117.0
163830981000.0 104.0
163856707589.0 109.0
163919859121.0 169.0
163937659519.0 245.0
164045829406.0 114.0
164082773769.0 154.0
164272432029.0 420.0
164325238391.0 403.0
164435930408.0 63.0
164519278366.0 363.0
164553404032.0 81.0
164589356469.0 159.0
164631331560.0 371.0
164802410081.0 95.0
164822944608.0 41.0
164891660578.0 0.0
164986213664.0 303.0
165267638662.0 44.0
165302447984.0 92.0
165314907985.0 125.0
165367367181.0 87.0
165414851899.0 246.0
165418426687.0 77.0
165478816123.0 245.0
165492854918.0 319.0
165549060605.0 145.0
165593656251.0 259.0
165600184957.0 130.0
165636179664.0 0.0
165641559420.0 306.0
165692342115.0 0.0
165707775342.0 0.0
165708864921.0 485.0
165753409752.0 110.0
165790743250.0 168.0
165824413359.0 290.0
165887000088.0 523.0
165911940772.0 356.0
165919625277.0 320.0
166034865416.0 161.0
166274012756.0 158.0
166482256981.0 450.0
166568902476.0 222.0
166615009635.0 291.0
166630541040.0 386.0
166680586224.0 50.0
166693439893.0 444.0
166730608847.0 285.0
166730659984.0 119.0
166737937558.0 116.0
166743637998.0 204.0
166745836442.0 130.0
166751584337.0 97.0
166781154488.0 57.0
166875040406.0 388.0
166926021963.0 38.0
166934069739.0 280.0
166986305957.0 359.0
167003729535.0 386.0
167136987060.0 37.0
167150445773.0 306.0
167153582456.0 0.0
167215004396.0 140.0
167253720350.0 452.0
167264633754.0 112.0
167296692453.0 0.0
167333350024.0 151.0
167401435936.0 117.0
167412132702.0 82.0
167432849922.0 369.0
167476869121.0 145.0
167478497659.0 89.0
167521358581.0 158.0
167535227609.0 352.0
167563891734.0 424.0
167622842114.0 417.0
167645165528.0 439.0
167812799280.0 429.0
167877961159.0 186.0
167884591481.0 77.0
168010627394.0 321.0
168047317076.0 172.0
168151256500.0 87.0
168313621364.0 137.0
168332860366.0 82.0
168439881968.0 187.0
168446778553.0 124.0
168549705926.0 137.0
168560132019.0 75.0
168593974962.0 0.0
168703468409.0 126.0
168716062116.0 167.0
168833341674.0 106.0
168899093504.0 141.0
168910983926.0 97.0
169010997784.0 236.0
169078903034.0 129.0
169254366598.0 102.0
169354792432.0 270.0
169385185975.0 192.0
169417361839.0 392.0
169450289139.0 367.0
169500686158.0 329.0
169520007528.0 84.0
169578756400.0 0.0
169677131859.0 97.0
169686945308.0 125.0
169899083569.0 279.0
169907273349.0 119.0
169956050918.0 127.0
170066163763.0 213.0
170105720450.0 94.0
170168126972.0 85.0
170194377104.0 126.0
170197421156.0 0.0
170220512303.0 145.0
170325974209.0 49.0
170406917432.0 108.0
170415612615.0 286.0
170548379156.0 94.0
170667036515.0 90.0
170669987365.0 52.0
170690665515.0 182.0
170716926330.0 51.0
170782562869.0 245.0
170895590136.0 0.0
170905657484.0 45.0
170926938384.0 0.0
170941879198.0 29.0
170966848234.0 117.0
170982215208.0 118.0
171011685461.0 127.0
171030667652.0 117.0
171048432040.0 145.0
171076793173.0 438.0
171108469117.0 375.0
171200147158.0 404.0
171220331905.0 146.0
171228344768.0 211.0
171297684369.0 144.0
171351265842.0 116.0
171461260812.0 213.0
171471953288.0 0.0
171514077933.0 47.0
171526406131.0 288.0
171527722906.0 129.0
171550618248.0 83.0
171753665552.0 321.0
171771574266.0 172.0
171784930415.0 93.0
171807159419.0 334.0
171820972069.0 376.0
171877547810.0 102.0
171905854543.0 143.0
171947946473.0 112.0
171988215013.0 110.0
171994259004.0 374.0
172045274866.0 139.0
172133859289.0 75.0
172210503030.0 297.0
172216200571.0 129.0
172237458171.0 198.0
172344226566.0 96.0
172416777637.0 151.0
172519800082.0 0.0
172543803045.0 106.0
172614516689.0 37.0
172629498131.0 106.0
172669842567.0 100.0
172674211747.0 370.0
172680507123.0 115.0
172709640530.0 75.0
172838905392.0 461.0
172868782072.0 368.0
172891362849.0 63.0
172932564144.0 457.0
173132254492.0 103.0
173169294192.0 99.0
173215265003.0 380.0
173261735773.0 73.0
173302984652.0 355.0
173368104522.0 99.0
173467077890.0 395.0
173538967716.0 68.0
173624110451.0 141.0
173724570971.0 117.0
173751077222.0 124.0
173829990469.0 241.0
173923064257.0 114.0
173930014893.0 314.0
173947229983.0 104.0
173947604751.0 247.0
173963393788.0 237.0
174002342715.0 0.0
174010490211.0 433.0
174043538365.0 161.0
174139148922.0 134.0
174239179951.0 165.0
174249874639.0 414.0
174310354128.0 138.0
174348493294.0 404.0
174358333560.0 213.0
174375693246.0 110.0
174427120891.0 60.0
174439540048.0 345.0
174462650380.0 109.0
174585764766.0 110.0
174635215130.0 316.0
174684230292.0 88.0
174693628389.0 269.0
174708668050.0 57.0
174724049085.0 96.0
174735415801.0 380.0
174745627498.0 349.0
174805847186.0 0.0
174857696294.0 189.0
175020187520.0 550.0
175027123092.0 201.0
175076885505.0 0.0
175097756645.0 111.0
175101922036.0 46.0
175412975646.0 0.0
175421941546.0 70.0
175451533027.0 409.0
175483795544.0 396.0
175518482333.0 48.0
175596264652.0 457.0
175617598383.0 98.0
175621395011.0 128.0
175653886141.0 103.0
175767527992.0 201.0
175850850540.0 107.0
175872821048.0 109.0
175886836984.0 108.0
175930161606.0 312.0
176003668193.0 154.0
176043315934.0 0.0
176093359460.0 498.0
176096269260.0 103.0
176103807780.0 392.0
176110549732.0 353.0
176136449054.0 199.0
176174658139.0 127.0
176199735340.0 387.0
176219911589.0 184.0
176285533171.0 381.0
176304653364.0 310.0
176477378324.0 236.0
176634030573.0 150.0
176653462082.0 273.0
176664210434.0 70.0
176849913255.0 319.0
176865498209.0 504.0
176899335592.0 87.0
176926643216.0 437.0
176988954837.0 175.0
177061619615.0 198.0
177063801576.0 91.0
177068180573.0 110.0
177148502363.0 379.0
177211084529.0 105.0
177239587938.0 73.0
177291706622.0 76.0
177305038634.0 107.0
177308709608.0 89.0
177320731302.0 309.0
177360474865.0 599.0
177486675696.0 0.0
177497085542.0 143.0
177516244933.0 293.0
177602650753.0 388.0
177628321040.0 177.0
177674312274.0 90.0
177695079764.0 131.0
177724250169.0 123.0
177747530022.0 92.0
177774921501.0 371.0
177846934182.0 147.0
177853473730.0 167.0
177871141069.0 303.0
177956344061.0 142.0
177982207066.0 31.0
178088930492.0 99.0
178251056146.0 104.0
178261729562.0 130.0
178323747177.0 134.0
178461208708.0 167.0
178498379321.0 70.0
178518976803.0 213.0
178540961483.0 302.0
178568227796.0 575.0
178583680196.0 35.0
178787977906.0 120.0
178814050487.0 495.0
178840314368.0 136.0
178937620068.0 38.0
178955798653.0 153.0
179017429680.0 140.0
179134863122.0 423.0
179205989279.0 284.0
179210667467.0 85.0
179229036780.0 92.0
179233407955.0 91.0
179289553069.0 120.0
179297420877.0 195.0
179326370088.0 430.0
179369105602.0 46.0
179409139131.0 200.0
179480600159.0 214.0
179508313426.0 178.0
179528256646.0 153.0
179557708381.0 163.0
179578901503.0 212.0
179648243779.0 0.0
179682196932.0 83.0
179704779313.0 137.0
179707742143.0 142.0
179870773335.0 99.0
179879824459.0 0.0
179920826002.0 0.0
179933203033.0 160.0
180022610474.0 90.0
180070388990.0 101.0
180117350915.0 375.0
180125689493.0 516.0
180222399399.0 162.0
180288905548.0 75.0
180334950709.0 174.0
180342030564.0 315.0
180459256655.0 247.0
180509076283.0 350.0
180515169958.0 82.0
180545824613.0 538.0
180629950477.0 381.0
180790554566.0 225.0
180804081947.0 468.0
180888549502.0 80.0
180906633858.0 164.0
180950695536.0 187.0
180955744069.0 75.0
181084109021.0 126.0
181129334616.0 131.0
181138971828.0 0.0
181150000905.0 363.0
181161113874.0 63.0
181166237863.0 0.0
181168168572.0 125.0
181194867416.0 140.0
181213270252.0 0.0
181218856461.0 293.0
181291183161.0 79.0
181310614487.0 56.0
181336258639.0 360.0
181434256179.0 44.0
181621068949.0 362.0
181643449254.0 291.0
181665270394.0 141.0
181730567562.0 149.0
181802458019.0 24.0
181890039549.0 118.0
181903224794.0 72.0
181914448236.0 325.0
181935831437.0 434.0
181952354551.0 386.0
182030451125.0 297.0
182168551080.0 405.0
182219116284.0 364.0
182232563997.0 149.0
182366664995.0 172.0
182425567949.0 343.0
182565221784.0 400.0
182613038260.0 444.0
182629250801.0 370.0
182825771656.0 160.0
182930850792.0 111.0
182932174535.0 117.0
183021116692.0 566.0
183088607903.0 130.0
183093808171.0 70.0
183163210548.0 395.0
183225741322.0 74.0
183248641581.0 158.0
183366113891.0 395.0
183396937196.0 255.0
183488773339.0 156.0
183547785048.0 175.0
183601654070.0 363.0
183610641851.0 79.0
183663627594.0 115.0
183740786373.0 265.0
183745440753.0 0.0
183816317569.0 100.0
183966337868.0 98.0
184038039183.0 90.0
184090223983.0 73.0
184231454038.0 77.0
184248838144.0 110.0
184309214672.0 413.0
184391045076.0 133.0
184418440246.0 90.0
184548198416.0 290.0
184596604230.0 62.0
184642343079.0 308.0
184776029574.0 320.0
184799620364.0 120.0
184818221975.0 485.0
184846905035.0 326.0
184870510142.0 303.0
184871609535.0 112.0
184964313598.0 139.0
184996757088.0 302.0
185117294987.0 81.0
185145840244.0 86.0
185197038908.0 111.0
185286327884.0 424.0
185358519799.0 45.0
185482728907.0 133.0
185500494401.0 0.0
185516683035.0 381.0
185626644434.0 237.0
185630733745.0 109.0
185649579310.0 173.0
185788211479.0 151.0
186071969731.0 140.0
186401935231.0 194.0
186422018378.0 89.0
186621463399.0 285.0
186864981482.0 147.0
186876422169.0 103.0
186880013696.0 183.0
187082817328.0 149.0
187221633467.0 112.0
187410665790.0 332.0
187435056209.0 400.0
187479367723.0 126.0
187542230939.0 453.0
187628993865.0 123.0
187784015162.0 305.0
187868854105.0 138.0
187951744185.0 158.0
188027589639.0 116.0
188152737500.0 286.0
188321536927.0 88.0
188543527028.0 91.0
188607261518.0 482.0
188654734816.0 103.0
188794382475.0 396.0
188974509694.0 133.0
189072053589.0 65.0
189106234259.0 0.0
189193525471.0 155.0
189246817646.0 165.0
189293233225.0 165.0
189452212910.0 160.0
189598730454.0 120.0
189659571579.0 0.0
189807154892.0 174.0
189815589714.0 108.0
189868446776.0 90.0
189925684824.0 101.0
189944670592.0 159.0
189966570903.0 528.0
190151248037.0 65.0
190162562831.0 185.0
190229710012.0 78.0
190285116141.0 150.0
190364122544.0 136.0
190427628834.0 429.0
190533152869.0 99.0
190772810883.0 292.0
190826432388.0 85.0
190829183240.0 226.0
190966328471.0 76.0
191031395578.0 120.0
191031536234.0 305.0
191048377118.0 281.0
191090081175.0 215.0
191284322417.0 138.0
191408039306.0 391.0
191436721212.0 138.0
191971560778.0 185.0
192126886758.0 326.0
192252224186.0 202.0
192262892460.0 64.0
192349671536.0 98.0
192437619798.0 123.0
192457978569.0 114.0
192550842961.0 47.0
192556258315.0 340.0
192557878492.0 173.0
192586619570.0 109.0
192622365935.0 83.0
192686116883.0 157.0
192755002856.0 320.0
192906322363.0 103.0
192976063593.0 115.0
193062457738.0 131.0
193353403441.0 118.0
193380957804.0 164.0
193466104646.0 92.0
193471899640.0 101.0
193511663053.0 106.0
193568177292.0 40.0
193579465098.0 191.0
193579625614.0 170.0
193661351782.0 183.0
193671208517.0 529.0
193699015426.0 347.0
193749986316.0 71.0
193793994005.0 366.0
193810535580.0 113.0
193872220221.0 0.0
194144510828.0 452.0
194183413584.0 404.0
194541173296.0 82.0
194655956011.0 433.0
194694225352.0 102.0
194734154415.0 397.0
194782715044.0 102.0
194821935941.0 125.0
194831768347.0 71.0
194871613790.0 152.0
194914837390.0 75.0
195084128241.0 165.0
195103271109.0 248.0
195103569452.0 310.0
195182944893.0 311.0
195512314507.0 234.0
195587462601.0 0.0
195649383726.0 187.0
195673572758.0 190.0
195718715853.0 612.0
195762281397.0 310.0
195916736185.0 554.0
196135889094.0 126.0
196156992417.0 294.0
196388562498.0 451.0
196521250591.0 139.0
196643743074.0 203.0
196771215128.0 57.0
196942716999.0 199.0
197093060933.0 132.0
197205956320.0 102.0
197303085856.0 157.0
197526768829.0 149.0
197569074297.0 81.0
197886378661.0 101.0
197905839740.0 137.0
197959374883.0 123.0
197986838848.0 73.0
197992389654.0 27.0
198027380218.0 81.0
198066140434.0 383.0
198134578731.0 127.0
198136976207.0 0.0
198155078027.0 369.0
198363568275.0 50.0
198541439483.0 286.0
198603812311.0 105.0
198750802069.0 78.0
198780841699.0 91.0
198826928089.0 171.0
198833381225.0 125.0
198960190940.0 286.0
198973264859.0 59.0
199143617788.0 77.0
199177703193.0 80.0
199451036361.0 247.0
199568871718.0 414.0
199797757453.0 96.0
200113145008.0 425.0
200168408909.0 57.0
200189494914.0 74.0
200302558732.0 264.0
200410304692.0 114.0
200847792164.0 151.0
200986149113.0 152.0
201316106801.0 109.0
201470755125.0 185.0
201473402540.0 335.0
201485801152.0 70.0
201503570406.0 123.0
201536826268.0 306.0
201556867883.0 34.0
201627794714.0 60.0
201968102848.0 125.0
202179979021.0 515.0
202377813390.0 369.0
202606268056.0 132.0
202648129076.0 350.0
202707893451.0 101.0
202944656977.0 94.0
203031735103.0 168.0
203059988510.0 126.0
203118139037.0 318.0
203206466662.0 0.0
203345897952.0 0.0
203408604887.0 84.0
203725257467.0 141.0
203761470465.0 326.0
203766585319.0 102.0
203874023483.0 239.0
203949563267.0 114.0
204000888532.0 119.0
204080538317.0 62.0
204699186276.0 70.0
204714924943.0 0.0
204801928800.0 166.0
204909644884.0 351.0
204943182678.0 81.0
204985316012.0 148.0
205049700720.0 187.0
205097960836.0 102.0
205147261482.0 91.0
205588735964.0 0.0
205726935595.0 130.0
205763034915.0 99.0
206008058812.0 0.0
206047863503.0 78.0
206063597009.0 44.0
206166829772.0 66.0
206170289381.0 208.0
206183190602.0 173.0
206288157714.0 94.0
206341506713.0 122.0
206361138025.0 187.0
206485618271.0 110.0
206524359304.0 55.0
206566555785.0 113.0
206576520689.0 302.0
206591424246.0 168.0
206600517942.0 103.0
206611519538.0 100.0
206719219547.0 99.0
206790873696.0 419.0
206950304005.0 120.0
207102187139.0 0.0
207114164272.0 113.0
207145184297.0 176.0
207205282363.0 302.0
207227046889.0 92.0
207402089739.0 317.0
207829448852.0 84.0
207979324869.0 41.0
208053747979.0 126.0
208087361545.0 286.0
208121988164.0 304.0
208183171508.0 297.0
208302600245.0 98.0
208447728522.0 85.0
208497981526.0 130.0
208581840438.0 213.0
208641261118.0 296.0
208745272247.0 90.0
208990382869.0 224.0
209076030874.0 52.0
209094161836.0 149.0
209098790641.0 198.0
209120820342.0 135.0
209242237626.0 60.0
209359543670.0 309.0
209558843535.0 88.0
209582203815.0 197.0
209584308164.0 78.0
209893351099.0 160.0
210056502606.0 0.0
210249271128.0 46.0
210309638115.0 628.0
210338871587.0 61.0
210502999987.0 309.0
210537401167.0 178.0
210661828800.0 294.0
210689499402.0 382.0
210754435731.0 551.0
211151907767.0 383.0
211191687863.0 273.0
211263367447.0 73.0
211268864052.0 109.0
211540760607.0 150.0
211713609762.0 38.0
211987351174.0 86.0
212016625584.0 93.0
212062832758.0 68.0
212140265391.0 113.0
212298730675.0 86.0
212376966756.0 87.0
212517198084.0 173.0
212721536130.0 155.0
212883031244.0 84.0
212994738574.0 239.0
213084233156.0 191.0
213312289846.0 168.0
213464219069.0 327.0
213512449719.0 41.0
213520377750.0 551.0
213526694859.0 383.0
213560882633.0 89.0
213603823029.0 446.0
213648235498.0 431.0
214030570808.0 114.0
214170212194.0 223.0
214272368256.0 126.0
214449428448.0 82.0
214551627332.0 113.0
214631594540.0 185.0
214644627195.0 81.0
214983536284.0 98.0
215201324712.0 283.0
215297685799.0 160.0
215375473010.0 193.0
215533687290.0 93.0
215548680093.0 263.0
215558781797.0 156.0
215618869585.0 103.0
215645782691.0 107.0
215744765160.0 100.0
215819003040.0 62.0
215856288818.0 214.0
215945945526.0 121.0
215973077571.0 59.0
216092214180.0 74.0
216092790664.0 189.0
216129603111.0 75.0
216171123590.0 211.0
216171895137.0 438.0
216351322055.0 90.0
216426580328.0 47.0
216433785492.0 366.0
216596583083.0 278.0
216605271716.0 169.0
216822268458.0 91.0
216850562591.0 189.0
216857743585.0 108.0
216896535188.0 100.0
216920416243.0 60.0
216936749751.0 84.0
216973739840.0 102.0
217029741320.0 56.0
217075575496.0 446.0
217259715502.0 283.0
217382492883.0 527.0
217390603981.0 205.0
217401361734.0 357.0
217645598403.0 305.0
217723471443.0 314.0
217782986071.0 196.0
217935823084.0 151.0
217953243128.0 78.0
217980566761.0 296.0
218015395698.0 56.0
218064588483.0 105.0
218074302931.0 186.0
218088095881.0 47.0
218119393183.0 154.0
218209810955.0 94.0
218287274860.0 366.0
218321699587.0 0.0
218403877369.0 65.0
218448391954.0 97.0
218512815236.0 147.0
218572938308.0 281.0
218742205264.0 291.0
218787991293.0 88.0
218895478442.0 134.0
219014636732.0 72.0
219476441895.0 79.0
219697953785.0 264.0
219886458492.0 124.0
219900267054.0 105.0
220396784793.0 50.0
220398025678.0 423.0
220480768970.0 132.0
220619419314.0 494.0
220625972497.0 260.0
220785522028.0 239.0
220899219520.0 288.0
220919068248.0 98.0
220936490606.0 117.0
220957087947.0 126.0
220999028146.0 0.0
221027462498.0 279.0
221030817050.0 115.0
221141672088.0 194.0
221162926490.0 90.0
221455648705.0 104.0
221608825039.0 199.0
221736816023.0 110.0
221819710896.0 116.0
221869878311.0 87.0
221870483521.0 137.0
222107994765.0 170.0
222299724374.0 110.0
222455242607.0 0.0
222538310751.0 0.0
222625924349.0 110.0
222905581028.0 343.0
222963124101.0 338.0
223014804077.0 107.0
223063646076.0 170.0
223074461722.0 77.0
223304042348.0 52.0
223346646478.0 197.0
223545351962.0 127.0
223649130075.0 0.0
223731223349.0 154.0
223757961563.0 109.0
223792578592.0 156.0
223924577152.0 468.0
224026696964.0 159.0
224407483916.0 319.0
224433250156.0 229.0
224455990072.0 99.0
224481074509.0 115.0
224575069378.0 185.0
224722491141.0 116.0
224836645717.0 105.0
224928337092.0 453.0
224996579566.0 74.0
225227708992.0 122.0
225286627865.0 277.0
225323033653.0 105.0
225485563379.0 167.0
225658611673.0 171.0
226100882728.0 83.0
226114497043.0 189.0
226480898745.0 0.0
226485576895.0 0.0
226706233310.0 185.0
226808142774.0 81.0
226822457324.0 308.0
227025280227.0 329.0
227037070231.0 305.0
227246189869.0 222.0
227312503335.0 156.0
227329484126.0 0.0
227475444264.0 254.0
227615178143.0 300.0
227710563644.0 95.0
227804231588.0 395.0
227911992839.0 99.0
228042886024.0 174.0
228316887691.0 321.0
228465169603.0 33.0
228471778818.0 0.0
228512131881.0 557.0
228718827760.0 53.0
228773942994.0 83.0
228848222403.0 144.0
228987462294.0 90.0
229012583053.0 129.0
229103022075.0 93.0
229221886570.0 99.0
229277176457.0 398.0
229321152474.0 260.0
229321444553.0 84.0
229394770207.0 300.0
229527303158.0 120.0
229636442574.0 308.0
229737179500.0 50.0
229992316478.0 298.0
230709867348.0 489.0
230735575848.0 224.0
230843861718.0 34.0
230917862438.0 134.0
230953556887.0 179.0
231034462816.0 47.0
231082530785.0 69.0
231104931705.0 101.0
231207200728.0 479.0
231448524653.0 61.0
231514509437.0 180.0
231521198594.0 287.0
231823579602.0 45.0
231839064569.0 141.0
231843997566.0 171.0
231890758212.0 96.0
232005885439.0 121.0
232098336522.0 136.0
232192419559.0 332.0
232260404925.0 81.0
232260659846.0 52.0
232399687658.0 79.0
232474238213.0 0.0
232519569089.0 49.0
232545471946.0 267.0
232578615766.0 102.0
232697363575.0 65.0
232799138528.0 159.0
232914014570.0 68.0
233017183428.0 64.0
233102355750.0 93.0
233221187940.0 303.0
233271887226.0 267.0
233554592478.0 184.0
233753648167.0 0.0
233831674003.0 67.0
233899780442.0 68.0
234207702110.0 43.0
234520953724.0 337.0
234585256638.0 136.0
234605854568.0 464.0
234670450467.0 448.0
234674724349.0 169.0
234710641894.0 133.0
235100617474.0 411.0
235210822700.0 53.0
235225244526.0 0.0
235263720103.0 303.0
235481614119.0 193.0
235501574031.0 79.0
235658641829.0 0.0
235789998605.0 221.0
235805382219.0 216.0
235868815892.0 0.0
236143208508.0 103.0
236281423074.0 162.0
236340268103.0 64.0
236350284514.0 99.0
236479350621.0 0.0
236584028600.0 188.0
236620764558.0 343.0
236886097348.0 93.0
237608999884.0 0.0
237647710684.0 355.0
237684943514.0 0.0
237716269880.0 62.0
237875876053.0 130.0
238140482027.0 75.0
238236877830.0 96.0
238244598790.0 367.0
238271388876.0 310.0
238280225278.0 182.0
238356017434.0 421.0
238412403362.0 104.0
238631951075.0 61.0
238739488476.0 288.0
238778291287.0 93.0
238884907500.0 333.0
238891789108.0 176.0
238908898229.0 59.0
238973028701.0 0.0
239128654284.0 212.0
239399236042.0 38.0
239617267702.0 91.0
239620812640.0 76.0
239805564252.0 0.0
240053188002.0 79.0
240139544759.0 154.0
240557189089.0 244.0
240567237331.0 56.0
240587104789.0 361.0
240596080464.0 474.0
240597234275.0 55.0
240611943977.0 296.0
240728702917.0 402.0
240763584971.0 293.0
240829518497.0 0.0
240876713667.0 194.0
241159670895.0 72.0
241486548051.0 0.0
241866393105.0 211.0
241886504177.0 450.0
242133194343.0 538.0
242245725307.0 80.0
242441711745.0 34.0
242543247584.0 233.0
242682341549.0 0.0
242751085458.0 171.0
242780937862.0 293.0
242955003503.0 120.0
243171718615.0 532.0
243202077909.0 431.0
243247433343.0 160.0
243582609196.0 0.0
243651163918.0 392.0
243783497752.0 0.0
243894782516.0 186.0
244128679012.0 151.0
244186148918.0 98.0
244231280418.0 125.0
244350830827.0 114.0
244419198087.0 307.0
244621681133.0 336.0
244705046086.0 95.0
244907032265.0 114.0
245000551940.0 66.0
245048548538.0 56.0
245358759294.0 189.0
245378859495.0 95.0
245669204351.0 232.0
246143815301.0 349.0
246152596153.0 65.0
246198753892.0 0.0
246297118759.0 135.0
246439085629.0 247.0
246443620616.0 294.0
246596095780.0 86.0
246641083757.0 0.0
246775988779.0 0.0
246954980400.0 51.0
247006500524.0 246.0
247080385827.0 115.0
247396556418.0 67.0
247467818650.0 285.0
247519126072.0 66.0
247618412781.0 40.0
247717506779.0 310.0
248019933127.0 95.0
248457862676.0 131.0
248621130795.0 169.0
248805692099.0 138.0
248950673432.0 107.0
248951018495.0 95.0
249140086576.0 145.0
249385658427.0 220.0
249403917985.0 376.0
249475389075.0 152.0
249487392915.0 241.0
249572236300.0 132.0
249622534289.0 461.0
249709587560.0 458.0
249918731238.0 406.0
249929923795.0 311.0
249949522310.0 264.0
249963201548.0 164.0
249973959894.0 110.0
250069098963.0 232.0
250132795744.0 78.0
250220403607.0 80.0
250414284841.0 124.0
250462100462.0 545.0
250494092984.0 32.0
250576774183.0 293.0
250591565607.0 122.0
250658697304.0 0.0
250852340504.0 250.0
250932899313.0 93.0
250992271678.0 497.0
251078196595.0 483.0
251130217334.0 302.0
251222436334.0 297.0
251275215771.0 69.0
251415198192.0 358.0
251497084440.0 95.0
251653559594.0 129.0
251759483054.0 100.0
252077971340.0 69.0
252100214452.0 123.0
252369796904.0 114.0
252461534127.0 124.0
252743245967.0 339.0
252829560112.0 93.0
253014760903.0 104.0
253052834510.0 70.0
253152051771.0 82.0
253152817837.0 102.0
253200421531.0 89.0
253325985204.0 225.0
253424751461.0 163.0
253556153017.0 260.0
253859565811.0 105.0
253930827615.0 110.0
253975774921.0 87.0
254000739900.0 50.0
254006630695.0 238.0
254116028607.0 98.0
254116912991.0 92.0
254223705853.0 421.0
254313490187.0 201.0
254481077336.0 126.0
254528559937.0 150.0
254551306117.0 173.0
254552284083.0 301.0
254677883020.0 110.0
254772503394.0 152.0
254803632092.0 354.0
255054613458.0 171.0
255111879054.0 331.0
255169497936.0 96.0
255203187554.0 49.0
255209770295.0 296.0
255234753276.0 303.0
255409631105.0 145.0
255423569958.0 175.0
255497963917.0 100.0
255561367641.0 315.0
255602113875.0 112.0
255728746491.0 300.0
255730535884.0 0.0
255768488088.0 379.0
255868743257.0 82.0
255950183222.0 387.0
256036293544.0 300.0
256133322901.0 82.0
256138374156.0 105.0
256156036349.0 127.0
256264547503.0 109.0
256322283480.0 77.0
256365266044.0 326.0
256416964929.0 116.0
256448900556.0 136.0
256582445853.0 114.0
256628062883.0 113.0
256680537795.0 307.0
256731589389.0 111.0
256846295929.0 270.0
256994654513.0 446.0
257148951974.0 108.0
257245295517.0 377.0
257403346140.0 411.0
257476808173.0 311.0
257534930637.0 64.0
257644615988.0 35.0
257659623902.0 91.0
257723978704.0 0.0
257917015411.0 68.0
257973215121.0 159.0
258169519222.0 99.0
258263929278.0 302.0
258345795523.0 61.0
258359792082.0 319.0
258390489779.0 431.0
258402136722.0 145.0
258449353317.0 0.0
258456585568.0 168.0
258498473114.0 487.0
258500444386.0 221.0
258579183626.0 143.0
258682504953.0 142.0
258898289459.0 87.0
258900756241.0 0.0
258948064667.0 238.0
259064271401.0 280.0
259316806892.0 144.0
259320122491.0 249.0
259344915141.0 329.0
259483041051.0 172.0
259754372084.0 368.0
259840547492.0 35.0
259853924085.0 190.0
259890192037.0 103.0
259906474684.0 253.0
260177913680.0 79.0
260198742612.0 197.0
260412482662.0 222.0
260468211863.0 0.0
260534035849.0 501.0
260642727267.0 40.0
260867653212.0 385.0
260971634260.0 118.0
261154090949.0 138.0
261159491328.0 251.0
261322217659.0 307.0
261345433445.0 275.0
261411755352.0 0.0
261730520433.0 88.0
261771550066.0 389.0
261864665403.0 45.0
261904187079.0 85.0
262029022896.0 61.0
262108442804.0 399.0
262157994735.0 163.0
262697103510.0 112.0
262768083134.0 106.0
262823049968.0 120.0
263030606660.0 194.0
263361744268.0 180.0
263390761890.0 75.0
263405803298.0 129.0
263467677167.0 106.0
263589384863.0 109.0
263604473565.0 133.0
263633971312.0 117.0
263639084500.0 105.0
263689449861.0 0.0
263854991924.0 288.0
263863286663.0 97.0
263875268285.0 61.0
263895513841.0 426.0
264043295298.0 450.0
264358804590.0 183.0
264547301962.0 370.0
264662598696.0 324.0
264830346730.0 333.0
264831351079.0 104.0
264951201134.0 218.0
265074561975.0 321.0
265100954478.0 408.0
265173257698.0 402.0
265176981724.0 0.0
265297883910.0 307.0
265375063093.0 74.0
265486936104.0 104.0
265526340821.0 158.0
265847878785.0 209.0
265931670276.0 82.0
266229973949.0 364.0
266372453267.0 118.0
266405266748.0 31.0
266729480581.0 101.0
266732544999.0 220.0
266786492040.0 113.0
267205554867.0 138.0
267585483391.0 94.0
267607378274.0 98.0
267634461324.0 293.0
267659614712.0 75.0
267691089572.0 77.0
267760324568.0 142.0
267806676846.0 73.0
267824290466.0 73.0
267923738547.0 127.0
267977037454.0 0.0
268003822450.0 138.0
268004757056.0 244.0
268056608369.0 183.0
268086486085.0 410.0
268108453738.0 72.0
268120506585.0 191.0
268232152678.0 185.0
268364445445.0 85.0
268380436115.0 77.0
268397369807.0 42.0
268403064639.0 208.0
268471294661.0 118.0
268503423501.0 130.0
268570278640.0 273.0
268575666803.0 81.0
268703299744.0 319.0
268963402659.0 60.0
268965259505.0 34.0
268978553241.0 283.0
269034065551.0 513.0
269091029271.0 103.0
269328741796.0 233.0
269343986925.0 291.0
269450732455.0 81.0
269488419500.0 297.0
269584377580.0 85.0
269757429488.0 161.0
269817906529.0 77.0
269842276849.0 111.0
269885205085.0 121.0
269940905144.0 232.0
269973224089.0 238.0
270049594961.0 87.0
270090830339.0 0.0
270223440860.0 238.0
270299719239.0 163.0
270302686136.0 348.0
270423939549.0 47.0
270429407651.0 94.0
270489627009.0 311.0
270505630680.0 96.0
270852105270.0 64.0
271014075229.0 125.0
271080644859.0 36.0
271178600920.0 31.0
271296666339.0 289.0
271598883819.0 268.0
271627885418.0 291.0
271682893574.0 180.0
271712254990.0 104.0
271826937445.0 49.0
272009924872.0 352.0
272135436916.0 397.0
272252495398.0 175.0
272302874133.0 85.0
272403837226.0 333.0
