45401428.0 95.0
72845798.0 134.0
258965404.0 228.0
323425086.0 65.0
429823119.0 387.0
466661179.0 151.0
569775133.0 59.0
577541705.0 187.0
579962969.0 70.0
588305700.0 0.0
727019498.0 52.0
762482324.0 152.0
784105142.0 108.0
854841767.0 142.0
877805167.0 41.0
936850137.0 318.0
950134948.0 183.0
959946763.0 0.0
1175241000.0 250.0
1231553132.0 86.0
1260632747.0 127.0
1430467027.0 350.0
1570214770.0 160.0
1583348045.0 123.0
1686168121.0 320.0
1719642163.0 91.0
1960422071.0 110.0
2027321653.0 95.0
2094280865.0 120.0
2172251996.0 120.0
2193356380.0 0.0
2289149498.0 47.0
2328891638.0 341.0
2708949855.0 60.0
2808136833.0 107.0
2849266588.0 0.0
2871826176.0 115.0
2933869321.0 190.0
2986652590.0 187.0
3004184030.0 210.0
3016503957.0 169.0
3214336179.0 160.0
3367943427.0 153.0
3386412229.0 60.0
3540417227.0 206.0
3578387711.0 143.0
3595061445.0 208.0
3856877122.0 175.0
3930046248.0 249.0
4038536105.0 380.0
4044987607.0 386.0
4142501997.0 200.0
4321344385.0 215.0
4336371161.0 211.0
4587369180.0 129.0
4602175202.0 257.0
4850392690.0 172.0
4859498394.0 105.0
4870485727.0 0.0
4923240458.0 0.0
5126996428.0 342.0
5229928466.0 153.0
5402490118.0 121.0
5522834119.0 261.0
5658176050.0 52.0
5669413059.0 338.0
5675566265.0 441.0
5794161640.0 38.0
5861755070.0 77.0
5912464420.0 165.0
5941300895.0 0.0
5947733837.0 229.0
5968591826.0 236.0
6040356972.0 121.0
6045512724.0 127.0
6118862852.0 112.0
6203345043.0 84.0
6501332723.0 327.0
6694271445.0 100.0
6994335843.0 30.0
7059340986.0 67.0
7218919773.0 242.0
7522707562.0 127.0
7542967469.0 130.0
7728356149.0 170.0
7878487855.0 49.0
7900846560.0 0.0
7963492511.0 101.0
7964958777.0 92.0
8260925251.0 259.0
8262589532.0 496.0
8372522091.0 83.0
8472369038.0 352.0
8544933241.0 0.0
8560061313.0 165.0
8707721701.0 0.0
8783472599.0 234.0
8906713155.0 80.0
8930879639.0 168.0
8971368465.0 126.0
9006334684.0 257.0
9043271234.0 75.0
9266818114.0 86.0
9268744041.0 126.0
9271199784.0 96.0
9332667122.0 158.0
9555716868.0 130.0
9595641160.0 157.0
9601204229.0 169.0
9881610473.0 88.0
9908941732.0 168.0
9926762381.0 155.0
10061926585.0 109.0
10234279020.0 108.0
10380754061.0 144.0
10393233283.0 80.0
10507650947.0 77.0
10525446408.0 133.0
10579098915.0 0.0
10583143987.0 146.0
10684471459.0 39.0
10882656548.0 344.0
11006674385.0 84.0
11127658811.0 130.0
11128007606.0 146.0
11377296276.0 346.0
11449513141.0 57.0
11455829156.0 245.0
11456904410.0 183.0
11490935486.0 97.0
11509165642.0 223.0
11564031523.0 110.0
11612866056.0 279.0
11622632209.0 467.0
11725714954.0 307.0
12072981730.0 0.0
12110807065.0 177.0
12190527328.0 270.0
12265331181.0 269.0
12280538064.0 74.0
12356326338.0 217.0
12366081273.0 213.0
12445442908.0 90.0
12586674195.0 0.0
12644448700.0 43.0
12655460742.0 118.0
12719784443.0 365.0
12726429761.0 85.0
12840660526.0 117.0
12947810140.0 91.0
12973392281.0 115.0
12978585959.0 0.0
12990176156.0 178.0
13044685999.0 348.0
13069471598.0 94.0
13384055629.0 120.0
13408956499.0 62.0
13490171526.0 310.0
13544781166.0 196.0
13693594011.0 148.0
13698611900.0 135.0
13703186522.0 170.0
13718592519.0 225.0
14033089099.0 69.0
14109985564.0 253.0
14349118299.0 178.0
14363775391.0 64.0
14425154755.0 166.0
14439206994.0 459.0
14481002060.0 283.0
14754043388.0 88.0
15064344287.0 164.0
15097925612.0 72.0
15312026228.0 170.0
15330402717.0 101.0
15366246307.0 91.0
15438866120.0 75.0
15666938272.0 100.0
15772680050.0 83.0
15797384460.0 261.0
15837121535.0 73.0
15986638024.0 83.0
16005940121.0 117.0
16006557035.0 154.0
16027113397.0 78.0
16034385411.0 92.0
16117047014.0 74.0
16137534417.0 93.0
16245488116.0 156.0
16313072655.0 359.0
16418452624.0 242.0
16673153975.0 109.0
16717337602.0 162.0
16780371318.0 124.0
16821945480.0 116.0
16971709196.0 238.0
17043982647.0 92.0
17177111058.0 115.0
17246922062.0 79.0
17310081856.0 0.0
17385973966.0 145.0
17522577003.0 251.0
17630522992.0 221.0
17724118142.0 170.0
17769878075.0 71.0
17791756373.0 105.0
17893038406.0 246.0
17962446280.0 74.0
18007069466.0 76.0
18008240044.0 121.0
18022541928.0 72.0
18067110860.0 215.0
18140471555.0 104.0
18321619861.0 47.0
18780484279.0 78.0
18919088997.0 98.0
18967397571.0 77.0
19143389183.0 145.0
19192493257.0 103.0
19194665635.0 185.0
19412073745.0 175.0
19571744632.0 41.0
19801501905.0 48.0
19870992739.0 138.0
20001013332.0 471.0
20149629387.0 147.0
20388927188.0 131.0
20759561865.0 271.0
20777998515.0 87.0
20843260291.0 88.0
20868356513.0 103.0
20884227969.0 73.0
20914614618.0 104.0
21123496141.0 96.0
21198077197.0 46.0
21304013302.0 279.0
21332343063.0 57.0
21345055937.0 253.0
21443249836.0 41.0
21468780340.0 106.0
21473842100.0 59.0
21481988149.0 74.0
21511925159.0 101.0
21558549386.0 46.0
21561713093.0 74.0
21621027805.0 118.0
21649480720.0 102.0
21801445116.0 93.0
21855518406.0 264.0
21952391978.0 129.0
22098706779.0 84.0
22248827332.0 223.0
22253168054.0 117.0
22253676902.0 71.0
22345330836.0 154.0
22459135996.0 247.0
22612990806.0 241.0
22774940709.0 106.0
22780520223.0 89.0
22830769173.0 256.0
22960995772.0 117.0
23147326696.0 237.0
23198968314.0 440.0
23446739221.0 109.0
23552532012.0 119.0
23595199554.0 141.0
23646155917.0 77.0
23715816060.0 116.0
23763963175.0 126.0
23805584380.0 97.0
23868296280.0 139.0
24041566579.0 113.0
24187647380.0 0.0
24241436955.0 248.0
24247102275.0 243.0
24404301440.0 76.0
24556537615.0 81.0
24688808922.0 344.0
25039037796.0 503.0
25098173495.0 361.0
25112315583.0 96.0
25352172412.0 235.0
25498480833.0 81.0
25579146203.0 169.0
25931418366.0 151.0
25980701622.0 239.0
26052478672.0 49.0
26130701720.0 308.0
26197493385.0 121.0
26269767903.0 231.0
26288708551.0 530.0
26326064229.0 172.0
26397640428.0 275.0
26450151986.0 106.0
26570006103.0 130.0
26654249030.0 110.0
26654253120.0 129.0
26678644120.0 38.0
26692226997.0 79.0
26860318841.0 74.0
26938677581.0 87.0
27260865320.0 104.0
27329064066.0 128.0
27551323979.0 108.0
27553325046.0 74.0
27557331241.0 95.0
27581416322.0 128.0
27869719074.0 0.0
27884139996.0 178.0
27949804833.0 351.0
28026482236.0 100.0
28123400437.0 43.0
28160573129.0 115.0
28182880398.0 225.0
28204221335.0 40.0
28399917089.0 259.0
28535692163.0 103.0
28676504916.0 89.0
28791816486.0 101.0
28906841339.0 337.0
28971630913.0 158.0
29065004118.0 53.0
29091048680.0 110.0
29124879845.0 290.0
29218842490.0 96.0
29254657554.0 94.0
29286641687.0 64.0
29457673162.0 128.0
29495104378.0 399.0
29512195020.0 92.0
29577819716.0 0.0
29631901414.0 40.0
29771848478.0 69.0
29957433472.0 164.0
30073342688.0 33.0
30089798247.0 91.0
30129002264.0 188.0
30164065636.0 0.0
30463226346.0 78.0
30504828024.0 245.0
30551599130.0 0.0
30800435767.0 264.0
30949938533.0 132.0
30962506954.0 90.0
31555346391.0 160.0
31611680158.0 143.0
32197628878.0 91.0
32478802734.0 0.0
32656565993.0 236.0
32740348979.0 256.0
32815406133.0 225.0
32907258594.0 75.0
33061974826.0 52.0
33299486830.0 226.0
33462617937.0 550.0
33566852509.0 75.0
33642259295.0 80.0
33646648839.0 252.0
33793725784.0 168.0
33820640202.0 229.0
33914765718.0 108.0
33983746026.0 131.0
34014029349.0 66.0
34206755923.0 142.0
34238930712.0 87.0
34378843042.0 457.0
34426000727.0 286.0
34502373195.0 81.0
34632821832.0 386.0
34968482937.0 206.0
35039147662.0 79.0
35100644923.0 100.0
35282272127.0 293.0
35296491774.0 96.0
35331012920.0 79.0
35378377583.0 134.0
35384042299.0 141.0
35387373358.0 79.0
35537136953.0 99.0
35564834307.0 46.0
35690821292.0 171.0
35930737378.0 102.0
35932354433.0 106.0
36190495244.0 276.0
36324843240.0 0.0
36403143455.0 192.0
36441232365.0 42.0
36558058462.0 78.0
36566003355.0 102.0
36569043630.0 21.0
36863531711.0 250.0
36925594755.0 99.0
36927796917.0 167.0
37007743349.0 248.0
37098969866.0 241.0
37141111868.0 100.0
37181264456.0 84.0
37355633486.0 67.0
37624110145.0 98.0
37783253908.0 73.0
38071996398.0 218.0
38085184195.0 245.0
38147571833.0 264.0
38214699060.0 74.0
38339843726.0 268.0
38450172388.0 69.0
38549769317.0 79.0
38631028152.0 0.0
38702091698.0 97.0
38782913873.0 185.0
38809926783.0 130.0
38986902673.0 109.0
39099626819.0 63.0
39132430323.0 45.0
39284785694.0 393.0
39381583086.0 346.0
39520896413.0 64.0
39528343851.0 496.0
39544472927.0 414.0
39619768483.0 0.0
39747975784.0 96.0
39907580986.0 282.0
39938526692.0 72.0
39947138031.0 84.0
39996914953.0 134.0
40003669030.0 0.0
40080618100.0 126.0
40272629720.0 107.0
40309360620.0 0.0
40316655518.0 168.0
40463956808.0 244.0
40467824899.0 261.0
40513119313.0 77.0
40546879285.0 235.0
40695169937.0 89.0
40934340748.0 194.0
41111598822.0 38.0
41117441411.0 172.0
41128597338.0 165.0
41516981784.0 130.0
41561994273.0 129.0
41724240201.0 179.0
41740216200.0 216.0
41750691434.0 152.0
41953000168.0 197.0
42190549295.0 322.0
42257898874.0 74.0
42347288765.0 92.0
42556863577.0 307.0
42700962604.0 46.0
42880579280.0 127.0
42998430501.0 87.0
43257350565.0 43.0
43458896531.0 52.0
43832819311.0 236.0
43909134697.0 427.0
43977708678.0 145.0
43994628874.0 103.0
44079543089.0 377.0
44260462676.0 130.0
44286593580.0 245.0
44302837255.0 56.0
44339344054.0 81.0
44446150216.0 107.0
44715637038.0 357.0
44724960331.0 92.0
44907155763.0 100.0
44979734014.0 61.0
45034017355.0 139.0
45235410649.0 116.0
45354329259.0 158.0
45379435014.0 37.0
45458908909.0 246.0
45557601853.0 49.0
45707196534.0 0.0
45740077677.0 0.0
46212285854.0 151.0
46424007735.0 122.0
46901153354.0 126.0
47172005112.0 140.0
47223156081.0 376.0
47316487915.0 360.0
47422327169.0 103.0
47501362897.0 182.0
47585700859.0 115.0
47705343918.0 94.0
47722403919.0 378.0
47767555543.0 77.0
47795011310.0 131.0
47796525872.0 107.0
47827522565.0 325.0
48087000439.0 93.0
48088146439.0 306.0
48163803638.0 67.0
48171784693.0 186.0
48257499646.0 257.0
48275307004.0 69.0
48478096725.0 98.0
48549321915.0 116.0
48592930581.0 242.0
48621818379.0 57.0
48792598065.0 84.0
48820699728.0 140.0
48897876984.0 141.0
48969030704.0 135.0
48999870193.0 89.0
49078032882.0 147.0
49426754585.0 96.0
49479835963.0 113.0
49531222040.0 243.0
49542037777.0 114.0
49942030708.0 0.0
49971542754.0 188.0
50092660396.0 170.0
50127350114.0 81.0
50198966751.0 80.0
50210039400.0 149.0
50509850785.0 185.0
50634348721.0 31.0
50696024839.0 387.0
50703344568.0 41.0
50811672599.0 171.0
50896305785.0 142.0
51004826661.0 0.0
51083535666.0 291.0
51123255171.0 0.0
51186254643.0 129.0
51205754140.0 112.0
51211798317.0 88.0
51362895337.0 164.0
51369571590.0 492.0
51370545824.0 344.0
51777258649.0 164.0
51905039014.0 31.0
51951440241.0 90.0
52106197159.0 159.0
52153363238.0 73.0
52208208357.0 110.0
52290170535.0 0.0
52291149799.0 176.0
52627532737.0 257.0
52652110021.0 74.0
52699856917.0 104.0
52797681587.0 144.0
52802788159.0 284.0
52808630143.0 98.0
52894446598.0 243.0
52905178549.0 159.0
52941272478.0 140.0
52945931112.0 210.0
53012128207.0 102.0
53130377078.0 245.0
53147516849.0 479.0
53204328279.0 192.0
53349554111.0 105.0
53381822871.0 114.0
53503401499.0 46.0
53832357884.0 100.0
53842082495.0 61.0
53912417424.0 148.0
53982787377.0 180.0
54002261990.0 173.0
54098795243.0 119.0
54162494950.0 60.0
54272919976.0 155.0
54360504094.0 218.0
54454413856.0 322.0
54512718479.0 129.0
54540683109.0 112.0
54647417248.0 293.0
54923669541.0 80.0
54981193361.0 254.0
55007826143.0 246.0
55032163906.0 78.0
55219902905.0 385.0
55362433627.0 207.0
55450206467.0 107.0
55526667791.0 112.0
55698817195.0 128.0
55713344240.0 25.0
55739421294.0 239.0
55740337313.0 134.0
55865020728.0 171.0
55931022319.0 147.0
55963657340.0 123.0
56039625826.0 73.0
56041179522.0 78.0
56108206269.0 269.0
56137653479.0 138.0
56163151550.0 269.0
56176978126.0 73.0
56218328036.0 169.0
56299186938.0 247.0
56361099736.0 54.0
56373653279.0 475.0
56426653919.0 240.0
56580758116.0 325.0
56611002385.0 85.0
56754930726.0 225.0
56962451655.0 150.0
57002564331.0 410.0
57068228978.0 100.0
57211387043.0 285.0
57268547424.0 254.0
57292084456.0 92.0
57419393966.0 106.0
57448977387.0 79.0
57610968811.0 117.0
57749878338.0 143.0
57757613464.0 137.0
57959990086.0 116.0
58042681011.0 177.0
58192380513.0 120.0
58450916796.0 232.0
58650242674.0 102.0
58655170981.0 51.0
58747635599.0 118.0
58909239945.0 72.0
59048902698.0 57.0
59476546031.0 72.0
59589065029.0 241.0
59686643124.0 125.0
59686715981.0 233.0
59728999782.0 156.0
59774752702.0 75.0
59868352644.0 64.0
60006476607.0 303.0
60058574578.0 254.0
60066002495.0 69.0
60244522389.0 96.0
60365892008.0 76.0
60387776336.0 317.0
60390055882.0 117.0
60674784763.0 112.0
60864255815.0 115.0
61046426663.0 113.0
61182206054.0 99.0
61315115051.0 78.0
61336157140.0 468.0
61489072409.0 123.0
61545724181.0 106.0
61637804169.0 170.0
61777407231.0 124.0
61868293756.0 220.0
61972822804.0 167.0
61998475252.0 126.0
62060197059.0 105.0
62525680565.0 152.0
62656243235.0 70.0
62864754612.0 59.0
63055256723.0 143.0
63090416609.0 149.0
63104183423.0 156.0
63291152688.0 92.0
63293848379.0 261.0
63300236799.0 121.0
63428142502.0 181.0
63441823622.0 87.0
63479037643.0 89.0
63534394832.0 190.0
63543908703.0 312.0
63723880340.0 242.0
63776805862.0 143.0
63843058642.0 0.0
63975456509.0 0.0
64060260197.0 119.0
64171618888.0 116.0
64451817199.0 0.0
64513995144.0 152.0
64701493105.0 162.0
64823185786.0 139.0
64830110334.0 131.0
64852080132.0 28.0
64923062260.0 312.0
65398504608.0 46.0
65402152064.0 0.0
65574692742.0 115.0
65639155908.0 35.0
65959490849.0 0.0
65961403146.0 43.0
66006481622.0 290.0
66032591076.0 207.0
66145699605.0 65.0
66364846876.0 0.0
66466982426.0 334.0
66656037679.0 81.0
66661960692.0 59.0
66722118912.0 69.0
66868716844.0 91.0
67139690469.0 168.0
67168903035.0 349.0
67178955317.0 0.0
67261112665.0 0.0
67353507580.0 76.0
67642007644.0 217.0
67664740627.0 147.0
67824724273.0 79.0
68037319704.0 237.0
68140623259.0 87.0
68222564866.0 105.0
68323325229.0 194.0
68337718896.0 120.0
68424665051.0 61.0
68428274101.0 51.0
68872105751.0 87.0
69126374940.0 259.0
69140384024.0 98.0
69154856509.0 209.0
69243606405.0 227.0
69453598527.0 0.0
69458142964.0 0.0
69603368710.0 83.0
69606453636.0 137.0
69662725000.0 301.0
69845454886.0 396.0
69863347218.0 272.0
70027861942.0 355.0
70197057084.0 51.0
70522877757.0 52.0
70720453884.0 0.0
70870542696.0 92.0
70945836669.0 34.0
71218014173.0 269.0
71220733651.0 178.0
71289736021.0 95.0
71405565502.0 117.0
71420767267.0 0.0
71428473969.0 114.0
71479111049.0 156.0
71488859935.0 232.0
71731873139.0 231.0
71841236701.0 182.0
71850461428.0 68.0
71856318185.0 122.0
71955782905.0 79.0
72000637833.0 241.0
72096434643.0 123.0
72145583184.0 381.0
72216283590.0 112.0
72296617099.0 106.0
72488126531.0 96.0
72593833953.0 176.0
72766200764.0 92.0
72792878635.0 354.0
72849308784.0 396.0
73009148094.0 217.0
73016218692.0 128.0
73058662274.0 256.0
73099748341.0 123.0
73289715158.0 118.0
73627482066.0 146.0
73646243353.0 430.0
73704913039.0 127.0
73751549437.0 260.0
73783246167.0 49.0
73794816115.0 291.0
73927444122.0 92.0
74096962083.0 535.0
74135985661.0 248.0
74151061044.0 265.0
74354812333.0 39.0
74682657098.0 182.0
74851044329.0 100.0
75038870125.0 385.0
75112166316.0 130.0
75131579573.0 48.0
75256184281.0 374.0
75407611848.0 114.0
75606675501.0 0.0
75789547426.0 83.0
75808296454.0 143.0
76301341836.0 72.0
76428513791.0 194.0
76557327748.0 149.0
76657982598.0 441.0
76791878095.0 0.0
76860690811.0 166.0
76990820047.0 46.0
77071948656.0 34.0
77093748975.0 192.0
77095200211.0 264.0
77101890600.0 276.0
77340267195.0 246.0
77613831505.0 98.0
77842480937.0 364.0
77855814440.0 191.0
77933731175.0 219.0
77961131205.0 566.0
78102264339.0 0.0
78243745799.0 181.0
78519418048.0 159.0
78616534717.0 124.0
78667677764.0 176.0
78670968587.0 569.0
78774303628.0 151.0
78843232584.0 100.0
79330124549.0 118.0
79519968380.0 80.0
79528120819.0 56.0
79630095380.0 149.0
79781515125.0 138.0
79789046007.0 123.0
79792330860.0 96.0
79826595023.0 143.0
79865011513.0 130.0
79922003917.0 138.0
79942045773.0 448.0
79974804035.0 75.0
80101879886.0 59.0
80157366423.0 133.0
80539797360.0 86.0
80873528486.0 395.0
80890213195.0 161.0
80995257463.0 0.0
81410104320.0 97.0
81501984411.0 180.0
81610743314.0 0.0
81617148369.0 95.0
81876214168.0 0.0
82156611689.0 101.0
82501185352.0 206.0
82687295919.0 110.0
82788460966.0 99.0
82988777162.0 105.0
83070095276.0 104.0
83237119232.0 188.0
83263010587.0 0.0
83420660692.0 77.0
83430690147.0 124.0
83467957822.0 262.0
83605012373.0 90.0
83658002299.0 87.0
83685736014.0 172.0
83995432514.0 103.0
84164972680.0 92.0
84182700891.0 44.0
84310406447.0 179.0
84525101796.0 140.0
84633487559.0 178.0
84846837867.0 231.0
85001618456.0 84.0
85101592364.0 244.0
85143775764.0 126.0
85193403554.0 267.0
85265538338.0 45.0
85270319822.0 94.0
85306470053.0 146.0
85378655456.0 158.0
85550091289.0 318.0
85576618860.0 123.0
86075656254.0 96.0
86174245638.0 113.0
86185868771.0 148.0
86200613411.0 171.0
86205163768.0 139.0
86293735510.0 137.0
86328118335.0 239.0
86340737431.0 288.0
86365562248.0 62.0
86392035326.0 56.0
86517423818.0 141.0
86712600476.0 175.0
87031094013.0 71.0
87108686018.0 0.0
87308095774.0 306.0
87601874919.0 208.0
87616771163.0 115.0
87623770427.0 259.0
87728849398.0 173.0
88232217517.0 87.0
88267932014.0 78.0
88368679454.0 245.0
88459502816.0 65.0
88600238997.0 74.0
88803999672.0 104.0
88931794048.0 197.0
88998436964.0 107.0
89025684674.0 174.0
89036608918.0 156.0
89046956306.0 173.0
89161867436.0 390.0
89216888472.0 103.0
89259778371.0 90.0
89363784927.0 221.0
89992234096.0 171.0
90250823614.0 85.0
90334027367.0 107.0
90487935043.0 118.0
90601001534.0 110.0
90820551973.0 263.0
90985245323.0 110.0
91007159724.0 104.0
91019222468.0 361.0
91039362636.0 519.0
91076110825.0 526.0
91280180888.0 81.0
91347658849.0 54.0
91425095303.0 243.0
91739414246.0 84.0
91826781681.0 152.0
91875684800.0 62.0
91916559409.0 241.0
92048170342.0 114.0
92058853755.0 61.0
92066004400.0 118.0
92070334375.0 107.0
92105178786.0 245.0
92122374480.0 106.0
92154551954.0 179.0
92236176083.0 69.0
92302537462.0 63.0
92303653713.0 90.0
92339828733.0 41.0
92366797210.0 321.0
92392315900.0 261.0
92653125891.0 120.0
92768925771.0 171.0
92807400519.0 104.0
92915320767.0 171.0
92940280648.0 0.0
93067222214.0 83.0
93154624435.0 135.0
93300583845.0 110.0
93324052623.0 77.0
93477241916.0 123.0
93671203687.0 0.0
93772764064.0 65.0
93964930545.0 254.0
94220812580.0 31.0
94348848915.0 95.0
94552496562.0 91.0
94653503997.0 126.0
94784632066.0 138.0
94881528418.0 78.0
94950449565.0 57.0
94985689584.0 260.0
95015916940.0 236.0
95067976036.0 445.0
95301209861.0 121.0
95473899485.0 171.0
95554362601.0 340.0
95585332720.0 240.0
95684568661.0 316.0
95827374816.0 359.0
96033169620.0 153.0
96138892410.0 310.0
96141257719.0 161.0
96198537606.0 104.0
96201554393.0 80.0
96261618015.0 92.0
96415226766.0 59.0
96426495947.0 38.0
96446791539.0 86.0
96460683370.0 73.0
96564767454.0 43.0
96683958728.0 156.0
97160293417.0 86.0
97182681981.0 182.0
97210251018.0 92.0
97261290923.0 118.0
97279594630.0 148.0
97367509359.0 55.0
97899262785.0 119.0
97917696395.0 314.0
97951500239.0 145.0
98000088410.0 352.0
98323691318.0 72.0
98412650221.0 152.0
98768094378.0 434.0
98853103487.0 124.0
99178849254.0 0.0
99228375566.0 80.0
99305208528.0 90.0
99428729065.0 250.0
99442147206.0 124.0
99457335570.0 0.0
99716681527.0 105.0
99727741593.0 80.0
99753382395.0 60.0
99860791297.0 151.0
100017706695.0 0.0
100384024540.0 0.0
100395772166.0 65.0
100562050277.0 99.0
100604645029.0 46.0
100613208809.0 178.0
100836576626.0 179.0
100998301807.0 0.0
101014550256.0 111.0
101227104367.0 100.0
101344304721.0 94.0
101664091758.0 267.0
102015562053.0 230.0
102089152479.0 452.0
102133923701.0 112.0
102138566295.0 82.0
102196031950.0 202.0
102288488257.0 90.0
102311138494.0 316.0
102909656859.0 266.0
102956078168.0 118.0
103179250235.0 169.0
103369793509.0 170.0
103523478071.0 247.0
103538488003.0 104.0
103569178904.0 40.0
103578201727.0 429.0
103767921764.0 71.0
104258685671.0 243.0
104487454206.0 123.0
104660323901.0 122.0
104743828691.0 98.0
104911913509.0 159.0
104959734677.0 163.0
105015287463.0 120.0
105080022828.0 305.0
105099537520.0 245.0
105288884010.0 130.0
105302019070.0 303.0
105427884616.0 64.0
105458014271.0 126.0
105514447543.0 63.0
105587307418.0 289.0
105674622446.0 161.0
105779855162.0 92.0
105861544814.0 219.0
105981263763.0 123.0
106215753762.0 93.0
106608991595.0 99.0
106677598468.0 144.0
106716440710.0 77.0
107091037431.0 80.0
107471281047.0 112.0
107557773615.0 120.0
107965194186.0 261.0
108266022469.0 72.0
108342621446.0 331.0
108352220994.0 65.0
108491313585.0 118.0
108849252826.0 137.0
109027568357.0 375.0
109281297787.0 49.0
109369407584.0 111.0
109374658508.0 159.0
109591301017.0 233.0
109596638730.0 212.0
109727586237.0 122.0
109768486749.0 153.0
109768941080.0 77.0
109954786482.0 125.0
109956286383.0 242.0
110103510527.0 106.0
110357365102.0 281.0
110649807353.0 110.0
110668998368.0 332.0
110755821216.0 55.0
110886910969.0 482.0
110992009801.0 118.0
111011147901.0 167.0
111027240981.0 215.0
111230805644.0 206.0
111240578655.0 491.0
111355444012.0 0.0
111481465230.0 135.0
111601170446.0 38.0
111633321233.0 302.0
111697044063.0 93.0
111748842970.0 88.0
111885484776.0 115.0
111889166280.0 158.0
111896420037.0 168.0
112055064804.0 117.0
112083647204.0 150.0
112153723801.0 189.0
112279424287.0 200.0
112294390057.0 155.0
112351226851.0 56.0
112444233303.0 580.0
112504095790.0 254.0
112567830156.0 75.0
112583342590.0 0.0
112828735032.0 0.0
112905579876.0 109.0
113293015476.0 252.0
113338664307.0 147.0
113472161601.0 247.0
113523719365.0 81.0
113551738476.0 164.0
113602333971.0 55.0
113650097187.0 139.0
114222149768.0 0.0
114257023087.0 104.0
114460840621.0 467.0
114464636982.0 142.0
114559610763.0 104.0
114597418043.0 103.0
114635307995.0 0.0
114983886205.0 67.0
115150855023.0 136.0
115250871160.0 250.0
115509884028.0 119.0
115512957604.0 130.0
115723392792.0 406.0
115784946003.0 145.0
115834397180.0 83.0
115921680326.0 99.0
116079989235.0 55.0
116099066988.0 253.0
116323908117.0 175.0
116551178967.0 100.0
116918456901.0 158.0
116938939559.0 326.0
117110012813.0 109.0
117169885362.0 271.0
117412576875.0 94.0
117477326779.0 115.0
117666999173.0 40.0
117709512117.0 238.0
117794430155.0 119.0
117876001010.0 58.0
117921511104.0 224.0
118355937778.0 0.0
118416454894.0 170.0
118537807073.0 108.0
118563926914.0 209.0
118589012114.0 339.0
118677370181.0 126.0
119170474231.0 321.0
119313241221.0 44.0
119668638744.0 282.0
119699159356.0 234.0
119765107040.0 187.0
119937917878.0 292.0
119966519767.0 0.0
120088679183.0 69.0
120250090988.0 112.0
120589117702.0 84.0
120627769996.0 0.0
120653041617.0 109.0
120715724062.0 61.0
120736496353.0 93.0
120791121374.0 118.0
120927083734.0 96.0
120945327086.0 154.0
120993228591.0 391.0
121039267372.0 88.0
121182703511.0 73.0
121389171529.0 91.0
121453519559.0 0.0
121485127167.0 133.0
121528645624.0 67.0
121859530550.0 118.0
121901954490.0 138.0
122071322070.0 172.0
122193616294.0 65.0
122221181437.0 239.0
122330076168.0 89.0
122495609027.0 93.0
122532541839.0 89.0
122608129300.0 142.0
122719235328.0 325.0
123048981561.0 88.0
123501667284.0 75.0
123650823893.0 0.0
123692749991.0 239.0
123782870013.0 128.0
123790777745.0 220.0
123864190284.0 91.0
123974842474.0 185.0
124102136023.0 133.0
124111133740.0 141.0
124143379046.0 86.0
124226953187.0 158.0
124341374874.0 165.0
124707323151.0 121.0
125124873625.0 48.0
125184016111.0 123.0
125284401656.0 178.0
125313737771.0 526.0
125441290416.0 92.0
125461659347.0 128.0
125574100533.0 116.0
125597735598.0 384.0
125638707403.0 251.0
125870276790.0 156.0
125905058153.0 75.0
126098169313.0 108.0
126179407704.0 114.0
126198210802.0 166.0
126265084637.0 168.0
126441541767.0 124.0
126462014971.0 170.0
126646708142.0 78.0
126727322809.0 72.0
126760917158.0 90.0
126771623828.0 81.0
126932310264.0 86.0
126999483725.0 336.0
127303721260.0 82.0
127572053715.0 94.0
127625420160.0 86.0
127703319280.0 28.0
127812050929.0 120.0
127983327028.0 125.0
128037782259.0 119.0
128060628825.0 174.0
128090764800.0 272.0
128354297524.0 0.0
128379294307.0 81.0
128467795773.0 103.0
128567603116.0 206.0
128665268072.0 84.0
128905002002.0 309.0
128909706317.0 80.0
128946385237.0 142.0
129004414856.0 256.0
129036392030.0 238.0
129315092182.0 34.0
129496720016.0 231.0
129582593438.0 276.0
129640721743.0 82.0
129881414190.0 232.0
129978180818.0 137.0
130027498523.0 270.0
130134971558.0 162.0
130139378196.0 445.0
130148290899.0 71.0
130410564909.0 0.0
130461615346.0 106.0
130464884495.0 384.0
130594734771.0 36.0
130790465253.0 84.0
130860110682.0 148.0
131003740435.0 244.0
131347050043.0 252.0
131376981405.0 120.0
131437137062.0 221.0
131454480977.0 74.0
131540841835.0 227.0
131757682575.0 104.0
131776924504.0 52.0
131860323419.0 84.0
131877724118.0 78.0
131978278943.0 429.0
132084413846.0 237.0
132450456376.0 320.0
132458360907.0 97.0
132589544938.0 271.0
132696495262.0 386.0
132763972733.0 260.0
132787281719.0 38.0
132807128852.0 159.0
132964140009.0 196.0
133024967660.0 78.0
133361443806.0 323.0
133455450737.0 318.0
133571502755.0 138.0
133580996518.0 66.0
133777430147.0 91.0
133936327675.0 88.0
134101399637.0 224.0
134102235344.0 79.0
134105868524.0 265.0
134125306515.0 97.0
134159628115.0 58.0
134229060975.0 52.0
134331761109.0 91.0
134482172353.0 142.0
134508697617.0 142.0
134648893606.0 0.0
134700057184.0 147.0
134902296085.0 90.0
134981523366.0 176.0
135232283290.0 49.0
135264104730.0 189.0
135363488215.0 104.0
135392943216.0 107.0
135438186418.0 60.0
135482756118.0 84.0
135486460390.0 278.0
135541718424.0 92.0
135581325472.0 306.0
135622942036.0 128.0
135970424851.0 206.0
135975239267.0 140.0
136003274613.0 122.0
136126224989.0 89.0
136260413055.0 135.0
136378655342.0 0.0
136427173293.0 81.0
136439411524.0 400.0
136574595327.0 231.0
136658977645.0 115.0
136710163257.0 74.0
136728277554.0 200.0
136801240141.0 85.0
137100905294.0 267.0
137151191154.0 65.0
137329053275.0 51.0
137348912587.0 193.0
137393161744.0 99.0
137494274409.0 117.0
137498043730.0 41.0
137510659084.0 225.0
137527461880.0 93.0
137529129371.0 260.0
137870702303.0 193.0
137934898057.0 126.0
138033513381.0 95.0
138281671455.0 199.0
138304466731.0 111.0
138461966350.0 168.0
138920230442.0 432.0
138941905410.0 312.0
138960991408.0 53.0
139044638346.0 177.0
139320229687.0 249.0
139609772922.0 89.0
139661542803.0 103.0
139689685756.0 103.0
139807769507.0 144.0
139923121815.0 253.0
139946276899.0 185.0
140343873130.0 61.0
140412025408.0 346.0
140541957977.0 100.0
140587939686.0 315.0
141123187597.0 168.0
141188852316.0 128.0
141540841287.0 0.0
141564910750.0 117.0
141651119952.0 274.0
141769497866.0 40.0
141837029857.0 191.0
141890327008.0 0.0
141995302832.0 289.0
142004732065.0 132.0
142077969322.0 0.0
142181471508.0 259.0
142345000932.0 96.0
142405668872.0 263.0
142984131908.0 50.0
143052784797.0 113.0
143077320575.0 41.0
143113652519.0 78.0
143170641162.0 155.0
143438307605.0 103.0
143659704759.0 128.0
143757376882.0 101.0
144031348668.0 148.0
144109255837.0 219.0
144147660706.0 136.0
144317942454.0 123.0
144358172688.0 170.0
144410623219.0 113.0
144462621841.0 240.0
144534906925.0 180.0
144571815750.0 96.0
144640324296.0 106.0
144971587065.0 51.0
145092954159.0 93.0
145101674885.0 149.0
145176269131.0 44.0
145268325242.0 141.0
145274915088.0 220.0
145331078836.0 161.0
145505747189.0 85.0
145553633238.0 30.0
145818196393.0 97.0
145891152039.0 565.0
145940013982.0 0.0
146012523300.0 36.0
146034418848.0 114.0
146039767071.0 257.0
146191349701.0 136.0
146242706496.0 129.0
146254570363.0 122.0
146274773422.0 255.0
146378262868.0 250.0
146388331857.0 93.0
146641803075.0 139.0
146654854250.0 260.0
146978632029.0 75.0
147017936418.0 161.0
147105767756.0 150.0
147181538580.0 58.0
147269874356.0 48.0
147309237635.0 110.0
147386652858.0 137.0
147501168506.0 283.0
147637217694.0 529.0
147836789845.0 55.0
147858390372.0 65.0
147873147212.0 51.0
147888636936.0 119.0
147904469023.0 224.0
147927944753.0 104.0
147934253725.0 122.0
147947016429.0 44.0
148010697236.0 167.0
148110901955.0 121.0
148161774337.0 280.0
148306836442.0 0.0
148495013280.0 78.0
148518602434.0 72.0
148622138443.0 65.0
148699600271.0 267.0
148700919803.0 54.0
148763223723.0 123.0
148800624214.0 87.0
149057197925.0 39.0
149085096958.0 81.0
149117018887.0 119.0
149154343943.0 171.0
149177420506.0 128.0
149221080643.0 156.0
149292600120.0 0.0
149379909555.0 78.0
149459994820.0 105.0
149582136750.0 166.0
149741556523.0 129.0
149803563415.0 74.0
149929298532.0 498.0
149959788171.0 114.0
150058392434.0 313.0
150084645747.0 169.0
150308125541.0 0.0
150452155618.0 67.0
150818917936.0 77.0
151022315097.0 94.0
151044505880.0 150.0
151101706212.0 340.0
151515899136.0 258.0
151592260297.0 102.0
151661868613.0 55.0
151751278363.0 203.0
152358646427.0 126.0
152404594392.0 53.0
152447115392.0 94.0
152582086141.0 95.0
152652470913.0 347.0
152672580458.0 130.0
152705453997.0 0.0
152843060382.0 79.0
152877551037.0 389.0
153010430364.0 86.0
153094665319.0 0.0
153207754411.0 233.0
153608460428.0 165.0
153653867097.0 73.0
153681729882.0 89.0
153792375812.0 0.0
153900702054.0 101.0
153904519924.0 275.0
154199818379.0 88.0
154239559281.0 172.0
154516417485.0 74.0
154820784951.0 286.0
154822249519.0 248.0
154978059547.0 75.0
154986078558.0 151.0
155038178894.0 172.0
155531195018.0 254.0
155757495518.0 120.0
155879217341.0 196.0
155897988828.0 470.0
156006514713.0 200.0
156016496044.0 102.0
156160083131.0 224.0
156194117824.0 0.0
156259323283.0 369.0
156357067306.0 132.0
156399631947.0 85.0
156403788298.0 101.0
156592977384.0 264.0
156630818721.0 247.0
156694286359.0 127.0
156776324581.0 77.0
156881147623.0 190.0
156918585945.0 77.0
156918849626.0 46.0
157011899071.0 197.0
157029563091.0 364.0
157384777579.0 311.0
157483397556.0 0.0
157625966603.0 74.0
157929884972.0 138.0
158012990221.0 535.0
158062302952.0 315.0
158297098288.0 117.0
158577618511.0 95.0
158599563209.0 72.0
158685086592.0 136.0
158695976992.0 134.0
158900311647.0 155.0
158949070803.0 74.0
158971490782.0 0.0
158988841713.0 335.0
159233311358.0 236.0
159338090630.0 316.0
159366787286.0 253.0
159586347862.0 94.0
159720756148.0 158.0
159731131788.0 63.0
159821353748.0 120.0
159962639854.0 0.0
160052342897.0 210.0
160101423840.0 0.0
160107952100.0 50.0
160198601500.0 107.0
160251538923.0 104.0
160258360411.0 134.0
160281106040.0 117.0
160349041504.0 62.0
160360539861.0 78.0
160461609286.0 85.0
160473033286.0 289.0
160507685591.0 0.0
160547306187.0 143.0
160589516597.0 111.0
160622099647.0 161.0
160636341700.0 342.0
160641637702.0 66.0
160782042650.0 80.0
161020129481.0 282.0
161059486404.0 185.0
161090588299.0 36.0
161255313569.0 261.0
161387214101.0 186.0
161404119619.0 91.0
161437660187.0 119.0
161468835339.0 126.0
161621174431.0 207.0
161827184868.0 0.0
161952254891.0 127.0
162428259193.0 98.0
162451045574.0 0.0
162506343823.0 134.0
162554856797.0 182.0
162569899390.0 224.0
162646969821.0 121.0
162710887670.0 155.0
162908910883.0 103.0
162909401205.0 137.0
162935189486.0 0.0
162976526335.0 70.0
162989331187.0 117.0
163076997963.0 148.0
163077606579.0 197.0
163106095112.0 47.0
163243496442.0 86.0
163276168400.0 71.0
163555654335.0 116.0
163609187035.0 322.0
163728122622.0 86.0
163746873114.0 54.0
163876090642.0 28.0
163920504515.0 77.0
164165576918.0 118.0
164319023156.0 299.0
164518351363.0 141.0
164567977396.0 90.0
164674304264.0 128.0
164756622414.0 70.0
164821673205.0 226.0
164826055853.0 196.0
164917840693.0 113.0
164934733823.0 189.0
165372556211.0 75.0
165694967971.0 369.0
165763821134.0 72.0
165765997505.0 89.0
165861126010.0 138.0
165920246388.0 151.0
166094069907.0 135.0
166228343855.0 145.0
166293950785.0 92.0
166580341493.0 159.0
166603590663.0 164.0
166628580318.0 113.0
166803766583.0 178.0
166864458305.0 0.0
166878674326.0 293.0
166878988613.0 43.0
166900760635.0 254.0
167000179633.0 240.0
167020860152.0 186.0
167028343983.0 604.0
167258105437.0 84.0
167285327300.0 65.0
167351623568.0 75.0
167426945923.0 58.0
167559387782.0 79.0
167613438922.0 169.0
167729593365.0 89.0
167738393833.0 177.0
167857267858.0 257.0
167944156014.0 320.0
167954503034.0 257.0
168039460489.0 28.0
168070537130.0 213.0
168091996886.0 171.0
168276269348.0 64.0
168332659321.0 192.0
168507904148.0 102.0
168578609589.0 70.0
168871535702.0 144.0
169047536824.0 79.0
169189904861.0 266.0
169242810414.0 108.0
169263366096.0 244.0
169357173909.0 69.0
169533902497.0 164.0
169554690622.0 244.0
169606815870.0 151.0
169659257843.0 221.0
169944551029.0 81.0
170221301710.0 71.0
170313138509.0 350.0
170820703195.0 269.0
170933659610.0 177.0
171163150210.0 74.0
171213474549.0 98.0
171352613698.0 188.0
171395268840.0 71.0
171535415398.0 131.0
171538719815.0 95.0
171671699065.0 94.0
171750806863.0 93.0
172213275304.0 232.0
172284741563.0 341.0
172454744577.0 0.0
172778985880.0 101.0
172785474954.0 95.0
172900774902.0 251.0
172901531228.0 38.0
172954317693.0 208.0
173259156031.0 217.0
173322944061.0 278.0
173345445111.0 145.0
173383005500.0 113.0
173405148895.0 117.0
173579334016.0 122.0
173608530201.0 163.0
173861421260.0 230.0
173876288960.0 480.0
174147079178.0 66.0
174147454503.0 105.0
174331912525.0 125.0
174418292819.0 81.0
174664087958.0 334.0
174869730492.0 392.0
174963920428.0 346.0
175094057635.0 71.0
175208433670.0 281.0
175239204332.0 116.0
175299626807.0 180.0
175680029091.0 352.0
175784155487.0 288.0
175868161748.0 152.0
176127717984.0 109.0
176247269685.0 93.0
176359109337.0 111.0
176433540148.0 414.0
176798168554.0 115.0
176883492666.0 62.0
176990982017.0 106.0
177288566578.0 214.0
177335216389.0 126.0
177362678243.0 189.0
177398361744.0 167.0
177420385066.0 300.0
177453894759.0 105.0
177851692958.0 459.0
177955066399.0 584.0
177978642707.0 53.0
178186847419.0 92.0
178190499232.0 437.0
178307042884.0 37.0
178323830763.0 387.0
178359961278.0 74.0
178396344884.0 84.0
178444208766.0 72.0
178480908980.0 64.0
178558860476.0 295.0
178587960060.0 72.0
178694594670.0 0.0
178908286402.0 146.0
179444077824.0 108.0
179536702628.0 144.0
179684480267.0 90.0
179690133816.0 190.0
179764256342.0 116.0
179845385584.0 100.0
179957229596.0 38.0
179986403513.0 157.0
180133240863.0 135.0
180183404983.0 1.0
180386267709.0 220.0
180464928994.0 202.0
180485139590.0 309.0
180794890607.0 95.0
180883275475.0 105.0
181094629674.0 128.0
181162014767.0 48.0
181167548827.0 64.0
181191344873.0 380.0
181193799082.0 266.0
181329811478.0 38.0
181820664908.0 287.0
181824361095.0 124.0
181840395062.0 71.0
182076590269.0 236.0
182564491250.0 124.0
182857247358.0 212.0
183116790671.0 97.0
183220794191.0 0.0
183246949341.0 163.0
183292728288.0 69.0
183588327517.0 279.0
183611785433.0 0.0
183739207763.0 66.0
183746596235.0 103.0
184289623193.0 142.0
184341069243.0 106.0
184577247105.0 145.0
184945397806.0 268.0
185305927552.0 166.0
185532915178.0 104.0
185719216292.0 160.0
185915190508.0 252.0
185956506779.0 243.0
186027157551.0 78.0
186051000315.0 87.0
186276269431.0 360.0
186297402791.0 129.0
186369155793.0 0.0
186420054216.0 124.0
186559302752.0 98.0
186634507592.0 161.0
186852812461.0 111.0
186884084589.0 0.0
187048403339.0 65.0
187055021138.0 115.0
187138800295.0 284.0
187204993909.0 86.0
187317303129.0 64.0
187414068942.0 389.0
187590214732.0 161.0
187770152564.0 132.0
187861289735.0 51.0
188143682512.0 101.0
188230519725.0 499.0
188244089255.0 283.0
188263458557.0 192.0
188384847759.0 168.0
188527253357.0 0.0
188560512799.0 165.0
188615660572.0 239.0
188672648013.0 250.0
188711603247.0 155.0
188855971673.0 173.0
188882979524.0 171.0
189057423620.0 65.0
189128598625.0 44.0
189158059419.0 72.0
189333638485.0 26.0
189531641727.0 124.0
189597632236.0 106.0
189708270036.0 80.0
189714400082.0 112.0
189842869707.0 355.0
189843070146.0 78.0
189914576497.0 146.0
189962322209.0 0.0
190234759081.0 257.0
190256594377.0 37.0
190268601521.0 171.0
190524505309.0 88.0
190592002449.0 121.0
190715286226.0 0.0
190730828237.0 211.0
190841047021.0 96.0
191113618012.0 135.0
191505162032.0 182.0
191635921845.0 71.0
191700354563.0 97.0
191700738786.0 111.0
191780205273.0 147.0
191884047884.0 193.0
191938503253.0 300.0
191974304188.0 102.0
192069740389.0 93.0
192226054288.0 90.0
192301183287.0 177.0
192328031860.0 172.0
192437507671.0 74.0
192456093939.0 112.0
192965594932.0 121.0
193021299482.0 387.0
193145543068.0 254.0
193172602374.0 189.0
193186950174.0 68.0
193238709160.0 132.0
193540472689.0 33.0
193567602517.0 48.0
193634742188.0 91.0
193640153451.0 102.0
193764769797.0 382.0
193825080079.0 480.0
193884895482.0 348.0
194089716973.0 110.0
194183443695.0 91.0
194514209268.0 46.0
194581702363.0 378.0
194625235104.0 155.0
194771178778.0 166.0
194892950946.0 95.0
194951470410.0 110.0
194995221312.0 226.0
195270370193.0 143.0
195491641970.0 112.0
195543501490.0 45.0
195556976532.0 111.0
195621526189.0 89.0
195633977644.0 142.0
195707086569.0 317.0
195801486593.0 64.0
195824339834.0 0.0
195835125879.0 90.0
195850306996.0 150.0
195898191760.0 50.0
195970494405.0 102.0
196077644353.0 92.0
196099536062.0 100.0
196196733851.0 0.0
196490609128.0 468.0
196587510764.0 249.0
196654738707.0 119.0
196701989509.0 231.0
196834455420.0 170.0
196879749011.0 135.0
197088172257.0 43.0
197207105366.0 369.0
197238011782.0 78.0
197285080584.0 0.0
197352388254.0 144.0
197370830180.0 104.0
197518991546.0 37.0
197616983732.0 256.0
197625495150.0 101.0
198002865028.0 153.0
198056072426.0 296.0
198208826801.0 139.0
198248453662.0 466.0
198365810608.0 74.0
198384701857.0 83.0
198556833957.0 139.0
198604815810.0 482.0
198700643993.0 260.0
198741011128.0 327.0
198761978797.0 313.0
198779782136.0 372.0
198809614405.0 117.0
198839458350.0 96.0
199355454945.0 105.0
199531482886.0 219.0
199712618020.0 92.0
199720228433.0 37.0
199933114172.0 185.0
200107891812.0 159.0
200153085102.0 184.0
200379051972.0 182.0
200410561608.0 64.0
200542381426.0 91.0
200883730097.0 276.0
200926236442.0 185.0
200933607381.0 188.0
201054162548.0 268.0
201179797887.0 95.0
201210687383.0 0.0
201348688719.0 261.0
201433038293.0 249.0
201449900052.0 0.0
201469711205.0 269.0
201479867444.0 48.0
201516753024.0 161.0
201577302213.0 0.0
201602808958.0 322.0
201653091941.0 141.0
201676849936.0 102.0
201712954614.0 83.0
201742850260.0 73.0
201815294009.0 256.0
202027961675.0 493.0
202235107685.0 108.0
202531289129.0 105.0
202535830644.0 280.0
202754963983.0 141.0
202961898827.0 392.0
203054371891.0 73.0
203076368893.0 108.0
203189444038.0 252.0
203571350709.0 176.0
203620228984.0 112.0
203896629872.0 221.0
203934072829.0 97.0
204013204300.0 134.0
204078319670.0 135.0
204204363057.0 108.0
204391743715.0 155.0
204401087073.0 118.0
204424456194.0 87.0
204430111395.0 145.0
204457918020.0 123.0
204472076800.0 132.0
204514775889.0 77.0
204553813995.0 420.0
204661424582.0 178.0
204729202065.0 151.0
204841896457.0 0.0
205088532220.0 108.0
205175075968.0 232.0
205210725888.0 169.0
205275996155.0 118.0
205292968183.0 0.0
205491968618.0 91.0
205568019943.0 0.0
205575129490.0 67.0
205593358660.0 261.0
205623292607.0 0.0
205660240200.0 0.0
205742126714.0 75.0
205765971669.0 529.0
205806067084.0 124.0
205812338617.0 242.0
205995321687.0 116.0
206040700966.0 346.0
206180298797.0 71.0
206325377281.0 98.0
206367319185.0 415.0
206541537136.0 111.0
206567645095.0 262.0
206625163380.0 254.0
207002053499.0 293.0
207156177918.0 74.0
207192280673.0 271.0
207348484781.0 401.0
207354552412.0 118.0
207387680711.0 259.0
207487091025.0 175.0
207488829761.0 342.0
207651943419.0 131.0
207797061596.0 117.0
207828838302.0 71.0
207908462748.0 0.0
208111822703.0 133.0
208154475593.0 78.0
208295714087.0 35.0
208327566970.0 96.0
208497340178.0 0.0
208545346957.0 254.0
208609594844.0 85.0
208660412197.0 177.0
208946336638.0 145.0
209294991773.0 393.0
209427494997.0 463.0
209717444072.0 173.0
209983787020.0 232.0
210002401824.0 99.0
210131913843.0 158.0
210134719402.0 79.0
210405364812.0 153.0
210406610338.0 209.0
210666133967.0 0.0
210668612666.0 0.0
210675515940.0 39.0
211020334214.0 116.0
211113099003.0 89.0
211125315935.0 77.0
211283253120.0 112.0
211330272472.0 71.0
211444401588.0 162.0
211648621194.0 464.0
211686057471.0 62.0
211869913619.0 106.0
211941606879.0 217.0
211995284789.0 201.0
212022662333.0 118.0
212337257346.0 72.0
212402934535.0 449.0
212534325803.0 146.0
212545333093.0 136.0
212720690025.0 106.0
212953436240.0 74.0
213022800853.0 266.0
213132212709.0 205.0
213188068339.0 225.0
213230842079.0 112.0
213321291196.0 265.0
213529674778.0 255.0
213637022536.0 0.0
213746849999.0 97.0
213787723659.0 73.0
213845358251.0 356.0
213999638684.0 102.0
214347221607.0 76.0
214389048216.0 139.0
214410207887.0 100.0
214421342825.0 75.0
214424739760.0 124.0
214527357499.0 112.0
214593897570.0 0.0
214640917214.0 123.0
214809810778.0 342.0
214959148207.0 209.0
214964912590.0 77.0
215087749039.0 380.0
215147410340.0 104.0
215198244558.0 78.0
215451755775.0 160.0
215453337417.0 100.0
215591020237.0 121.0
215689794971.0 81.0
215900943242.0 81.0
215903148321.0 120.0
216018937228.0 164.0
216059247262.0 83.0
216401732412.0 170.0
216501007329.0 82.0
216579173533.0 37.0
216601854142.0 162.0
216653454668.0 35.0
216703641468.0 113.0
216897455278.0 245.0
216947460636.0 100.0
217190589831.0 275.0
217254180576.0 234.0
217645807055.0 78.0
217682860244.0 117.0
217754444127.0 0.0
217926931048.0 124.0
218129725543.0 131.0
218149112560.0 156.0
218190727689.0 57.0
218271095095.0 284.0
218287248061.0 92.0
218428789029.0 110.0
218459878524.0 124.0
218584882778.0 94.0
218657040829.0 117.0
218675998406.0 226.0
218700381758.0 102.0
218787006648.0 96.0
218836257687.0 0.0
218842030061.0 55.0
218888508296.0 106.0
219053711300.0 52.0
219065197081.0 101.0
219157970532.0 104.0
219163014353.0 141.0
219225192404.0 117.0
219276556606.0 73.0
219462747982.0 91.0
219542371371.0 412.0
219619083129.0 268.0
219707630474.0 472.0
219747369002.0 88.0
219885647811.0 0.0
219903556565.0 89.0
219912223370.0 133.0
220081210512.0 0.0
220387491785.0 191.0
220885214714.0 60.0
220893958288.0 0.0
221078693563.0 112.0
221245020228.0 136.0
221309111319.0 211.0
221436405844.0 116.0
221451875783.0 147.0
221722084100.0 52.0
221777308101.0 122.0
221863733302.0 102.0
221942690308.0 259.0
222049896122.0 462.0
222052616849.0 78.0
222095635962.0 175.0
222152740192.0 103.0
222186628099.0 49.0
222278210043.0 261.0
222452048981.0 267.0
222476602879.0 0.0
222567222896.0 78.0
222609553112.0 248.0
222700677807.0 66.0
222704199192.0 141.0
222771104925.0 0.0
222818772302.0 143.0
222832376714.0 253.0
222844824263.0 158.0
222926905911.0 110.0
223121980239.0 34.0
223349235485.0 156.0
223386963734.0 122.0
223448639403.0 79.0
223464075957.0 0.0
223538407003.0 247.0
223741904381.0 74.0
223907219030.0 248.0
224012815659.0 0.0
224070120010.0 309.0
224328555611.0 49.0
224338799305.0 206.0
224366543501.0 66.0
224369807557.0 57.0
224374343135.0 533.0
224411203070.0 105.0
224484764419.0 83.0
224487932941.0 210.0
224796194948.0 93.0
224829233161.0 66.0
224863176304.0 96.0
225167096252.0 255.0
225172684355.0 316.0
225207843254.0 121.0
225237707167.0 219.0
225348250908.0 301.0
225369841944.0 119.0
225377275715.0 416.0
225387870866.0 136.0
225727559436.0 142.0
225804603665.0 67.0
226066759700.0 328.0
226092327539.0 264.0
226190778518.0 0.0
226195790454.0 100.0
226203943078.0 92.0
226409815301.0 117.0
226546210182.0 80.0
226627487994.0 453.0
227221088298.0 90.0
227234712582.0 206.0
227595248281.0 316.0
227645705894.0 150.0
227651415609.0 82.0
227654600741.0 199.0
227758824844.0 125.0
227779621895.0 133.0
227882620073.0 414.0
228007550693.0 100.0
228030917170.0 156.0
228107506413.0 97.0
228380760865.0 0.0
228384834280.0 65.0
228429600659.0 179.0
228525096501.0 101.0
228526203235.0 248.0
228551793179.0 0.0
228732205638.0 211.0
228775315234.0 345.0
228897096725.0 126.0
229134403147.0 105.0
229167494842.0 271.0
229218597429.0 263.0
229286338107.0 248.0
229381070965.0 189.0
229384701943.0 243.0
229612545313.0 79.0
229731537513.0 71.0
230089898110.0 162.0
230242854668.0 111.0
230312361346.0 400.0
230370106913.0 239.0
230588287898.0 295.0
230726239450.0 81.0
230878940235.0 588.0
230932401337.0 293.0
231021896070.0 76.0
231058420138.0 57.0
231060614653.0 296.0
231250617692.0 87.0
231286189569.0 0.0
231389778044.0 78.0
231525931076.0 259.0
231529809434.0 117.0
231584640247.0 74.0
231599264777.0 106.0
231671105797.0 121.0
231761491446.0 118.0
231959593551.0 172.0
232047328171.0 268.0
232103157473.0 34.0
232289303493.0 120.0
232401692904.0 119.0
232432493042.0 174.0
232831703861.0 0.0
232856968592.0 87.0
232989843171.0 0.0
233265669569.0 183.0
233320547370.0 154.0
233336457730.0 74.0
233450766505.0 97.0
233502969770.0 332.0
233516659880.0 280.0
233591022696.0 235.0
233692514646.0 125.0
233767732792.0 302.0
233828410739.0 348.0
233912408945.0 174.0
233985209153.0 170.0
234183157630.0 71.0
234776066749.0 86.0
234834527404.0 74.0
234886996882.0 166.0
234934085700.0 266.0
235394403105.0 24.0
235497193087.0 120.0
235505037980.0 87.0
235521754238.0 248.0
235551218787.0 182.0
235709809113.0 103.0
235755575655.0 259.0
235975603454.0 478.0
236133700076.0 74.0
236207975877.0 143.0
236656980681.0 106.0
236657301663.0 56.0
236951832561.0 51.0
237378589127.0 99.0
237629061671.0 85.0
237678425337.0 208.0
237775404484.0 167.0
237778624085.0 139.0
238044199753.0 151.0
238121247728.0 138.0
238187983646.0 73.0
238273110793.0 267.0
238359493778.0 59.0
238518464770.0 82.0
238697488674.0 256.0
238861428006.0 86.0
238971292682.0 132.0
239059815006.0 219.0
239098038822.0 65.0
239369325804.0 79.0
239405223475.0 159.0
239432155028.0 115.0
239529516583.0 77.0
239627447855.0 250.0
239675201033.0 178.0
239773517879.0 66.0
239951984365.0 167.0
239968269812.0 175.0
240151034280.0 62.0
240164987786.0 64.0
240177602903.0 256.0
240296256233.0 72.0
240417092358.0 138.0
240457619474.0 79.0
240731785621.0 371.0
240756452088.0 90.0
240787712150.0 301.0
240846176084.0 0.0
240853053096.0 81.0
240866194735.0 252.0
240899140287.0 71.0
240900343441.0 273.0
240912581947.0 85.0
241112366152.0 66.0
241176834088.0 43.0
241217170522.0 267.0
241260155693.0 119.0
241291798430.0 99.0
241490280928.0 103.0
241638402607.0 99.0
241765072498.0 79.0
241771944185.0 198.0
242023749165.0 144.0
242059943465.0 201.0
242127694622.0 77.0
242265137846.0 124.0
242615416117.0 114.0
242620068704.0 51.0
242709731083.0 244.0
242851714265.0 0.0
242915832758.0 0.0
243361183427.0 296.0
243431827332.0 83.0
243457857745.0 0.0
243627080682.0 234.0
243701253356.0 267.0
243734956511.0 193.0
243836006035.0 165.0
243903592956.0 102.0
243910522926.0 60.0
243963968434.0 105.0
244013797019.0 98.0
244082919855.0 166.0
244192976980.0 530.0
244197745748.0 105.0
244214414881.0 79.0
244292571288.0 241.0
244431227339.0 55.0
244886778059.0 14.0
244972838240.0 398.0
245100053069.0 109.0
245114403696.0 63.0
245155255402.0 147.0
245220923186.0 86.0
245321483767.0 0.0
245430293603.0 152.0
245476431801.0 172.0
245671858514.0 65.0
245759037330.0 56.0
245841318752.0 211.0
245886600380.0 129.0
246055604361.0 412.0
246096235585.0 120.0
246109570739.0 221.0
246456888336.0 343.0
246474386960.0 121.0
246511430956.0 347.0
246512178586.0 85.0
246569021690.0 196.0
246629593671.0 165.0
246773945068.0 251.0
247022033035.0 93.0
247048167112.0 373.0
247061584264.0 127.0
247090354382.0 209.0
247210255362.0 65.0
247399710188.0 50.0
247462560354.0 188.0
247484978632.0 254.0
247979514410.0 115.0
248005668827.0 114.0
248174524548.0 122.0
248238604863.0 135.0
248363285734.0 260.0
248489138620.0 116.0
248495012535.0 148.0
248541234717.0 104.0
248573999778.0 74.0
248642190204.0 555.0
248919040803.0 47.0
248932109002.0 0.0
248939700446.0 135.0
248964375679.0 113.0
249097650560.0 441.0
249233779353.0 102.0
249397024054.0 250.0
249424251757.0 169.0
249483696828.0 83.0
249552208917.0 94.0
249557684850.0 247.0
249858011998.0 79.0
249912453402.0 156.0
249921021482.0 0.0
249982209374.0 293.0
250014169820.0 73.0
250093327280.0 0.0
250327427635.0 0.0
250588677891.0 31.0
250605654005.0 373.0
251062517187.0 139.0
251098286133.0 500.0
251266542326.0 92.0
251278828816.0 48.0
251453851649.0 265.0
251543970614.0 98.0
251703383747.0 0.0
251719268371.0 272.0
251721752467.0 187.0
251752576571.0 145.0
251764652414.0 145.0
251862622546.0 66.0
251973167213.0 254.0
252003372179.0 105.0
252153459930.0 255.0
252255924228.0 243.0
252390045825.0 182.0
252434521571.0 168.0
252526890222.0 60.0
252583312572.0 278.0
252616471288.0 89.0
252685066581.0 81.0
252731040216.0 129.0
252748852768.0 97.0
252818796296.0 206.0
252999588443.0 167.0
253012859161.0 128.0
253074775808.0 126.0
253179358564.0 62.0
253294371037.0 33.0
253299620752.0 104.0
253523196186.0 327.0
253608312379.0 112.0
253695046151.0 150.0
253725723450.0 333.0
253739160653.0 105.0
253809949841.0 245.0
253939726166.0 559.0
253946813035.0 280.0
253973569665.0 114.0
254135283884.0 299.0
254274320217.0 144.0
254604983912.0 79.0
254786268689.0 108.0
254793994136.0 37.0
254918798088.0 80.0
254947987196.0 0.0
255149257617.0 112.0
255193411451.0 484.0
255219622708.0 101.0
255265723055.0 114.0
255449308679.0 61.0
255452286056.0 153.0
255506427527.0 274.0
255578479291.0 109.0
255728337095.0 328.0
255733375267.0 455.0
255851903778.0 190.0
255993205620.0 261.0
256010730699.0 75.0
256020013092.0 68.0
256094821534.0 191.0
256159205675.0 251.0
256300199099.0 55.0
256314535117.0 88.0
256320775098.0 167.0
256533038694.0 92.0
256544307230.0 103.0
256619997974.0 167.0
256788760435.0 101.0
257077164366.0 99.0
257167826558.0 90.0
257488307423.0 175.0
257575402966.0 127.0
257706272922.0 109.0
257788911320.0 77.0
257930084205.0 258.0
257997872456.0 131.0
258093645466.0 33.0
258105256167.0 176.0
258157480082.0 346.0
258507089349.0 188.0
258682223623.0 143.0
258833369675.0 0.0
258895317659.0 301.0
259014451738.0 262.0
259291889807.0 31.0
259309410433.0 0.0
259506018112.0 247.0
259508509550.0 113.0
259714415005.0 84.0
259720837791.0 236.0
259787755409.0 49.0
259901564217.0 135.0
259919944945.0 257.0
259991731721.0 31.0
260150277130.0 48.0
260732126801.0 195.0
260788028700.0 132.0
260876905549.0 154.0
260926852236.0 49.0
261107776056.0 144.0
261177432820.0 243.0
261186013341.0 133.0
261218287769.0 141.0
261314248827.0 267.0
261402956650.0 223.0
261424513947.0 75.0
261429360524.0 103.0
261448943825.0 270.0
261613233939.0 167.0
261660184230.0 256.0
261843996834.0 89.0
261933316585.0 304.0
262195443956.0 91.0
262393295944.0 100.0
262431080761.0 247.0
262473016804.0 162.0
262477235345.0 54.0
262526689054.0 110.0
262572979344.0 171.0
262644106245.0 330.0
262848574804.0 245.0
262870958828.0 59.0
262882005340.0 106.0
263040451721.0 87.0
263048551657.0 267.0
263092798620.0 106.0
263189035317.0 105.0
263296923066.0 143.0
263430789137.0 153.0
263510429197.0 294.0
263694944528.0 218.0
263757530164.0 149.0
263920257296.0 89.0
263942500510.0 79.0
263997513463.0 0.0
264071183815.0 45.0
264135325988.0 191.0
264154201986.0 83.0
264200858337.0 89.0
264415310466.0 148.0
264453467786.0 236.0
264517659651.0 85.0
264547238865.0 0.0
264770948240.0 109.0
265044163577.0 67.0
265080403536.0 112.0
265119689758.0 86.0
265318228893.0 198.0
265415887307.0 119.0
265463585822.0 223.0
265576703865.0 354.0
265622156756.0 161.0
265710563893.0 85.0
265913837734.0 46.0
265963081383.0 194.0
265964924304.0 250.0
266038257267.0 97.0
266745291738.0 256.0
266887021329.0 93.0
266928793383.0 89.0
267155784657.0 141.0
267248030129.0 220.0
267292420379.0 60.0
267461344866.0 85.0
268126899362.0 62.0
268225764187.0 184.0
268310734864.0 96.0
268315780839.0 302.0
268323199551.0 0.0
268399606901.0 102.0
268416207399.0 89.0
268491545760.0 85.0
268500769847.0 158.0
268696912019.0 69.0
268701020112.0 99.0
268783063275.0 0.0
268789488422.0 133.0
268826524559.0 163.0
269342568474.0 85.0
269460919472.0 80.0
269473833456.0 174.0
269537190112.0 238.0
269596665774.0 60.0
269735698952.0 85.0
269936288070.0 314.0
269943306979.0 85.0
270027435774.0 69.0
270181035666.0 274.0
270311451940.0 87.0
270407303638.0 84.0
270565224518.0 114.0
270875117051.0 269.0
271077448394.0 245.0
271582922824.0 300.0
271669761873.0 82.0
271760609532.0 103.0
271807367474.0 127.0
272020725934.0 0.0
272415609896.0 309.0
272563866186.0 231.0
272568014517.0 40.0
272654009618.0 262.0
272715484474.0 257.0
272764012115.0 316.0
272856634574.0 192.0
273019506996.0 89.0
273054098756.0 244.0
273266350760.0 99.0
273275944586.0 145.0
273277264475.0 107.0
273281090582.0 105.0
273308175892.0 216.0
273370654222.0 0.0
273518061414.0 97.0
273522366447.0 53.0
273774238745.0 95.0
273810829805.0 49.0
273909063596.0 176.0
273914391943.0 79.0
273921723629.0 304.0
274009665401.0 264.0
274052608112.0 73.0
274100178609.0 115.0
274117805092.0 65.0
274146542055.0 0.0
274198418637.0 127.0
274216136112.0 90.0
274451498271.0 76.0
274498392109.0 205.0
274548382792.0 256.0
274646954239.0 164.0
274722998480.0 44.0
274749677493.0 110.0
274845884745.0 342.0
275003980652.0 235.0
275054427117.0 285.0
275129649198.0 97.0
275435140716.0 141.0
275622099658.0 244.0
275667148076.0 258.0
275868354526.0 518.0
275963010207.0 136.0
275986466660.0 73.0
275999292951.0 105.0
276031416575.0 93.0
276294843875.0 123.0
276558138213.0 83.0
276926603161.0 83.0
277046465267.0 72.0
277321399400.0 129.0
277393718379.0 88.0
277571646374.0 89.0
277704950134.0 66.0
277796768932.0 113.0
277800362847.0 145.0
277899419075.0 99.0
278108163433.0 428.0
278199270968.0 498.0
278542422611.0 140.0
278583178613.0 58.0
278712985613.0 69.0
278749450714.0 158.0
278882927236.0 115.0
279162083904.0 194.0
279174275072.0 81.0
279232057568.0 135.0
279324241729.0 66.0
279471944487.0 113.0
279891443853.0 164.0
279940201489.0 338.0
279950249670.0 97.0
280273651152.0 86.0
280311604225.0 102.0
280351366307.0 90.0
280452836901.0 134.0
280661002353.0 300.0
280973958311.0 180.0
280978460813.0 303.0
281029004870.0 83.0
281082800426.0 87.0
281325810940.0 40.0
281409156344.0 48.0
281434114152.0 0.0
281798176323.0 87.0
282084015065.0 134.0
282143810764.0 57.0
282152744238.0 136.0
282172840045.0 85.0
282219277509.0 228.0
282264910856.0 69.0
282274095926.0 175.0
282405140750.0 107.0
282417178729.0 345.0
282437436156.0 146.0
282563263557.0 178.0
282781749207.0 63.0
282978375659.0 106.0
283061183477.0 82.0
283151243535.0 153.0
283244824139.0 115.0
283355496486.0 64.0
283430796785.0 167.0
283553147249.0 262.0
283604427777.0 206.0
283746215010.0 68.0
283891171366.0 257.0
284059215233.0 179.0
284115135038.0 92.0
284259974100.0 69.0
284475209255.0 91.0
284476470373.0 94.0
284497526823.0 246.0
284524787330.0 131.0
284591931760.0 255.0
284604722264.0 117.0
284670106042.0 111.0
284744933048.0 381.0
284946616236.0 99.0
285028791160.0 60.0
285052569215.0 73.0
285147350962.0 92.0
285216984029.0 29.0
285442172505.0 96.0
285782840829.0 79.0
285862305858.0 69.0
285953520797.0 143.0
285995549599.0 88.0
286047538501.0 196.0
286069191255.0 154.0
286131292133.0 119.0
286208399947.0 74.0
286379475155.0 118.0
286393162333.0 101.0
286466879362.0 21.0
286764695613.0 75.0
286814598059.0 106.0
286908678077.0 45.0
286956540650.0 87.0
287003154005.0 547.0
287059413359.0 253.0
287175352788.0 50.0
287226166923.0 78.0
287339382384.0 61.0
287363187611.0 56.0
287390994310.0 92.0
287399427165.0 70.0
287427409026.0 175.0
287539383911.0 44.0
287569273420.0 169.0
287686422570.0 112.0
287718427852.0 103.0
287946484014.0 124.0
287950889706.0 295.0
288260268731.0 107.0
288403678285.0 105.0
288532866526.0 80.0
288541578329.0 39.0
288591088440.0 302.0
288621566255.0 235.0
288638074920.0 86.0
288648657942.0 88.0
288664593316.0 254.0
288671696483.0 0.0
288942505235.0 0.0
289003591902.0 0.0
289530807765.0 91.0
289773581326.0 179.0
290048336142.0 97.0
290096635682.0 132.0
290121817372.0 140.0
290142304238.0 126.0
290311214748.0 97.0
290361832731.0 134.0
290388150792.0 219.0
290456157800.0 0.0
290478457060.0 301.0
290500782860.0 238.0
290556201321.0 94.0
290841277213.0 107.0
290890670416.0 342.0
290899773469.0 94.0
290984692314.0 105.0
291027472871.0 122.0
291159580154.0 108.0
291335570904.0 363.0
291555871015.0 143.0
291644861219.0 125.0
291769844368.0 142.0
291869539452.0 116.0
291893606372.0 82.0
292048802350.0 152.0
292260460763.0 172.0
292395926365.0 478.0
292458574715.0 49.0
292493700059.0 311.0
292696642022.0 278.0
292855535536.0 69.0
292859039455.0 128.0
292882787609.0 281.0
292926918160.0 366.0
293367088063.0 102.0
293852450919.0 171.0
293905196745.0 267.0
294106852520.0 116.0
294532470139.0 408.0
294678840539.0 248.0
294720839859.0 258.0
294729253837.0 140.0
294782802727.0 168.0
294873845447.0 132.0
294970254546.0 102.0
295015319688.0 204.0
295028465353.0 94.0
295058684862.0 455.0
295142536517.0 245.0
295278135115.0 118.0
295341551089.0 194.0
295409880801.0 86.0
295516303766.0 528.0
295520281345.0 124.0
295610681758.0 187.0
295632356494.0 145.0
295651912934.0 99.0
295693412923.0 80.0
295887882013.0 43.0
295937849399.0 238.0
295996239208.0 59.0
296055568398.0 87.0
296147807011.0 104.0
296415753731.0 244.0
296450485884.0 92.0
296659369167.0 246.0
296766932101.0 41.0
296785911472.0 190.0
296800185445.0 92.0
296832329480.0 164.0
296847870037.0 81.0
296887652887.0 136.0
297002635064.0 262.0
297005254038.0 69.0
297012697104.0 90.0
297016582432.0 128.0
297026304100.0 235.0
297104960942.0 102.0
297214495345.0 47.0
297248408301.0 267.0
297270746315.0 102.0
297311063637.0 243.0
297324840964.0 84.0
297365061073.0 85.0
297445319586.0 80.0
297585933757.0 109.0
297654946407.0 301.0
297731150250.0 108.0
297769733689.0 395.0
297996246141.0 102.0
298238625043.0 125.0
298301585592.0 0.0
298536724667.0 292.0
298683702852.0 76.0
298696855874.0 127.0
298740437215.0 133.0
299003965472.0 77.0
299005943373.0 145.0
299037845495.0 440.0
299085523540.0 51.0
299091113897.0 226.0
299229977814.0 239.0
299570218062.0 102.0
299763694854.0 364.0
300069979468.0 157.0
300199037637.0 105.0
300346465147.0 234.0
300414328422.0 88.0
300536485567.0 182.0
300539700078.0 77.0
300658782673.0 174.0
300856713101.0 93.0
300887467770.0 200.0
301002256269.0 147.0
301026849007.0 53.0
301095905149.0 188.0
301113802076.0 169.0
301251623209.0 113.0
301355330553.0 271.0
301589899169.0 249.0
301739794378.0 72.0
301948058402.0 146.0
302057532874.0 236.0
302098423183.0 102.0
302142494286.0 64.0
302208360260.0 150.0
302276721242.0 27.0
302332262775.0 447.0
302832972595.0 151.0
302842416540.0 76.0
303196069225.0 128.0
303399048227.0 559.0
303564270413.0 100.0
303697038543.0 255.0
303765171309.0 100.0
303867349889.0 213.0
304118790027.0 263.0
304193880549.0 96.0
304227118764.0 65.0
304236209534.0 0.0
304286651945.0 85.0
304315395757.0 103.0
304489026531.0 256.0
304530737061.0 245.0
304645654742.0 82.0
304678147023.0 0.0
304870877801.0 184.0
305181383444.0 101.0
305364443073.0 355.0
305374389816.0 133.0
305404067990.0 235.0
305484776256.0 95.0
305509804218.0 235.0
305562388174.0 243.0
305676987416.0 85.0
305898322450.0 361.0
305968649688.0 161.0
306289158859.0 91.0
306462721674.0 107.0
306739840381.0 192.0
306742092516.0 243.0
306789275296.0 79.0
306924992728.0 103.0
306937995524.0 104.0
307328378081.0 56.0
307363713946.0 121.0
307446041797.0 0.0
307497799415.0 67.0
307901734688.0 112.0
307985162554.0 38.0
308043465218.0 104.0
308116363629.0 175.0
308325285090.0 84.0
308395360140.0 104.0
308509213259.0 0.0
308735056990.0 177.0
308860726874.0 129.0
308883965342.0 216.0
308997628494.0 318.0
308998124592.0 78.0
309178527238.0 79.0
309352465588.0 347.0
309441929222.0 0.0
309525098480.0 107.0
309627011332.0 106.0
309656637420.0 220.0
309744066300.0 301.0
309841222209.0 81.0
309845359380.0 82.0
309893958661.0 392.0
310081103775.0 147.0
310132442656.0 1.0
310219188453.0 157.0
310316185367.0 77.0
310438026203.0 0.0
310485497311.0 129.0
310672960790.0 62.0
310708949892.0 204.0
310745601863.0 131.0
310773821897.0 80.0
310850220747.0 377.0
310919547270.0 0.0
310994502381.0 121.0
311061902242.0 318.0
311132292788.0 108.0
311215161213.0 84.0
311225585498.0 270.0
311271996293.0 88.0
311436301512.0 120.0
311460456548.0 84.0
311514119077.0 136.0
311578057687.0 260.0
311726929462.0 101.0
311827030344.0 151.0
311880608659.0 89.0
311934717141.0 114.0
312023594524.0 143.0
312093034936.0 257.0
312161847429.0 261.0
312244750289.0 90.0
312526156311.0 334.0
312538051892.0 209.0
312650734842.0 174.0
312710897219.0 231.0
312764815172.0 160.0
312784110008.0 106.0
312789866834.0 269.0
312888993474.0 71.0
312995976290.0 61.0
313183246180.0 44.0
313204518912.0 212.0
313294815469.0 72.0
313319591808.0 171.0
313414697257.0 223.0
313449191813.0 153.0
313451223735.0 188.0
313526193522.0 195.0
313693865940.0 0.0
313695013113.0 140.0
313715921265.0 90.0
313814377318.0 128.0
313877238610.0 250.0
314639765463.0 81.0
314939128022.0 144.0
314981383258.0 135.0
315103147939.0 328.0
315113411555.0 100.0
315350348678.0 92.0
315545094201.0 227.0
315587318956.0 90.0
315590225135.0 76.0
315638365965.0 105.0
315708394049.0 310.0
315892215487.0 89.0
315919061652.0 69.0
316073009131.0 316.0
316101599772.0 293.0
316858347318.0 252.0
317168332663.0 273.0
317351160663.0 158.0
317403163992.0 144.0
317618759538.0 0.0
317847279678.0 256.0
317932331046.0 64.0
318084695798.0 67.0
318447152714.0 238.0
318502110677.0 76.0
318805506130.0 112.0
318896050681.0 204.0
318897325230.0 148.0
318906822362.0 177.0
318923447943.0 28.0
318969981588.0 104.0
319116442960.0 82.0
319123272139.0 75.0
319225616010.0 124.0
319288041154.0 163.0
319381258720.0 275.0
319479139645.0 0.0
319501419905.0 112.0
319597510248.0 104.0
319723434741.0 81.0
319731256551.0 181.0
319830869122.0 173.0
319901979938.0 59.0
320444645952.0 43.0
320454118935.0 105.0
320595886762.0 152.0
320691964931.0 174.0
320753657233.0 144.0
320765261035.0 362.0
320778052759.0 200.0
320827366418.0 99.0
320871951679.0 192.0
320951778323.0 133.0
321180985849.0 113.0
321259916866.0 369.0
321379202894.0 60.0
321658325226.0 122.0
321770173364.0 167.0
322044951644.0 131.0
322084212436.0 73.0
322261244701.0 233.0
322527445363.0 137.0
322583285800.0 88.0
322595549861.0 146.0
322671198913.0 0.0
322751362778.0 0.0
322888021940.0 108.0
322961878831.0 59.0
322974073606.0 115.0
323126104498.0 261.0
323247758732.0 284.0
323364925192.0 288.0
323393015434.0 0.0
323447154806.0 68.0
323542848210.0 0.0
323691086611.0 345.0
323853821555.0 154.0
323869942340.0 117.0
323948808131.0 97.0
324004295179.0 124.0
324036041645.0 87.0
324049387168.0 141.0
324217985708.0 104.0
324279840826.0 251.0
324325559364.0 110.0
324343505655.0 112.0
324367066309.0 47.0
324377482086.0 277.0
324475049392.0 390.0
324516759166.0 273.0
324710977163.0 268.0
325071499323.0 182.0
325175390140.0 100.0
325209340132.0 147.0
325237379110.0 98.0
325312099145.0 156.0
325328753913.0 112.0
325451604155.0 247.0
325487543383.0 455.0
325680886697.0 51.0
326118137912.0 240.0
326133140904.0 122.0
326228704495.0 172.0
326447568938.0 129.0
326632104237.0 140.0
326644956140.0 218.0
326826765815.0 91.0
326971066268.0 95.0
327314277745.0 84.0
327319693126.0 84.0
327418129358.0 347.0
327430931367.0 208.0
327771655615.0 102.0
327790924799.0 65.0
328135318167.0 81.0
328212695465.0 210.0
328215405935.0 137.0
328468121398.0 86.0
328612458108.0 0.0
328661470636.0 70.0
328888800740.0 281.0
329135793954.0 98.0
329335107442.0 204.0
329341966384.0 280.0
329415154687.0 183.0
329796747488.0 245.0
329929309425.0 120.0
329972034662.0 73.0
330156926090.0 288.0
330288202218.0 100.0
330401027687.0 321.0
330460966209.0 97.0
330693222233.0 251.0
330732451591.0 545.0
330735757673.0 138.0
331175176352.0 99.0
331237953684.0 245.0
331342820107.0 0.0
331477206264.0 43.0
331541874545.0 260.0
331820599049.0 130.0
332159452568.0 151.0
332288392912.0 0.0
332309623877.0 89.0
332417887688.0 293.0
332429564271.0 475.0
332523949605.0 246.0
332547208842.0 157.0
332770489682.0 90.0
332957129219.0 130.0
332959425898.0 111.0
333086414092.0 0.0
333196890094.0 112.0
333287009029.0 354.0
333380877422.0 85.0
333514393112.0 107.0
333526435442.0 64.0
333568553378.0 364.0
333732829563.0 102.0
333811517089.0 137.0
333881150788.0 74.0
333927374990.0 272.0
333949449682.0 439.0
334035392224.0 85.0
334145187851.0 94.0
334165835628.0 339.0
334178003324.0 65.0
334413706918.0 79.0
334538977278.0 156.0
334552319646.0 115.0
334629718350.0 94.0
334712255721.0 82.0
334771842029.0 448.0
334822328827.0 224.0
334945130678.0 172.0
334948155538.0 73.0
334949132694.0 74.0
335067904880.0 100.0
335271899321.0 179.0
335297100410.0 122.0
335305245553.0 443.0
335393066629.0 246.0
335403932710.0 125.0
335414896041.0 103.0
335523708827.0 107.0
335912211546.0 38.0
336016887939.0 86.0
336077458974.0 244.0
336102312587.0 318.0
336138934481.0 78.0
336375005107.0 57.0
336394434124.0 106.0
336408798642.0 192.0
336437480459.0 107.0
336566721726.0 135.0
336728727750.0 401.0
336808661849.0 102.0
337048982385.0 97.0
337077625364.0 0.0
337219299337.0 104.0
337507230810.0 273.0
337619712016.0 74.0
337709391022.0 80.0
337903684209.0 109.0
338222412625.0 0.0
338444868353.0 116.0
338457255193.0 138.0
338580598967.0 174.0
338603095907.0 248.0
338836183267.0 270.0
338849334697.0 0.0
338904453387.0 0.0
338956341525.0 193.0
339196601617.0 81.0
339224452899.0 79.0
339318258122.0 21.0
339543192447.0 91.0
339644514058.0 118.0
339943242028.0 151.0
339952154353.0 154.0
340014698399.0 83.0
340108395180.0 430.0
340206320093.0 89.0
340332867147.0 114.0
340391200438.0 71.0
340455225013.0 159.0
340496450138.0 240.0
340625409614.0 128.0
340640226495.0 226.0
340956868246.0 180.0
341010813262.0 366.0
341075276164.0 170.0
341075959874.0 161.0
341245674003.0 86.0
341315394027.0 334.0
341320222499.0 75.0
341406979720.0 95.0
341440985648.0 193.0
341469952718.0 76.0
341470714615.0 261.0
341593118062.0 76.0
341621271951.0 95.0
341748244012.0 341.0
342225583190.0 109.0
342284487352.0 377.0
342722986925.0 117.0
342751517685.0 126.0
342856813135.0 317.0
342915415324.0 132.0
342938991933.0 118.0
343085527765.0 190.0
343109249758.0 36.0
343270338276.0 55.0
343277452340.0 177.0
343306488584.0 146.0
343589412460.0 117.0
343764891710.0 87.0
343780103327.0 325.0
344048043354.0 250.0
344284425542.0 0.0
344414035686.0 244.0
344483861742.0 147.0
344615759932.0 57.0
344640932179.0 54.0
344663811882.0 0.0
344675048252.0 59.0
344815672458.0 87.0
344944447841.0 129.0
345117658345.0 75.0
345217069922.0 123.0
345253922948.0 72.0
345331649279.0 261.0
345364228525.0 0.0
345392068542.0 73.0
345408983022.0 651.0
345518094325.0 435.0
345552259771.0 77.0
346151607729.0 68.0
346184126410.0 47.0
346288687539.0 136.0
346314493547.0 145.0
346458620424.0 98.0
346532799162.0 236.0
346618519389.0 202.0
346649254167.0 37.0
346890254828.0 104.0
346912672292.0 117.0
347204643962.0 93.0
347299116330.0 483.0
347550693336.0 76.0
347553287281.0 0.0
347662907053.0 149.0
347701836702.0 177.0
347731346603.0 142.0
347749808327.0 84.0
347928161294.0 24.0
348052239995.0 95.0
348072122650.0 74.0
348282758125.0 98.0
348735643147.0 204.0
348751139245.0 81.0
348751260058.0 93.0
348897548800.0 427.0
348987505768.0 299.0
349343210694.0 64.0
349595629177.0 75.0
349603618640.0 182.0
349614461190.0 548.0
349997088230.0 38.0
350023747862.0 115.0
350063547758.0 0.0
350084969022.0 80.0
350311280283.0 49.0
350444207654.0 238.0
350853009004.0 103.0
350858870125.0 113.0
351017256050.0 142.0
351215599664.0 155.0
351348837606.0 185.0
351465138121.0 32.0
351531062971.0 118.0
351629683368.0 189.0
351675798203.0 88.0
352133101073.0 88.0
352479050463.0 115.0
352499869475.0 62.0
352508513158.0 0.0
352591704582.0 82.0
352917096024.0 241.0
352998315829.0 170.0
353055130667.0 125.0
353069287880.0 95.0
353193817469.0 65.0
353231995025.0 248.0
353354393228.0 38.0
353412207882.0 114.0
353551277577.0 141.0
353575260209.0 243.0
353681821866.0 395.0
353749641257.0 117.0
353771119046.0 202.0
353820848283.0 0.0
353857141328.0 29.0
354126606402.0 104.0
354145893173.0 245.0
354192797632.0 109.0
354244329146.0 202.0
354323610143.0 80.0
354347595042.0 218.0
354714243481.0 127.0
354746340417.0 79.0
354835017794.0 250.0
354911116352.0 112.0
354950936657.0 77.0
354972860033.0 135.0
355035440193.0 63.0
355121653291.0 177.0
355129543854.0 93.0
355148967421.0 91.0
355254372453.0 182.0
355307149857.0 72.0
355350220175.0 156.0
355620857521.0 84.0
355661175022.0 465.0
355848781558.0 93.0
356056465034.0 316.0
356312369837.0 112.0
356491875078.0 120.0
356530109343.0 159.0
356692073262.0 75.0
356834519793.0 103.0
356966400804.0 106.0
357094163232.0 93.0
357244290239.0 119.0
357383110210.0 371.0
357702053188.0 140.0
357715643057.0 157.0
357847293688.0 234.0
357935546820.0 75.0
358021399527.0 164.0
358091215161.0 48.0
358465071701.0 84.0
358720961885.0 158.0
358780220781.0 0.0
358795128187.0 0.0
358807098752.0 100.0
358863639946.0 111.0
359055944532.0 52.0
359211110591.0 99.0
359238261268.0 95.0
359269673238.0 96.0
359289485565.0 186.0
359392546604.0 58.0
359581002780.0 92.0
359720190168.0 257.0
359823755908.0 156.0
360213216518.0 148.0
360428476491.0 142.0
360544657476.0 66.0
360566494063.0 98.0
360568635097.0 91.0
360734224091.0 0.0
360744792394.0 97.0
360782096588.0 174.0
360828490892.0 86.0
360931196643.0 88.0
360933641150.0 146.0
360942981002.0 317.0
361106365647.0 264.0
361106493825.0 409.0
361138151470.0 102.0
361152850259.0 52.0
361372764950.0 369.0
361414621137.0 66.0
361675908035.0 176.0
361818740528.0 166.0
361867453016.0 51.0
361888670930.0 179.0
362347147196.0 145.0
362369612210.0 76.0
362378110357.0 443.0
362497896328.0 0.0
362532178636.0 0.0
362593476196.0 380.0
362606791016.0 74.0
362676375971.0 151.0
362697695412.0 339.0
362713534809.0 80.0
362758998273.0 315.0
362788534491.0 97.0
362834904110.0 42.0
363132371423.0 132.0
363144035784.0 135.0
363176435895.0 141.0
363217216020.0 125.0
363248567359.0 93.0
363274823771.0 174.0
363399614101.0 114.0
363468008404.0 55.0
363622626856.0 125.0
363743711649.0 341.0
363840611838.0 88.0
363878442945.0 113.0
363914562616.0 86.0
364142837157.0 27.0
364182897778.0 250.0
364347810772.0 97.0
364537998157.0 159.0
364546167721.0 206.0
364689731685.0 42.0
364722950594.0 273.0
365358426436.0 170.0
365376211130.0 256.0
365506841924.0 137.0
365550507091.0 122.0
365665120130.0 168.0
365668485576.0 292.0
365828900404.0 154.0
365965518828.0 88.0
366243205724.0 0.0
366436320462.0 129.0
366449386042.0 158.0
366660553363.0 556.0
366667853515.0 114.0
366687625679.0 56.0
366747972595.0 163.0
366871836565.0 79.0
366914225354.0 120.0
367028364735.0 66.0
367102870568.0 269.0
367166326954.0 233.0
367211022632.0 113.0
367252710844.0 76.0
367467628678.0 179.0
367693845137.0 111.0
367755085752.0 69.0
368128598235.0 86.0
368149929397.0 147.0
368294013215.0 93.0
368535994127.0 113.0
368655103821.0 87.0
368655976346.0 149.0
368710131659.0 242.0
369004151240.0 71.0
369062479202.0 65.0
369256863534.0 88.0
369258808774.0 180.0
369287668828.0 293.0
369390999101.0 159.0
369423455303.0 92.0
369578082972.0 201.0
369672790536.0 46.0
369726286293.0 0.0
369750483069.0 91.0
369778755791.0 0.0
370000033563.0 0.0
370144025668.0 0.0
370326626941.0 251.0
370434153702.0 0.0
370484562614.0 68.0
370547163886.0 118.0
370723012078.0 261.0
370739464559.0 256.0
370835512486.0 323.0
370880135232.0 150.0
370933824992.0 200.0
371010320629.0 0.0
371261983433.0 162.0
371388571239.0 248.0
371478841024.0 117.0
371507133782.0 130.0
371682028957.0 346.0
371780171777.0 157.0
371780845957.0 191.0
371793925107.0 153.0
371875933340.0 54.0
371973516496.0 42.0
371991846672.0 80.0
372121594420.0 34.0
372160704909.0 121.0
372301887033.0 119.0
372407843309.0 165.0
372494331979.0 219.0
372545838877.0 111.0
372618479300.0 365.0
372643901720.0 34.0
372695402292.0 238.0
372717476563.0 0.0
372743014976.0 182.0
372886454745.0 256.0
372997087835.0 402.0
372997762412.0 93.0
373221485288.0 0.0
373507044675.0 134.0
373568158406.0 225.0
373750238673.0 170.0
373772973247.0 348.0
373873170664.0 389.0
373886010267.0 161.0
374109670534.0 271.0
374558509283.0 105.0
374716963651.0 0.0
374788250453.0 204.0
374812179210.0 0.0
374944753095.0 221.0
375000189167.0 180.0
375040875672.0 111.0
375172429913.0 91.0
375311666987.0 102.0
375346107495.0 73.0
375654599378.0 0.0
375757841203.0 132.0
375837015603.0 260.0
375875966563.0 51.0
375886880079.0 257.0
375899597957.0 0.0
375912589575.0 44.0
375931625189.0 124.0
376112189451.0 139.0
376129796281.0 176.0
376144177886.0 137.0
376145174546.0 98.0
376355754122.0 575.0
376410195414.0 102.0
376451292357.0 116.0
376474377598.0 153.0
376478975724.0 163.0
376733042903.0 0.0
376886755040.0 120.0
376917603107.0 229.0
376924079556.0 169.0
376982519068.0 132.0
377035351686.0 259.0
377430598597.0 84.0
377653037426.0 114.0
377731481639.0 148.0
377774277883.0 75.0
377846698513.0 165.0
377997242675.0 72.0
378133644986.0 84.0
378337481566.0 161.0
378342817274.0 100.0
378353112460.0 182.0
378539458729.0 113.0
378585794167.0 234.0
378621414704.0 139.0
378993352428.0 289.0
379158390872.0 145.0
379285013361.0 233.0
379378458059.0 350.0
379437693914.0 219.0
379599320803.0 172.0
379730691994.0 51.0
379789806685.0 192.0
379864891485.0 302.0
379866234702.0 205.0
379892830948.0 154.0
379905778726.0 80.0
380023048835.0 71.0
380081746007.0 95.0
380211508409.0 101.0
380268499490.0 0.0
380338142499.0 87.0
380547981266.0 85.0
380562547369.0 297.0
380770665351.0 123.0
381189268406.0 118.0
381296951395.0 139.0
381476570775.0 98.0
381493748504.0 117.0
381525433099.0 41.0
381709204582.0 69.0
382362568862.0 179.0
382404462911.0 69.0
382561721462.0 91.0
382617134555.0 268.0
382696097652.0 251.0
382848439765.0 88.0
382905754925.0 0.0
383205116768.0 177.0
383277609369.0 0.0
383349925125.0 251.0
383573886108.0 240.0
383633216496.0 133.0
383737020216.0 45.0
383844607518.0 271.0
383917784696.0 104.0
384095404455.0 102.0
384118177312.0 479.0
384259284954.0 57.0
384383970053.0 0.0
384410331092.0 171.0
384421888122.0 105.0
384456921205.0 128.0
384489833045.0 193.0
384620389470.0 106.0
384711141370.0 78.0
384770099747.0 64.0
384773039473.0 84.0
384857564807.0 128.0
384955429349.0 166.0
385210915510.0 91.0
385277772305.0 69.0
385292704044.0 124.0
385294116302.0 156.0
385377173909.0 217.0
385529517095.0 445.0
385616710035.0 295.0
385859890406.0 183.0
385877038689.0 504.0
385934524564.0 183.0
385986972039.0 189.0
386005296270.0 113.0
386104237563.0 144.0
386114331352.0 67.0
386163274613.0 74.0
386419370741.0 94.0
386445362273.0 159.0
386467617416.0 227.0
386472532176.0 177.0
386708725457.0 132.0
386735669380.0 287.0
386826986710.0 46.0
386849825299.0 110.0
387185404235.0 56.0
387196953706.0 136.0
387397358595.0 134.0
387444150097.0 194.0
387480015861.0 251.0
387499325006.0 30.0
387537900242.0 273.0
387647857290.0 123.0
387680349014.0 76.0
387768399735.0 86.0
387892435178.0 165.0
387997223881.0 62.0
388013116096.0 123.0
388028984644.0 85.0
388031967305.0 79.0
388128430578.0 119.0
388165413476.0 128.0
388265659814.0 72.0
388293082647.0 97.0
388407393644.0 72.0
388505378129.0 170.0
388532812286.0 109.0
388595285066.0 0.0
388647925359.0 0.0
388907491838.0 224.0
389160336759.0 90.0
389366827868.0 90.0
389369328426.0 99.0
389691935299.0 89.0
389800464977.0 0.0
390152959832.0 0.0
390155525886.0 94.0
390210499577.0 237.0
390333159609.0 95.0
390384208523.0 93.0
390386604497.0 101.0
390479213400.0 131.0
390489645227.0 47.0
390505833087.0 159.0
390529636610.0 143.0
390629506159.0 195.0
390796354382.0 108.0
390859110854.0 0.0
390935060678.0 102.0
391193483976.0 135.0
391217252989.0 156.0
391323679209.0 182.0
391357494226.0 0.0
391376116907.0 103.0
391636333785.0 246.0
391666080094.0 146.0
392000003023.0 0.0
392033076366.0 381.0
392183365472.0 102.0
392183699516.0 29.0
392187937066.0 201.0
392525369371.0 350.0
392565491330.0 86.0
392583455868.0 81.0
392583653106.0 65.0
392707346156.0 167.0
392731542850.0 116.0
393077550076.0 108.0
393085754653.0 245.0
393094988675.0 70.0
393294885409.0 97.0
393423323805.0 130.0
393495782681.0 208.0
393544127729.0 119.0
393552141191.0 42.0
393576992908.0 326.0
394009522325.0 292.0
394101511810.0 0.0
394105451798.0 145.0
394206770935.0 144.0
394414033868.0 193.0
394712790902.0 30.0
394739342478.0 132.0
395058931287.0 123.0
395066641029.0 136.0
395186481181.0 176.0
395264426604.0 115.0
395408157222.0 108.0
395665854775.0 96.0
396115946055.0 369.0
396241505729.0 85.0
396253737686.0 474.0
396280381096.0 67.0
396330143205.0 123.0
396373255777.0 231.0
396511903146.0 91.0
396563327082.0 265.0
396619587575.0 159.0
396720679780.0 149.0
