11073700.0 382.0
16116910.0 406.0
48336022.0 357.0
62167380.0 369.0
123111914.0 177.0
256921894.0 136.0
326669668.0 124.0
446224877.0 87.0
488776256.0 131.0
791771027.0 172.0
1091844726.0 225.0
1147482864.0 482.0
1205402867.0 101.0
1289792275.0 384.0
1397501672.0 397.0
1502404839.0 114.0
1517395225.0 123.0
2102055575.0 120.0
2399724205.0 519.0
2611731485.0 411.0
2635613839.0 137.0
2929370884.0 116.0
3187347389.0 73.0
3362211050.0 54.0
3455710007.0 127.0
3523481540.0 43.0
3547643165.0 409.0
3748137488.0 422.0
3947707307.0 162.0
4107753405.0 76.0
4503922670.0 111.0
4751312776.0 187.0
4810591492.0 107.0
5262689237.0 79.0
5267457585.0 60.0
5341931889.0 394.0
5375939014.0 186.0
5382478211.0 58.0
5382626672.0 45.0
5402487610.0 612.0
5540586345.0 268.0
5571933932.0 379.0
5592618344.0 88.0
5643882910.0 134.0
5761734196.0 176.0
5792054458.0 54.0
5823176519.0 375.0
5843362677.0 109.0
5936743116.0 106.0
6044294054.0 522.0
6141505413.0 161.0
6247341864.0 119.0
6331022949.0 59.0
6379128049.0 399.0
6449958746.0 395.0
6621873384.0 101.0
6645404484.0 406.0
6685882300.0 343.0
7095740845.0 179.0
7107452182.0 388.0
7302626514.0 326.0
7464153030.0 38.0
7514870768.0 123.0
7581037311.0 151.0
7615483470.0 100.0
7968974138.0 397.0
8045430420.0 112.0
8084223173.0 368.0
8146668112.0 500.0
8163798298.0 368.0
8183331823.0 90.0
8320888857.0 0.0
8337538302.0 175.0
8386870326.0 178.0
8445393187.0 376.0
8503165972.0 0.0
8540250427.0 367.0
8625372658.0 0.0
8977421954.0 117.0
9470800930.0 110.0
9569605858.0 577.0
9782165485.0 404.0
10031742427.0 0.0
10336964526.0 111.0
10339997758.0 84.0
10485783018.0 81.0
10553094996.0 95.0
10586538470.0 385.0
10645195404.0 82.0
10650019391.0 64.0
10662557964.0 320.0
10794219078.0 104.0
10814536086.0 108.0
10922596746.0 388.0
10936594334.0 99.0
10959525129.0 191.0
10988848790.0 0.0
11075753473.0 219.0
11115713190.0 79.0
11166472260.0 137.0
11285628434.0 171.0
11476109375.0 136.0
11509030337.0 87.0
11680121918.0 206.0
11684273824.0 379.0
11830432745.0 111.0
12177053364.0 108.0
12205140253.0 497.0
12292022958.0 387.0
12303758616.0 359.0
12349752915.0 79.0
12362803368.0 109.0
12471389316.0 155.0
12508097865.0 83.0
12599129353.0 97.0
12621688728.0 294.0
12710731023.0 374.0
12715467476.0 224.0
12820129312.0 86.0
12880863360.0 374.0
12884090556.0 400.0
13207620222.0 205.0
13259850733.0 186.0
13315620391.0 409.0
13324136785.0 437.0
13435723062.0 261.0
13437874017.0 70.0
13501249722.0 180.0
13566438605.0 317.0
13728231510.0 105.0
13775702294.0 268.0
13934041253.0 471.0
13952956287.0 137.0
13954976783.0 134.0
13988913829.0 339.0
14319130967.0 130.0
14340065083.0 113.0
14386030763.0 515.0
14393798255.0 169.0
14417403624.0 374.0
14433536041.0 298.0
14736684368.0 152.0
14743429047.0 344.0
14816561895.0 110.0
14858848598.0 101.0
14918364954.0 175.0
14959646718.0 72.0
14972812114.0 363.0
14997902858.0 344.0
15031546217.0 68.0
15197714084.0 171.0
15228328751.0 77.0
15257724239.0 542.0
15431991606.0 82.0
15729221287.0 361.0
15729365825.0 406.0
15929758047.0 233.0
15960505346.0 401.0
16086683513.0 181.0
16202025955.0 61.0
16279118901.0 67.0
16328911929.0 132.0
16383063319.0 93.0
16519042437.0 121.0
16541973574.0 66.0
16632879544.0 100.0
16687519416.0 114.0
16858337292.0 96.0
16922802235.0 94.0
16939328177.0 41.0
17107612038.0 109.0
17251321397.0 147.0
17309876989.0 89.0
17366203097.0 131.0
17397170777.0 0.0
17502890286.0 182.0
17507581184.0 159.0
17586665792.0 30.0
17687219348.0 154.0
17688875103.0 133.0
17714168684.0 398.0
17873252588.0 0.0
17878171217.0 502.0
18099073235.0 382.0
18339436609.0 27.0
18370624080.0 81.0
18410352816.0 33.0
19013754791.0 86.0
19105646378.0 493.0
19124852267.0 33.0
19332439105.0 59.0
19590684092.0 84.0
19784071405.0 46.0
20310290537.0 127.0
20357934534.0 521.0
20363264506.0 41.0
20539005114.0 97.0
20719260466.0 73.0
20872241430.0 264.0
20941094798.0 129.0
21055952468.0 151.0
21083465902.0 139.0
21394164544.0 344.0
21450302189.0 87.0
21576178358.0 395.0
21632925557.0 37.0
21643258180.0 198.0
21699809523.0 111.0
21758706304.0 80.0
21848194915.0 97.0
21959511941.0 143.0
22002611183.0 280.0
22218423906.0 154.0
22315859424.0 137.0
22336868210.0 221.0
22357009235.0 551.0
22436577573.0 158.0
22681931657.0 172.0
22685937101.0 137.0
22721931528.0 76.0
22791574923.0 82.0
22948336753.0 381.0
22991308679.0 330.0
23135417808.0 127.0
23248342582.0 50.0
23436764476.0 413.0
23541865512.0 221.0
23728532342.0 367.0
23880764735.0 0.0
23926185437.0 147.0
23933847052.0 141.0
24086918213.0 394.0
24256100570.0 387.0
24389863319.0 163.0
24418718809.0 147.0
24582973054.0 228.0
24585155960.0 84.0
24657716082.0 83.0
24737161079.0 48.0
24767384033.0 95.0
24800085093.0 286.0
25153923696.0 90.0
25175202059.0 309.0
25303617187.0 338.0
25409338671.0 407.0
25433864522.0 160.0
25448177719.0 82.0
25645438340.0 368.0
25813762972.0 345.0
25847092120.0 66.0
25858121518.0 111.0
25863184489.0 361.0
25876306114.0 317.0
25928958889.0 152.0
25937130150.0 204.0
25965827883.0 97.0
26085185198.0 239.0
26118538093.0 163.0
26161747119.0 174.0
26286061163.0 389.0
26317181166.0 254.0
26364851484.0 94.0
26615212837.0 47.0
26731990663.0 77.0
26775964393.0 455.0
26856090015.0 253.0
26879740104.0 220.0
27142514940.0 38.0
27182376909.0 315.0
27470153420.0 84.0
27626541139.0 133.0
27655121129.0 139.0
27762934511.0 214.0
27864409144.0 373.0
27871480319.0 102.0
27899454769.0 364.0
27938410456.0 419.0
28052011128.0 168.0
28096435248.0 465.0
28311205135.0 78.0
28400401883.0 95.0
28850070624.0 33.0
29053500630.0 29.0
29623800082.0 59.0
29662188346.0 389.0
29936064402.0 109.0
29959000642.0 151.0
30002573126.0 112.0
30004879607.0 100.0
30162205383.0 447.0
30255690857.0 125.0
30258332611.0 169.0
30301038388.0 84.0
30338134125.0 375.0
30404771726.0 471.0
30480989138.0 263.0
30482323711.0 53.0
30506874011.0 179.0
30563272255.0 330.0
30599124308.0 125.0
30698278179.0 277.0
30704656588.0 0.0
30896140580.0 57.0
30918043696.0 342.0
31014070422.0 182.0
31154480246.0 362.0
31284774304.0 278.0
31505575160.0 68.0
31627562077.0 360.0
31690108119.0 331.0
31707286533.0 361.0
31739375274.0 92.0
31795674405.0 425.0
31950345773.0 376.0
32241578761.0 158.0
32779538125.0 73.0
32779949347.0 469.0
32857162279.0 105.0
32863104302.0 268.0
32925356463.0 199.0
32946670945.0 243.0
32975044275.0 419.0
33051502928.0 190.0
33055189134.0 90.0
33080832484.0 74.0
33121947001.0 238.0
33171153988.0 68.0
33317499232.0 229.0
33322580272.0 140.0
33477626650.0 350.0
33501585059.0 26.0
33505575214.0 83.0
33531747075.0 0.0
33654638615.0 77.0
33701259907.0 346.0
33786031814.0 97.0
34027038214.0 271.0
34032027214.0 66.0
34040805914.0 390.0
34057265051.0 386.0
34230880590.0 72.0
34398253446.0 321.0
34479165223.0 106.0
34486806224.0 134.0
34492782935.0 370.0
34570517113.0 523.0
34632008143.0 162.0
34705388594.0 0.0
34712295868.0 94.0
34805546224.0 18.0
34833689942.0 86.0
35026805732.0 239.0
35079858649.0 69.0
35118712182.0 127.0
35357666746.0 189.0
35447696018.0 46.0
35467812720.0 74.0
35536206641.0 606.0
35901790189.0 177.0
35981361270.0 401.0
36083040940.0 0.0
36117129540.0 487.0
36186249858.0 56.0
36213549861.0 512.0
36246691102.0 116.0
36333868755.0 111.0
36417202933.0 216.0
36552661170.0 84.0
36787456773.0 61.0
37031520395.0 31.0
37058787716.0 128.0
37253364431.0 141.0
37316470430.0 87.0
37421331502.0 242.0
37558908353.0 327.0
37643979042.0 395.0
37685634007.0 190.0
37789506509.0 113.0
37850300748.0 0.0
37853478506.0 0.0
38038557414.0 175.0
38078783195.0 123.0
38122582042.0 103.0
38248151781.0 78.0
38278944848.0 176.0
38318069299.0 187.0
38327616811.0 314.0
38390826881.0 83.0
38467041480.0 379.0
38530518024.0 369.0
38562308363.0 61.0
38829598964.0 174.0
38952255620.0 0.0
38986839095.0 470.0
39140549040.0 374.0
39212745958.0 75.0
39229611010.0 241.0
39343840398.0 329.0
39665789207.0 376.0
39901015498.0 173.0
39950775341.0 120.0
40095239589.0 358.0
40138278761.0 167.0
40452195944.0 294.0
40708665342.0 246.0
40838798121.0 181.0
41083409417.0 200.0
41232235067.0 468.0
41243670847.0 375.0
41320348516.0 372.0
41344044404.0 72.0
41456775829.0 124.0
41542826099.0 491.0
41563478297.0 120.0
41567388088.0 123.0
41655810691.0 386.0
41897467833.0 0.0
41980237238.0 383.0
42124268136.0 462.0
42253133503.0 161.0
42269621205.0 152.0
42367803526.0 64.0
42517592657.0 254.0
42614839348.0 181.0
42631364199.0 60.0
42700705730.0 601.0
42884396033.0 135.0
43057700818.0 459.0
43101665862.0 105.0
43217693381.0 78.0
43244777951.0 146.0
43268273163.0 79.0
43333914301.0 89.0
43592235909.0 101.0
43625506791.0 173.0
43682627947.0 88.0
43692194836.0 199.0
43736818010.0 98.0
43775320235.0 226.0
43926594958.0 142.0
44467586073.0 321.0
44696438899.0 406.0
44785668026.0 214.0
44805295549.0 201.0
45092861316.0 85.0
45119849404.0 0.0
45203206767.0 308.0
45394712459.0 120.0
45470283227.0 169.0
45497393910.0 127.0
45542858478.0 373.0
45579826153.0 379.0
45704092579.0 0.0
45816496636.0 163.0
45840604819.0 135.0
46176796484.0 71.0
46289413472.0 178.0
46344338561.0 63.0
46431048671.0 295.0
46476539868.0 101.0
46571885191.0 121.0
46585326525.0 95.0
46637508126.0 371.0
46648425067.0 248.0
46874372907.0 120.0
46956438218.0 125.0
47369800284.0 76.0
47456411354.0 309.0
47491971838.0 317.0
47908157145.0 71.0
48036692430.0 398.0
48226196331.0 131.0
48483745697.0 102.0
48554768043.0 98.0
48633564449.0 422.0
48801079111.0 30.0
49205357894.0 128.0
49389795084.0 179.0
49483550187.0 233.0
49489367491.0 131.0
49500349284.0 84.0
49528858610.0 384.0
49567044108.0 427.0
49710775681.0 59.0
49742259539.0 380.0
49743031884.0 111.0
49797876831.0 47.0
49976301480.0 337.0
50214453167.0 275.0
50273789359.0 226.0
50395437093.0 441.0
50400193149.0 56.0
50467732391.0 135.0
50608874075.0 260.0
50617856377.0 123.0
50903499925.0 146.0
50971757984.0 242.0
51017197912.0 428.0
51054493888.0 396.0
51061294889.0 279.0
51264151667.0 196.0
51280084543.0 252.0
51328825270.0 128.0
51394761134.0 269.0
51426224298.0 69.0
51476654477.0 123.0
51491563094.0 0.0
51682266628.0 254.0
51751874154.0 124.0
51771357234.0 373.0
51866931873.0 47.0
51894682560.0 283.0
52006431190.0 386.0
52179128771.0 0.0
52238882998.0 100.0
52262009867.0 392.0
52404125472.0 0.0
52541244378.0 376.0
52620303664.0 398.0
52629593698.0 601.0
52793733590.0 110.0
52837140565.0 384.0
52872695151.0 424.0
52982173190.0 36.0
53010466063.0 475.0
53018661233.0 83.0
53044844274.0 340.0
53123850332.0 67.0
53173051878.0 102.0
53339833821.0 105.0
53345668176.0 499.0
53376740746.0 98.0
53378445088.0 371.0
53647141997.0 0.0
53759084677.0 418.0
53878825978.0 170.0
53993792323.0 101.0
54079903350.0 211.0
54326379686.0 372.0
54340756448.0 205.0
54543755584.0 454.0
54609153769.0 179.0
55039043417.0 353.0
55097487153.0 495.0
55345717054.0 362.0
55368878690.0 377.0
55474938128.0 390.0
55485899520.0 57.0
55524612014.0 74.0
56179417894.0 63.0
56233972437.0 358.0
56271458200.0 133.0
56393189207.0 136.0
56973412940.0 158.0
57077265257.0 180.0
57120827440.0 609.0
57210302213.0 256.0
57296292318.0 93.0
57326258217.0 315.0
57377482878.0 33.0
57458081664.0 60.0
57522095192.0 111.0
57628987002.0 365.0
57666265103.0 207.0
57694616764.0 0.0
57705185271.0 83.0
57769727208.0 95.0
57918853251.0 488.0
57919295125.0 210.0
57935317527.0 133.0
57974122231.0 324.0
57991028013.0 107.0
58050093753.0 428.0
58133181735.0 102.0
58151251202.0 62.0
58272599091.0 379.0
58283572812.0 398.0
58396379451.0 320.0
58465405692.0 45.0
58530280245.0 91.0
58551400983.0 91.0
58560689858.0 115.0
58676705092.0 116.0
58688056780.0 64.0
58727234629.0 148.0
58808807524.0 124.0
58898043008.0 119.0
59021892986.0 442.0
59081450858.0 143.0
59147712936.0 75.0
59383078037.0 463.0
59455092007.0 383.0
59628220937.0 93.0
59786719732.0 110.0
59801592639.0 85.0
59981992814.0 233.0
59991773201.0 192.0
60075182509.0 412.0
60251907062.0 104.0
60303457265.0 371.0
60402027257.0 405.0
60559094308.0 95.0
60673094470.0 215.0
60689319466.0 195.0
60846031551.0 0.0
60880456974.0 89.0
60885471277.0 82.0
60923896479.0 371.0
61113342342.0 404.0
61178411420.0 113.0
61315274780.0 139.0
61347891270.0 0.0
61490748046.0 46.0
61710763160.0 75.0
61727583169.0 221.0
61775410222.0 30.0
61857378365.0 148.0
61989046913.0 471.0
62013601773.0 125.0
62090915137.0 379.0
62183264876.0 362.0
62188442911.0 263.0
62338398606.0 147.0
62651190588.0 562.0
62698711413.0 152.0
62961700999.0 99.0
63398230442.0 208.0
63514569720.0 116.0
63537425020.0 144.0
63582836556.0 390.0
63827616605.0 60.0
63844027557.0 147.0
63921596822.0 79.0
63930850455.0 350.0
64233085675.0 92.0
64260849464.0 417.0
64298586549.0 115.0
64529159137.0 241.0
64672775567.0 231.0
64723492528.0 58.0
64966403126.0 384.0
65091736309.0 180.0
65211150313.0 386.0
65354622898.0 200.0
65616703132.0 91.0
65699526268.0 173.0
65762976050.0 70.0
65955297569.0 370.0
65984206458.0 396.0
66002632515.0 128.0
66091410554.0 106.0
66224339718.0 25.0
66261825073.0 132.0
66345867146.0 219.0
66387559326.0 355.0
66388492098.0 304.0
66390927874.0 67.0
66392428772.0 94.0
66494020342.0 0.0
66496528508.0 173.0
66527502617.0 147.0
66648320870.0 189.0
66759000380.0 530.0
66939768540.0 338.0
66948144994.0 63.0
67097696014.0 118.0
67232472697.0 65.0
67305457576.0 389.0
67456730516.0 0.0
67484057648.0 174.0
67552258737.0 0.0
67556924446.0 408.0
67638936699.0 0.0
67728928323.0 180.0
67937881046.0 83.0
67979863964.0 128.0
68128242034.0 131.0
68128704744.0 383.0
68288613283.0 633.0
68351805541.0 169.0
68496595838.0 213.0
68791200713.0 88.0
68856982881.0 390.0
68956411150.0 194.0
69001793844.0 46.0
69029752436.0 83.0
69167741744.0 361.0
69279128014.0 74.0
69359112798.0 422.0
69581355213.0 388.0
69684382217.0 511.0
69734058016.0 101.0
69768706493.0 74.0
69773104770.0 494.0
70062060338.0 349.0
70077982832.0 150.0
70108906418.0 229.0
70317685465.0 0.0
70513592393.0 157.0
70583029586.0 268.0
70689852497.0 350.0
70740928844.0 399.0
70871216354.0 98.0
70891032135.0 390.0
70929756747.0 182.0
71032488156.0 95.0
71255191074.0 155.0
71300702413.0 357.0
71534995335.0 157.0
71654519263.0 60.0
71695752804.0 142.0
71764062229.0 27.0
71822621096.0 377.0
72022932637.0 170.0
72138408545.0 151.0
72153473066.0 142.0
72195296688.0 192.0
72450885491.0 99.0
72523310960.0 0.0
72614199629.0 266.0
72663946922.0 202.0
72916873989.0 452.0
72949071191.0 184.0
73082234157.0 400.0
73186749614.0 0.0
73291723214.0 518.0
73438352499.0 152.0
73473158363.0 312.0
73544807975.0 0.0
73940585703.0 160.0
74124775193.0 180.0
74319777259.0 0.0
74364805135.0 114.0
74713189810.0 117.0
75240566837.0 438.0
75247357552.0 49.0
75414480572.0 178.0
75495235212.0 75.0
75615550857.0 373.0
75624839537.0 191.0
75871341819.0 119.0
75932501526.0 462.0
75936184187.0 381.0
75968774941.0 182.0
75977291337.0 397.0
76093705328.0 0.0
76164535122.0 21.0
76231165634.0 422.0
76337320142.0 154.0
76379021602.0 162.0
76416603910.0 409.0
76433131476.0 141.0
76449235489.0 110.0
76473919546.0 92.0
76512547551.0 157.0
76521771260.0 71.0
76651095331.0 46.0
76651956246.0 0.0
76684001478.0 67.0
76701586357.0 111.0
77147860228.0 63.0
77319024639.0 87.0
77351237696.0 225.0
77546189324.0 0.0
77661099146.0 459.0
77668130798.0 90.0
77821698571.0 103.0
77828276284.0 373.0
77843567339.0 63.0
77869929792.0 82.0
77910286724.0 252.0
78019554261.0 181.0
78064668251.0 587.0
78184590175.0 82.0
78415835653.0 151.0
78519175255.0 402.0
78776932667.0 173.0
78777337815.0 125.0
78808314944.0 39.0
78827504230.0 87.0
78860937568.0 130.0
78865452865.0 29.0
78927309131.0 44.0
79058132419.0 381.0
79073453044.0 112.0
79078881615.0 68.0
79133181087.0 103.0
79304030624.0 0.0
79382208601.0 0.0
79598069169.0 51.0
79713023214.0 220.0
79819706222.0 157.0
79864172332.0 367.0
79898000050.0 83.0
79912099940.0 217.0
79997243418.0 376.0
80047624272.0 81.0
80246913978.0 76.0
80268974461.0 276.0
80388665892.0 67.0
80481165237.0 91.0
80590993517.0 0.0
80667205013.0 100.0
80726331310.0 53.0
80765974380.0 107.0
80794087290.0 381.0
80969967403.0 86.0
81064689062.0 89.0
81439872519.0 398.0
81530651935.0 394.0
81573059825.0 381.0
81640794455.0 391.0
81806705690.0 152.0
82280314567.0 485.0
82363740602.0 75.0
82386446471.0 115.0
82400822171.0 0.0
82591491197.0 60.0
82625983788.0 50.0
82762404703.0 1.0
83130876003.0 373.0
83206302742.0 432.0
83411586180.0 0.0
83500618252.0 179.0
83560782103.0 441.0
83675207081.0 371.0
84188383885.0 79.0
84198732048.0 366.0
84427567338.0 77.0
84653602469.0 60.0
84724908489.0 186.0
84751128450.0 126.0
84935215996.0 179.0
85057320854.0 88.0
85074017618.0 70.0
85084501628.0 276.0
85226198080.0 598.0
85278016625.0 183.0
85280683217.0 157.0
85698224394.0 67.0
86033875161.0 115.0
86366220116.0 32.0
86465223057.0 366.0
86469652245.0 95.0
86590622352.0 212.0
86660081467.0 71.0
86739363230.0 379.0
86814655476.0 402.0
86837534272.0 138.0
87189645571.0 104.0
87219766275.0 48.0
87384604546.0 76.0
87825301380.0 90.0
87930518322.0 202.0
87968439407.0 264.0
88455935215.0 81.0
88457564117.0 71.0
88507208756.0 355.0
88545200051.0 134.0
88598823304.0 95.0
88610358943.0 40.0
88679902468.0 63.0
88748166224.0 131.0
88848169660.0 491.0
88856409392.0 77.0
89036993886.0 547.0
89106013345.0 58.0
89356089649.0 0.0
89387803475.0 436.0
89558149915.0 106.0
89858587553.0 107.0
89910118758.0 64.0
90056278754.0 385.0
90085192698.0 0.0
90098006490.0 105.0
90232614629.0 289.0
90740924090.0 84.0
90850562966.0 167.0
90873972862.0 56.0
91038403238.0 316.0
91160976342.0 105.0
91246503575.0 133.0
91388462977.0 46.0
91460721928.0 469.0
91605386776.0 75.0
91674672984.0 355.0
91688244720.0 87.0
91717375014.0 103.0
91754482645.0 420.0
91780471442.0 98.0
91804572434.0 104.0
91817594367.0 78.0
92030337728.0 588.0
92045711567.0 112.0
92153766686.0 159.0
92218792002.0 100.0
92287264532.0 590.0
92437872416.0 384.0
92493199552.0 97.0
92757329599.0 53.0
92888520062.0 368.0
93068814830.0 114.0
93158877717.0 134.0
93188972869.0 116.0
93209036541.0 93.0
93235942601.0 46.0
93258301856.0 383.0
93556698803.0 0.0
93837832190.0 289.0
93857630999.0 67.0
93936897111.0 414.0
94120272822.0 186.0
94442939853.0 159.0
94509673582.0 116.0
94552281981.0 383.0
95026745554.0 52.0
95071112966.0 284.0
95213768638.0 137.0
95242109396.0 94.0
95320911362.0 100.0
95352756515.0 354.0
95487861230.0 70.0
95516378106.0 296.0
95933481559.0 84.0
96060955792.0 227.0
96276884386.0 366.0
96377970182.0 86.0
96472974632.0 342.0
96843772682.0 106.0
96894892002.0 52.0
96952976298.0 324.0
97005353889.0 79.0
97010212132.0 440.0
97067938857.0 178.0
97149206256.0 364.0
97191257796.0 117.0
97290501744.0 90.0
97354101153.0 113.0
97423923514.0 554.0
97610269897.0 175.0
97686365634.0 217.0
97701659134.0 429.0
98050792530.0 386.0
98056945094.0 367.0
98095992476.0 0.0
98096011196.0 34.0
98163336188.0 191.0
98259718772.0 117.0
98442623864.0 401.0
98456476378.0 110.0
98514544770.0 73.0
98542462833.0 388.0
98548420380.0 185.0
98559774566.0 145.0
98568512498.0 379.0
98610710310.0 0.0
98652959940.0 509.0
98691760134.0 488.0
98745909956.0 0.0
98767730914.0 388.0
98770358345.0 276.0
98807580596.0 146.0
98811717040.0 73.0
98849813073.0 122.0
99073452340.0 99.0
99090912965.0 90.0
99119690738.0 396.0
99185246350.0 392.0
99261200555.0 79.0
99338054340.0 180.0
99353401506.0 327.0
99388642625.0 339.0
99448188003.0 138.0
99450147537.0 0.0
99512177917.0 125.0
99523816596.0 372.0
99837431319.0 386.0
100009402190.0 0.0
100092834631.0 90.0
100144197277.0 95.0
100387976559.0 173.0
100388661351.0 525.0
100527679502.0 167.0
100552132605.0 89.0
100804964071.0 387.0
100858362944.0 318.0
100958330919.0 94.0
101150521474.0 377.0
101213614293.0 118.0
101268080079.0 126.0
101414729418.0 142.0
101596771717.0 228.0
101760273870.0 368.0
101811459928.0 34.0
101847294465.0 180.0
101981407967.0 44.0
102096378157.0 89.0
102122591373.0 114.0
102135628295.0 77.0
102197014497.0 477.0
102291063625.0 123.0
102299181055.0 93.0
102308550418.0 102.0
102440038999.0 379.0
102536724583.0 400.0
102623544915.0 250.0
102697453486.0 408.0
102800498047.0 205.0
102885449993.0 120.0
103106613089.0 151.0
103115992809.0 199.0
103120300129.0 97.0
103145721869.0 298.0
103158617889.0 355.0
103228715929.0 419.0
103315977955.0 73.0
103525983385.0 141.0
103658102569.0 261.0
103675409919.0 52.0
103706970338.0 239.0
103951301247.0 536.0
103979066130.0 67.0
104333432937.0 348.0
104370056172.0 155.0
104618194098.0 85.0
105133130391.0 396.0
105419428194.0 49.0
105432638021.0 127.0
105805810222.0 44.0
106036290960.0 77.0
106075013076.0 297.0
106170581461.0 148.0
106171733813.0 118.0
106394089749.0 86.0
106450114073.0 184.0
106546570435.0 225.0
106876913723.0 81.0
106983489967.0 629.0
107089236530.0 102.0
107299427193.0 121.0
107448489144.0 165.0
107548456064.0 381.0
107576650284.0 375.0
107732122218.0 75.0
107888814268.0 160.0
108056302939.0 387.0
108564783951.0 390.0
108602297649.0 0.0
108773501043.0 384.0
108860104128.0 75.0
109013866041.0 368.0
109165488162.0 118.0
109283372784.0 445.0
109284705900.0 193.0
109336959004.0 135.0
109376362474.0 199.0
109707097176.0 174.0
109719902636.0 76.0
109753394742.0 143.0
109755644680.0 35.0
109794832956.0 94.0
109913882635.0 63.0
109927763847.0 443.0
110128459443.0 229.0
110199397277.0 0.0
110210473910.0 84.0
110243353102.0 407.0
110552858217.0 183.0
110707200305.0 117.0
110726615222.0 275.0
110792373111.0 76.0
110844029014.0 404.0
110849569026.0 178.0
110943616482.0 510.0
110976556349.0 93.0
111050648398.0 488.0
111186840670.0 70.0
111406183980.0 155.0
111434640345.0 0.0
111473710204.0 226.0
111491482793.0 76.0
111513925256.0 547.0
111518851109.0 0.0
111554814349.0 194.0
111814904987.0 64.0
111845841315.0 77.0
112034742354.0 89.0
112039096338.0 51.0
112159600622.0 125.0
112309170035.0 173.0
112366905657.0 378.0
112523058378.0 45.0
112565847921.0 0.0
112584340160.0 398.0
112590966265.0 394.0
112926336382.0 109.0
113140853640.0 162.0
113143870217.0 534.0
113179741318.0 138.0
113421106590.0 318.0
113511582046.0 468.0
113525588870.0 508.0
113538496308.0 47.0
113669943563.0 94.0
113680557976.0 59.0
113700427578.0 133.0
113816424370.0 86.0
113846451591.0 136.0
113853394340.0 253.0
113968403975.0 183.0
113975833953.0 122.0
114036069208.0 373.0
114145335945.0 580.0
114156676144.0 261.0
114405778987.0 190.0
114592767303.0 140.0
114616064613.0 145.0
114739303337.0 379.0
114944910430.0 201.0
114957610563.0 70.0
114986382991.0 0.0
115039400909.0 48.0
115132947755.0 324.0
115153649180.0 298.0
115189088534.0 100.0
115205825275.0 429.0
115274854608.0 323.0
115316347781.0 83.0
115364137720.0 165.0
115472686158.0 376.0
115673744185.0 439.0
115720093640.0 52.0
115919380162.0 69.0
116027564669.0 51.0
116194793665.0 147.0
116309484359.0 82.0
116397539831.0 162.0
116402011646.0 62.0
116455677380.0 380.0
116490262941.0 182.0
116566301032.0 94.0
116790732979.0 104.0
117088749034.0 153.0
117305285074.0 106.0
117472825220.0 97.0
117539635480.0 125.0
117653064974.0 73.0
117868078635.0 103.0
117957463930.0 347.0
117991254272.0 58.0
118206830095.0 33.0
118322626284.0 157.0
118325946646.0 394.0
118432772852.0 240.0
118457967409.0 107.0
118523439573.0 119.0
118555508910.0 135.0
118598418567.0 76.0
118658329735.0 130.0
118668177846.0 55.0
118693279738.0 77.0
118789675309.0 43.0
119277356798.0 113.0
119456394659.0 470.0
119609182149.0 37.0
119622916056.0 386.0
119640807653.0 231.0
119780707492.0 149.0
119897336826.0 76.0
120277767172.0 82.0
120373353322.0 106.0
120810670324.0 113.0
120941254527.0 126.0
121354113607.0 159.0
121440769559.0 103.0
121443588388.0 171.0
121450032942.0 309.0
121471018547.0 154.0
121512012102.0 386.0
121554977825.0 81.0
121637595324.0 0.0
121720756323.0 235.0
121776877367.0 354.0
121808533946.0 100.0
121846534064.0 203.0
121848604703.0 68.0
121879612358.0 64.0
122016259389.0 366.0
122114712045.0 151.0
122154401164.0 64.0
122271314057.0 71.0
122278449881.0 167.0
122317276332.0 0.0
122421646652.0 86.0
122474309932.0 73.0
122514607800.0 164.0
122595193817.0 376.0
122677667324.0 126.0
122729642839.0 78.0
122810604467.0 90.0
122866413444.0 360.0
122892232402.0 146.0
122960697448.0 528.0
123080950214.0 0.0
123196682095.0 102.0
123281420060.0 76.0
123296955822.0 64.0
123306349801.0 302.0
123478389799.0 488.0
123858132999.0 160.0
123861812213.0 0.0
124124369850.0 0.0
124211385346.0 77.0
124289859385.0 450.0
124357395875.0 108.0
124659702616.0 392.0
124903783012.0 93.0
124953502659.0 494.0
125067991673.0 378.0
125098291342.0 272.0
125117370460.0 380.0
125167070251.0 178.0
125289939947.0 180.0
125413474537.0 72.0
125429921910.0 311.0
125444750182.0 83.0
125472365463.0 77.0
125598133073.0 0.0
125883503586.0 542.0
126083520873.0 156.0
126338575996.0 83.0
126397682319.0 107.0
126576151564.0 77.0
126663427514.0 44.0
126845401143.0 144.0
126883522453.0 107.0
127083660720.0 362.0
127109562180.0 196.0
127183276787.0 93.0
127385949846.0 359.0
127395807076.0 371.0
127592999785.0 126.0
127619434228.0 101.0
127778948910.0 407.0
127928149017.0 456.0
127959636303.0 457.0
127981442704.0 72.0
128114237084.0 130.0
128210409490.0 73.0
128239497663.0 153.0
128597590742.0 239.0
128605572723.0 64.0
128652467886.0 389.0
128674750443.0 217.0
129061973123.0 123.0
129088452375.0 110.0
129222610555.0 235.0
129433543676.0 125.0
129502244926.0 172.0
129509681611.0 88.0
129572217966.0 128.0
129631103311.0 222.0
129793733007.0 112.0
129948090150.0 41.0
130002047164.0 104.0
130019324598.0 61.0
130219659396.0 143.0
130485624386.0 406.0
130497818699.0 442.0
130577383979.0 126.0
130629218407.0 363.0
130919772283.0 202.0
131060113185.0 403.0
131279135178.0 380.0
131294075228.0 190.0
131295989602.0 270.0
131593130292.0 430.0
131730786431.0 0.0
131880082829.0 82.0
131896121243.0 63.0
132024162894.0 442.0
132045473180.0 91.0
132061962959.0 0.0
132188461743.0 540.0
132293352912.0 97.0
132365707076.0 114.0
132399905559.0 375.0
132618301462.0 377.0
132705065666.0 184.0
132742880634.0 566.0
132865331910.0 318.0
132917556048.0 0.0
132955124844.0 114.0
133331878197.0 77.0
133391434869.0 336.0
133466905968.0 172.0
133507486513.0 167.0
133600003017.0 78.0
133707418579.0 45.0
133747315306.0 401.0
133751301882.0 79.0
133870996933.0 374.0
133879893318.0 0.0
133995584549.0 385.0
134035991502.0 75.0
134174553593.0 516.0
134373934050.0 106.0
134606161258.0 52.0
134902440795.0 0.0
134995850344.0 103.0
135306815568.0 74.0
135316477665.0 426.0
135355867616.0 360.0
135390029275.0 589.0
135497030005.0 224.0
135944117269.0 183.0
135979195605.0 56.0
136073251670.0 290.0
136451614375.0 55.0
136497766384.0 101.0
136520730741.0 206.0
136533406765.0 105.0
136791212284.0 465.0
136798263458.0 462.0
136960241345.0 57.0
137152817166.0 342.0
137205819013.0 241.0
137506791360.0 106.0
137856180813.0 449.0
137856408148.0 210.0
137878292312.0 228.0
137885967963.0 0.0
138028133167.0 280.0
138061447098.0 391.0
138144251451.0 0.0
138278491638.0 95.0
138434626492.0 72.0
138512328030.0 403.0
138549450760.0 214.0
138670918896.0 184.0
138705195213.0 393.0
138741628719.0 320.0
138825629669.0 78.0
138909003674.0 92.0
138913369931.0 172.0
138917916947.0 197.0
139087487077.0 400.0
139114761334.0 47.0
139295984438.0 66.0
139472739576.0 126.0
139532125846.0 149.0
139634453055.0 67.0
139671601264.0 202.0
139779933694.0 147.0
139955244564.0 159.0
139963643168.0 145.0
139963925244.0 340.0
140042991684.0 98.0
140052001554.0 84.0
140473820901.0 273.0
140534656336.0 120.0
140713990593.0 86.0
140730709910.0 376.0
140763064059.0 388.0
140803023040.0 105.0
140894056132.0 206.0
141002377188.0 0.0
141022885208.0 322.0
141116379256.0 149.0
141230979476.0 202.0
141247788904.0 460.0
141258868647.0 91.0
141272956965.0 142.0
141573515241.0 368.0
141586394052.0 173.0
141746794009.0 238.0
141879532991.0 158.0
142038843006.0 357.0
142055599113.0 0.0
142294750967.0 76.0
142316388562.0 200.0
142336429785.0 99.0
142371058793.0 253.0
142374078177.0 432.0
142396523713.0 233.0
142443386255.0 182.0
142478105407.0 187.0
142530244237.0 141.0
142689743636.0 457.0
142922358233.0 168.0
143164548095.0 118.0
143189448801.0 120.0
143420344581.0 104.0
143442126726.0 137.0
143447813461.0 170.0
143609398401.0 397.0
143685155686.0 375.0
143791079211.0 150.0
143970888690.0 273.0
144076889093.0 371.0
144079716486.0 152.0
144188704187.0 71.0
144306694033.0 150.0
144561079374.0 104.0
144707944476.0 422.0
144786832424.0 328.0
145135733750.0 192.0
145192784914.0 300.0
145214442703.0 0.0
145309279540.0 0.0
145579982866.0 122.0
145734799112.0 463.0
146165150051.0 426.0
146174052889.0 162.0
146250001461.0 0.0
146492044476.0 261.0
146630341128.0 325.0
146642016941.0 366.0
146766087893.0 281.0
146818433471.0 165.0
146863085170.0 303.0
147047294263.0 381.0
147073730944.0 41.0
147162438101.0 92.0
147231436790.0 172.0
147311511255.0 378.0
147374196617.0 51.0
147477775562.0 109.0
147581054441.0 262.0
147647222346.0 391.0
147720365438.0 158.0
147858732224.0 389.0
148038304076.0 53.0
148195411850.0 361.0
148244322119.0 523.0
148324358657.0 246.0
148411648266.0 392.0
148454441102.0 111.0
148471693843.0 150.0
148480412017.0 70.0
148700621620.0 74.0
148780328905.0 90.0
148897348387.0 385.0
149333916453.0 64.0
149504652712.0 99.0
149929099680.0 69.0
149938397019.0 126.0
150027941966.0 168.0
150101934017.0 104.0
150346442971.0 166.0
150426526689.0 306.0
150448704399.0 368.0
150470110979.0 389.0
150718592958.0 216.0
151050439156.0 228.0
151129678084.0 90.0
151243283125.0 187.0
151336705555.0 106.0
151380731787.0 92.0
151664959060.0 100.0
151749106336.0 65.0
151769957921.0 388.0
152012601424.0 267.0
152156684044.0 0.0
152483688789.0 88.0
152584539537.0 55.0
152616041245.0 355.0
152679639891.0 381.0
152715461286.0 182.0
152778789391.0 192.0
153149436775.0 194.0
153153294125.0 381.0
153208676731.0 312.0
153409958951.0 156.0
153569676942.0 595.0
153618246469.0 366.0
153722786128.0 98.0
153889430907.0 0.0
153901597192.0 383.0
154168213013.0 116.0
154180838140.0 107.0
154256468195.0 141.0
154292012486.0 417.0
154392274088.0 63.0
154394126060.0 398.0
154517885620.0 36.0
154605811606.0 155.0
154706727600.0 328.0
154718964474.0 117.0
154725171724.0 197.0
154950061780.0 128.0
155096976048.0 307.0
155166892655.0 383.0
155515496454.0 601.0
155537647339.0 425.0
155802204036.0 41.0
155895134472.0 65.0
155939402809.0 108.0
155948710332.0 413.0
156037849047.0 75.0
156084170458.0 44.0
156191477279.0 178.0
156445380544.0 185.0
156466598008.0 139.0
156484466512.0 93.0
156752955909.0 109.0
156943083307.0 353.0
156968468267.0 379.0
157070615899.0 160.0
157184089107.0 182.0
157242593651.0 308.0
157262203933.0 377.0
157263932472.0 125.0
157297376953.0 111.0
157472854370.0 403.0
157545221221.0 95.0
157927564995.0 609.0
158312211397.0 81.0
158329793091.0 310.0
158370442252.0 170.0
158388909698.0 92.0
158695885836.0 418.0
158705391159.0 172.0
158869825586.0 312.0
158908069692.0 372.0
158918315119.0 80.0
159004181548.0 397.0
159049793318.0 126.0
159298809916.0 62.0
159428620763.0 81.0
159446432375.0 44.0
159478997771.0 383.0
159574475615.0 368.0
159706856917.0 75.0
159797498198.0 273.0
159828571214.0 97.0
159850771100.0 79.0
159942168458.0 221.0
160045557708.0 336.0
160064307532.0 0.0
160151167414.0 113.0
160236801206.0 339.0
160316842708.0 395.0
160387342048.0 72.0
160409963521.0 87.0
160418655353.0 52.0
160430850739.0 102.0
160537200978.0 217.0
160591543296.0 238.0
160627390304.0 418.0
160845870086.0 215.0
161010804256.0 91.0
161246502428.0 118.0
161316803005.0 394.0
161377546785.0 80.0
161401629792.0 358.0
161446153037.0 334.0
161508669575.0 108.0
161519736639.0 102.0
161530406838.0 375.0
161575470507.0 73.0
161613827994.0 93.0
161733840226.0 364.0
161747379491.0 87.0
161759983613.0 94.0
161830148465.0 98.0
161966735427.0 609.0
162031983161.0 69.0
162067891518.0 88.0
162087958610.0 113.0
162334053926.0 90.0
162335819232.0 372.0
162405552774.0 412.0
162427062372.0 119.0
162435392488.0 120.0
162508081938.0 119.0
162681238087.0 87.0
162826705132.0 447.0
162851188934.0 54.0
162860479601.0 438.0
163457613108.0 388.0
163826931187.0 107.0
163863485626.0 54.0
163914226637.0 386.0
164050912257.0 46.0
164304797090.0 162.0
164560329236.0 494.0
164643953883.0 84.0
164733092756.0 409.0
164885112599.0 92.0
164892445670.0 107.0
165021398681.0 239.0
165073130756.0 200.0
165292540118.0 234.0
165377558596.0 112.0
165577617693.0 228.0
165748880195.0 72.0
165858195892.0 377.0
165881522186.0 205.0
165914740888.0 0.0
165948882188.0 73.0
166019748656.0 255.0
166069311957.0 74.0
166095424524.0 387.0
166229576186.0 372.0
166273092339.0 211.0
166313684871.0 93.0
166501556085.0 540.0
166527162105.0 46.0
166555389839.0 77.0
166654971532.0 73.0
166799834994.0 408.0
166890445791.0 79.0
167033022233.0 86.0
167373415826.0 56.0
167501363808.0 53.0
167510829928.0 116.0
167531871205.0 119.0
167554949406.0 469.0
167695543181.0 80.0
167806187325.0 185.0
167846921009.0 177.0
168175877647.0 43.0
168196296294.0 302.0
168393989883.0 81.0
168449268823.0 278.0
168621725807.0 324.0
168632007481.0 375.0
168816425107.0 212.0
168885784949.0 0.0
169057514091.0 85.0
169138953285.0 601.0
169139492617.0 137.0
169236198827.0 83.0
169295241005.0 75.0
169371904706.0 0.0
169435371465.0 407.0
169468558609.0 409.0
169474881469.0 309.0
169602398211.0 630.0
169642723024.0 366.0
169765735762.0 363.0
170142153432.0 89.0
170152847837.0 100.0
170188016109.0 178.0
170284443568.0 177.0
170307666125.0 274.0
170338890464.0 531.0
170445327460.0 388.0
170454689862.0 134.0
170505760658.0 176.0
170725895732.0 117.0
170737589707.0 78.0
170776942199.0 88.0
170845779400.0 90.0
171006084927.0 322.0
171301863860.0 89.0
171326189676.0 389.0
171508026909.0 79.0
171514338769.0 102.0
171539177294.0 370.0
171720715107.0 101.0
171818730374.0 163.0
171904288683.0 405.0
171937206763.0 144.0
172016308200.0 383.0
172030964801.0 151.0
172093987618.0 79.0
172124131597.0 267.0
172250357820.0 61.0
172278095032.0 113.0
172360964249.0 104.0
172469938899.0 465.0
172538988481.0 375.0
172591648744.0 139.0
172676220732.0 364.0
172676757674.0 253.0
172754718983.0 64.0
172814397319.0 102.0
172897868046.0 68.0
172909646669.0 139.0
173199387783.0 76.0
173308841611.0 0.0
173372339086.0 52.0
173409614579.0 227.0
173458600100.0 45.0
173523436877.0 81.0
173613974612.0 0.0
173773609520.0 78.0
173805246649.0 46.0
173910362543.0 492.0
174097260823.0 344.0
174152055170.0 132.0
174161081984.0 394.0
174184412948.0 139.0
174306612807.0 72.0
174569810350.0 64.0
174602898851.0 392.0
174658935350.0 361.0
174672083970.0 114.0
174808938962.0 0.0
174916031326.0 128.0
175082288367.0 81.0
175207794469.0 115.0
175217345709.0 92.0
175284001367.0 118.0
175384031607.0 118.0
175436054853.0 75.0
175552461888.0 53.0
175761870034.0 121.0
175799840457.0 172.0
175805960126.0 0.0
175989845514.0 0.0
176082015021.0 417.0
176223091341.0 520.0
176242753723.0 453.0
176362131080.0 210.0
176717294429.0 96.0
176720452351.0 418.0
176771372755.0 128.0
176944081741.0 79.0
176967433055.0 137.0
177189876281.0 203.0
177194966488.0 73.0
177261805859.0 87.0
177282821788.0 81.0
177517189650.0 356.0
177684628203.0 79.0
177688710057.0 81.0
177735933017.0 89.0
177757997401.0 469.0
177774751939.0 152.0
177827922716.0 53.0
177830349300.0 0.0
178043605897.0 179.0
178235286617.0 233.0
178313034504.0 66.0
178359383308.0 364.0
178469459200.0 0.0
178483838972.0 359.0
178518661377.0 379.0
178633040612.0 218.0
178634345715.0 0.0
178650930251.0 604.0
178691002504.0 403.0
178732526214.0 257.0
178745080120.0 402.0
178765855331.0 183.0
178818879986.0 255.0
178900528323.0 542.0
178942924117.0 67.0
178974070606.0 139.0
179176577058.0 81.0
179512894484.0 152.0
179584577060.0 163.0
179773169216.0 112.0
179835165419.0 0.0
179915675158.0 240.0
179925249863.0 108.0
180077338627.0 176.0
180113402549.0 122.0
180129452401.0 64.0
180316778562.0 88.0
180494131105.0 70.0
180522649263.0 363.0
180593489874.0 65.0
180750302123.0 393.0
180925814026.0 403.0
180928128580.0 127.0
180941007280.0 116.0
181042268634.0 198.0
181057590771.0 92.0
181149543044.0 55.0
181233754235.0 412.0
181568868767.0 420.0
181611591574.0 194.0
181655159068.0 117.0
181669926668.0 149.0
