54611255.0 622.0
348489998.0 609.0
512289012.0 251.0
550403983.0 618.0
585561459.0 629.0
707981496.0 175.0
888723115.0 171.0
940782299.0 150.0
1057773893.0 482.0
1067117647.0 580.0
1099044307.0 617.0
1121326733.0 574.0
1205596905.0 649.0
1382941362.0 167.0
1653952463.0 164.0
1662461981.0 554.0
1724659604.0 199.0
1867179187.0 187.0
2027915338.0 182.0
2157261195.0 604.0
2366711150.0 100.0
2464270267.0 103.0
2551437650.0 134.0
2644709708.0 434.0
2664281053.0 136.0
2852296745.0 544.0
3059539048.0 486.0
3493182630.0 426.0
3731272608.0 361.0
3869656718.0 600.0
3968877351.0 545.0
4017941801.0 195.0
4246423675.0 461.0
4411528464.0 585.0
4482989124.0 130.0
4662996197.0 120.0
5014736625.0 122.0
5041303488.0 79.0
5058404596.0 155.0
5191300433.0 173.0
5291811257.0 329.0
5379162174.0 120.0
5470049656.0 564.0
5545962113.0 443.0
5776348856.0 521.0
5828742831.0 438.0
5866546176.0 407.0
6108468129.0 601.0
6343450641.0 552.0
6391267336.0 133.0
6391971831.0 557.0
6445732913.0 146.0
6469731748.0 560.0
6631349813.0 562.0
6700825474.0 137.0
6839340290.0 542.0
6927720523.0 415.0
6997311073.0 148.0
7299649588.0 440.0
7454904319.0 619.0
7474597379.0 568.0
7538116740.0 545.0
7566620253.0 614.0
7643935168.0 360.0
7805887796.0 170.0
7836343528.0 616.0
8088847804.0 136.0
8214754740.0 134.0
8585882902.0 466.0
8679758697.0 601.0
8768988283.0 475.0
8780997124.0 435.0
8821775621.0 581.0
8991174455.0 541.0
9086862737.0 611.0
9309132435.0 545.0
9402879075.0 150.0
9491752087.0 594.0
9604367439.0 590.0
9637284257.0 110.0
9710016538.0 603.0
9726494516.0 637.0
9820887447.0 340.0
9885816652.0 393.0
9924174742.0 78.0
10001171768.0 584.0
10075487632.0 569.0
10547439727.0 587.0
10620911623.0 135.0
10630137244.0 460.0
10642667436.0 607.0
10823762858.0 146.0
10834271568.0 119.0
11092209070.0 433.0
11133586509.0 613.0
11180794872.0 562.0
11254176784.0 533.0
11274406075.0 320.0
11463659907.0 615.0
11523748268.0 148.0
11811852219.0 457.0
11853882251.0 525.0
11960699951.0 155.0
12020009149.0 481.0
12132864228.0 440.0
12168816418.0 190.0
12215119019.0 538.0
12289111690.0 635.0
12421735255.0 510.0
12683010593.0 526.0
12808191532.0 655.0
13072506246.0 594.0
13088309570.0 526.0
13139343806.0 601.0
13190134800.0 606.0
13253578353.0 624.0
13292106017.0 121.0
13467319537.0 159.0
13574414646.0 168.0
13724098046.0 583.0
13864108323.0 135.0
13926522926.0 154.0
14038878185.0 602.0
14084341791.0 131.0
14160851958.0 303.0
14232141644.0 157.0
14324386819.0 179.0
14384749418.0 169.0
14430228857.0 560.0
14610883922.0 249.0
14648925295.0 122.0
14735832463.0 568.0
14993433306.0 584.0
15160941630.0 396.0
15235015076.0 147.0
15267090441.0 152.0
15379617211.0 613.0
15692079930.0 553.0
15744829186.0 174.0
15880376666.0 343.0
15885332489.0 142.0
15938548481.0 581.0
15946607110.0 456.0
16005826980.0 102.0
16018496820.0 388.0
16033386605.0 637.0
16153650461.0 604.0
16163665783.0 629.0
16164425306.0 444.0
16165269926.0 528.0
16290435969.0 607.0
16315483293.0 402.0
16331845822.0 156.0
16583261925.0 556.0
16702101926.0 658.0
16805131084.0 491.0
16894408455.0 647.0
16975661769.0 587.0
17198097716.0 572.0
17206043897.0 607.0
17210882089.0 684.0
17340946636.0 599.0
17348880461.0 568.0
17616533700.0 113.0
17779504007.0 351.0
17880716795.0 528.0
17992075754.0 666.0
18052621195.0 132.0
18071774679.0 585.0
18257991268.0 164.0
18450524793.0 598.0
18765133611.0 155.0
18803188498.0 524.0
18805454676.0 127.0
18936145786.0 428.0
18998086547.0 502.0
19107267286.0 162.0
19210569584.0 608.0
19390270737.0 635.0
19594754535.0 387.0
19744967220.0 188.0
19753485744.0 144.0
19893633747.0 160.0
20232904924.0 598.0
20444168644.0 464.0
20450092357.0 148.0
20692674818.0 259.0
20916075187.0 478.0
21002193908.0 146.0
21117504408.0 422.0
21258618845.0 145.0
21288532126.0 535.0
21334023492.0 130.0
21427193087.0 278.0
21570844258.0 617.0
21668952790.0 135.0
21700464595.0 549.0
21802356491.0 487.0
21979623431.0 601.0
21981608559.0 369.0
22116755008.0 523.0
22167423516.0 129.0
22170738888.0 165.0
22205697767.0 576.0
22393374610.0 645.0
22453885087.0 392.0
22573853292.0 314.0
22691066074.0 596.0
22745203827.0 575.0
22787666369.0 553.0
22906626168.0 586.0
22933398291.0 635.0
22937820484.0 328.0
23048837738.0 435.0
23714268085.0 342.0
23788894322.0 125.0
23808447163.0 588.0
23876505932.0 559.0
23913629371.0 541.0
23918652396.0 453.0
24017582648.0 593.0
24120345395.0 654.0
24124204421.0 82.0
24371732694.0 553.0
24407019344.0 423.0
24553376478.0 247.0
24729403118.0 556.0
24756068282.0 549.0
24793769271.0 543.0
24890467882.0 140.0
24928905416.0 641.0
24931790176.0 663.0
24955551162.0 154.0
25092358719.0 512.0
25137303482.0 151.0
25224187949.0 552.0
25238158552.0 569.0
25376143895.0 281.0
25450064903.0 124.0
25451169155.0 495.0
25475753906.0 604.0
25563450414.0 639.0
25653837260.0 323.0
25852314708.0 171.0
26035924363.0 136.0
26186519717.0 409.0
26355737831.0 474.0
26758968766.0 566.0
26879487459.0 649.0
26884731751.0 179.0
26885881330.0 551.0
26925833433.0 525.0
27014196202.0 140.0
27402245328.0 500.0
27423129696.0 574.0
27743574841.0 565.0
27771891985.0 377.0
27771951118.0 140.0
27815692550.0 516.0
27829441764.0 107.0
27947593441.0 494.0
27967989541.0 425.0
28010986807.0 162.0
28046787736.0 475.0
28194048837.0 592.0
28204642704.0 132.0
28246867517.0 221.0
28312066794.0 590.0
28316611511.0 130.0
28400831229.0 172.0
28554383450.0 165.0
28632904814.0 275.0
28786738896.0 152.0
28854552322.0 593.0
29109594242.0 170.0
29121314489.0 154.0
29168679485.0 110.0
29193727319.0 357.0
29202005547.0 402.0
29312190355.0 520.0
29466334336.0 496.0
29475411222.0 413.0
29502523730.0 609.0
29568367019.0 637.0
29735340877.0 123.0
29747343782.0 641.0
29845420872.0 689.0
30219868124.0 567.0
30233832273.0 518.0
30294537004.0 601.0
30500804805.0 132.0
30512884979.0 534.0
30520596279.0 153.0
30532661343.0 561.0
30629319110.0 581.0
30665951558.0 235.0
30675526452.0 416.0
30680174373.0 286.0
30698400301.0 295.0
30789545471.0 610.0
30792985100.0 461.0
30999550593.0 138.0
31298790620.0 441.0
31355447199.0 526.0
31642751512.0 613.0
31738994147.0 585.0
31870160897.0 527.0
31973529495.0 594.0
32089975405.0 636.0
32180117642.0 596.0
32429655303.0 601.0
32432313436.0 59.0
32641026476.0 389.0
32721916973.0 116.0
32757672672.0 159.0
32780463805.0 148.0
32814733022.0 564.0
33102203871.0 466.0
33243052329.0 653.0
33261865427.0 320.0
33404064063.0 190.0
33464134959.0 139.0
33628692941.0 659.0
33896352021.0 163.0
34022346169.0 419.0
34025431209.0 445.0
34177809893.0 598.0
34179855051.0 556.0
34345472965.0 546.0
34367383216.0 491.0
34403022268.0 488.0
34634895044.0 585.0
34709634355.0 625.0
34865307833.0 409.0
34866017471.0 118.0
34919720060.0 139.0
34938551060.0 589.0
34979593885.0 532.0
35249660003.0 662.0
35273118603.0 491.0
35338117945.0 164.0
35549176878.0 642.0
35597482816.0 571.0
35765444245.0 539.0
35804448035.0 451.0
35844105196.0 620.0
36026723073.0 535.0
36141885627.0 614.0
36316602048.0 200.0
36377193183.0 361.0
36380201653.0 605.0
36572129377.0 132.0
36761002770.0 481.0
36775571138.0 68.0
36878618547.0 618.0
36979117521.0 187.0
37145779101.0 469.0
37542905751.0 127.0
37727732986.0 167.0
37937113177.0 259.0
37949573626.0 135.0
38005724185.0 586.0
38078768739.0 599.0
38146319371.0 562.0
38221685615.0 433.0
38262905894.0 165.0
38370758844.0 559.0
38500658005.0 547.0
38564331096.0 109.0
38607579018.0 155.0
38637594858.0 123.0
38649057034.0 635.0
38656157124.0 454.0
38660651663.0 175.0
38716096010.0 122.0
38856192455.0 598.0
38880827198.0 134.0
38971217414.0 574.0
39071475699.0 127.0
39095296683.0 578.0
39296754349.0 577.0
39312062882.0 162.0
39574045548.0 369.0
39599816273.0 162.0
39912912460.0 692.0
40106866364.0 542.0
40129968971.0 589.0
40152930759.0 519.0
40165701904.0 138.0
40184883546.0 555.0
40234234404.0 544.0
40301042764.0 158.0
40472805081.0 593.0
40661000472.0 156.0
40718049684.0 168.0
40886261117.0 180.0
40905762811.0 142.0
40951275266.0 246.0
41417610134.0 404.0
41548170295.0 230.0
41569064926.0 146.0
41613172071.0 513.0
41805925590.0 414.0
41873621424.0 556.0
42072041653.0 155.0
42152867960.0 651.0
42156386753.0 161.0
42160783415.0 675.0
42285783395.0 568.0
42356718030.0 590.0
42387374659.0 670.0
42392382247.0 528.0
42863649563.0 654.0
42977968146.0 451.0
43007234275.0 143.0
43010203446.0 596.0
43171273659.0 168.0
43242407466.0 99.0
43520816746.0 658.0
43567620736.0 481.0
43607922330.0 469.0
43716692306.0 151.0
43726565050.0 142.0
43757482461.0 569.0
43958357147.0 468.0
44056628196.0 384.0
44073637822.0 554.0
44092650465.0 116.0
44150959719.0 299.0
44192926799.0 595.0
44237577379.0 162.0
44276172470.0 161.0
44344298797.0 548.0
44486995446.0 532.0
44503534880.0 575.0
44550564155.0 483.0
44789864154.0 121.0
44809266453.0 542.0
44878899333.0 400.0
44890826487.0 220.0
45189945487.0 633.0
45196275647.0 206.0
45380167077.0 160.0
45387705659.0 347.0
45462090552.0 257.0
45539288682.0 142.0
45573841265.0 668.0
45637345018.0 551.0
45719773684.0 635.0
45759729784.0 482.0
45840070824.0 502.0
46133327852.0 145.0
46302287814.0 465.0
46354871289.0 472.0
46407785762.0 624.0
46563768260.0 557.0
46590554480.0 598.0
46656828340.0 571.0
46766498314.0 141.0
46891443728.0 458.0
46996556227.0 356.0
47017181252.0 211.0
47105478272.0 513.0
47452029366.0 574.0
47463542945.0 615.0
47739163304.0 453.0
47935673662.0 423.0
48323341321.0 298.0
48329030481.0 113.0
48365893451.0 582.0
48586055187.0 101.0
48766562558.0 159.0
48898428188.0 576.0
49014758637.0 581.0
49045229444.0 566.0
49047620944.0 514.0
49158614882.0 170.0
49178150604.0 65.0
49187740218.0 481.0
49335161551.0 594.0
49350999410.0 428.0
49444256373.0 596.0
49552048628.0 590.0
49564372462.0 363.0
49580994136.0 485.0
49715043475.0 562.0
49865862144.0 323.0
49899551522.0 140.0
49975914877.0 149.0
50001059186.0 547.0
50012176253.0 367.0
50160574675.0 371.0
50237185557.0 658.0
50247530445.0 477.0
50248070909.0 297.0
50264856057.0 320.0
50382727304.0 144.0
50481253872.0 178.0
50484388567.0 530.0
50490204953.0 523.0
50512882909.0 638.0
50554646516.0 237.0
50806954659.0 559.0
50827311509.0 129.0
50890454679.0 460.0
51477803464.0 391.0
51488022958.0 643.0
51517853471.0 516.0
51580915873.0 573.0
51705700206.0 419.0
51730123719.0 368.0
51755122799.0 417.0
51783231869.0 508.0
51839674042.0 443.0
51861331214.0 588.0
52148255260.0 365.0
52178743347.0 603.0
52276994971.0 403.0
52307498572.0 524.0
52391406844.0 580.0
52451695086.0 613.0
52467749877.0 597.0
52519244058.0 567.0
52775218642.0 496.0
52998270213.0 637.0
53074952212.0 612.0
53335680783.0 516.0
53413599802.0 141.0
53522821875.0 112.0
53598050825.0 562.0
53713634644.0 572.0
53762561490.0 407.0
53795352949.0 564.0
53855386781.0 243.0
53860586951.0 444.0
53895675122.0 596.0
53941803920.0 583.0
53967984507.0 100.0
53968735010.0 490.0
53970912470.0 229.0
54007636844.0 560.0
54011859433.0 433.0
54110904514.0 590.0
54241245612.0 536.0
54567983311.0 123.0
54574670514.0 411.0
54727021396.0 609.0
54758353567.0 462.0
54765433558.0 652.0
54855157850.0 489.0
54952332818.0 690.0
54960674265.0 574.0
55006672151.0 91.0
55014093413.0 308.0
55056525631.0 581.0
55059171149.0 624.0
55095990894.0 346.0
55735309802.0 582.0
55955474476.0 142.0
55961433067.0 407.0
56164615185.0 253.0
56259521959.0 157.0
56283373484.0 548.0
56348616052.0 146.0
56822143362.0 368.0
56861555653.0 457.0
57172863062.0 458.0
57195382494.0 358.0
57241934015.0 530.0
57456152618.0 149.0
57604537933.0 90.0
57610545637.0 370.0
57651392212.0 406.0
57692077738.0 586.0
57739622734.0 536.0
57870183002.0 211.0
58356923682.0 578.0
58582818085.0 599.0
58891799839.0 103.0
58948057786.0 532.0
59046483061.0 176.0
59059695070.0 316.0
59131356424.0 631.0
59169053702.0 526.0
59229626456.0 180.0
59267152899.0 188.0
59460166766.0 570.0
59577267664.0 144.0
59580752216.0 521.0
59604164731.0 143.0
59622695975.0 520.0
59797725745.0 606.0
59841503317.0 638.0
59884281893.0 579.0
59939669787.0 506.0
59972370068.0 138.0
60100654506.0 0.0
60111416257.0 510.0
60269242059.0 283.0
60366484981.0 544.0
60409690664.0 462.0
60496879556.0 138.0
60580776602.0 624.0
60640441738.0 482.0
60903623787.0 144.0
60969093314.0 508.0
61090053020.0 148.0
61186543092.0 558.0
61232163261.0 526.0
61371353657.0 152.0
61407700848.0 561.0
61525317496.0 498.0
61631965954.0 527.0
61698471944.0 121.0
61698683573.0 377.0
61985648955.0 624.0
62072364591.0 135.0
62224423841.0 591.0
62246165553.0 567.0
62249181600.0 562.0
62251961195.0 601.0
62256906705.0 447.0
62362260332.0 345.0
62376547254.0 416.0
62737600163.0 149.0
62744406154.0 551.0
62844127682.0 208.0
62872880317.0 555.0
62908061342.0 577.0
62963575634.0 363.0
62967324525.0 218.0
62994654346.0 399.0
63120602242.0 428.0
63170945830.0 511.0
63338124555.0 575.0
63384652584.0 532.0
63667299945.0 418.0
63807178018.0 529.0
64143244050.0 439.0
64181850080.0 537.0
64341913240.0 126.0
64464684132.0 531.0
64494961569.0 662.0
64602916130.0 522.0
64655238857.0 553.0
64744428852.0 572.0
64753312059.0 523.0
64814642103.0 587.0
64926837962.0 106.0
64967905940.0 187.0
65232675542.0 375.0
65448893874.0 512.0
65536941400.0 219.0
65577909204.0 425.0
65617323301.0 544.0
65697103181.0 167.0
65778051117.0 139.0
65965472305.0 168.0
66245538297.0 568.0
66516089341.0 158.0
66591900685.0 438.0
66611488308.0 396.0
66663241303.0 151.0
66812984405.0 141.0
66879720853.0 146.0
66880999273.0 523.0
66902660161.0 526.0
66932081931.0 144.0
66939275690.0 587.0
66973199597.0 539.0
67176348092.0 535.0
67202393878.0 127.0
67248070699.0 614.0
67422757938.0 141.0
67595104884.0 153.0
67613478690.0 585.0
67661991008.0 523.0
67704277209.0 547.0
67730537985.0 216.0
67747710110.0 609.0
67823430216.0 538.0
67830907357.0 564.0
67832798238.0 588.0
67855855472.0 517.0
67971023790.0 603.0
67986304980.0 193.0
68216994393.0 589.0
68516414129.0 588.0
68541907094.0 601.0
68663994543.0 574.0
69017547597.0 285.0
69031059392.0 130.0
69048042250.0 109.0
69178857802.0 261.0
69211550751.0 466.0
69339413466.0 631.0
69435791101.0 583.0
69563305424.0 149.0
69744657437.0 75.0
69840110899.0 601.0
69932820170.0 564.0
69951495345.0 597.0
70135149861.0 600.0
70446746699.0 521.0
70499807323.0 547.0
70658128765.0 149.0
70731929153.0 516.0
70739661369.0 570.0
70846938821.0 191.0
70946419126.0 518.0
71082750783.0 616.0
71153393755.0 54.0
71158353954.0 296.0
71239038111.0 552.0
71325208728.0 154.0
71465390317.0 137.0
71810032299.0 401.0
71832676429.0 616.0
71900021363.0 560.0
71901102353.0 126.0
72069665032.0 271.0
72093344560.0 421.0
72150945724.0 139.0
72159281272.0 596.0
72330311570.0 377.0
72453264424.0 551.0
72508970344.0 132.0
72673125852.0 172.0
72701541676.0 467.0
72774401332.0 527.0
72819776169.0 600.0
72823082344.0 393.0
72963314670.0 663.0
73181856621.0 521.0
73186995673.0 458.0
73275103682.0 554.0
73311878477.0 628.0
73541809917.0 149.0
73556439822.0 598.0
73700378002.0 540.0
73789638580.0 561.0
73790575782.0 163.0
73879285654.0 144.0
73974602364.0 253.0
74034610002.0 483.0
74174572455.0 434.0
74229194031.0 163.0
74265527395.0 107.0
74322040434.0 101.0
74424291776.0 377.0
74623388807.0 190.0
74661682831.0 642.0
74749375355.0 146.0
74800135654.0 531.0
74802797698.0 612.0
75214068091.0 142.0
75218427990.0 586.0
75247494198.0 475.0
75490310638.0 426.0
75512660447.0 557.0
75613380006.0 151.0
75617250136.0 448.0
75651992174.0 376.0
76212926339.0 345.0
76575344291.0 126.0
76721656051.0 138.0
76858010710.0 364.0
77343204102.0 440.0
77406445287.0 529.0
77410039375.0 514.0
77437283743.0 532.0
77535376359.0 499.0
77669593167.0 185.0
77709120686.0 565.0
77762721079.0 483.0
77825025049.0 443.0
78031096290.0 189.0
78207050553.0 629.0
78308044616.0 546.0
78345848896.0 141.0
78391106353.0 251.0
78481768877.0 654.0
78724364882.0 560.0
78965535492.0 606.0
79004438504.0 233.0
79312209251.0 135.0
79477273011.0 556.0
79477798129.0 536.0
79527468265.0 166.0
79584861457.0 332.0
79661942231.0 630.0
79953059028.0 61.0
79966784089.0 244.0
79972481545.0 386.0
80002283889.0 580.0
80054112119.0 553.0
80110632987.0 533.0
80344351456.0 562.0
80457643351.0 579.0
80575897591.0 115.0
80600902522.0 594.0
80799301299.0 616.0
80832080088.0 128.0
80833753129.0 115.0
80839215854.0 676.0
80905151003.0 161.0
81168162273.0 438.0
81385345608.0 151.0
81444917581.0 387.0
81445806862.0 153.0
81522345524.0 322.0
81602893125.0 131.0
81719563764.0 360.0
81727523266.0 576.0
81773228299.0 402.0
81991742863.0 124.0
82044080313.0 484.0
82119235042.0 565.0
82245701236.0 450.0
82279751783.0 144.0
82363567241.0 564.0
82723500282.0 399.0
82769215236.0 516.0
82932619569.0 448.0
82956183251.0 77.0
83050091749.0 556.0
83079223694.0 127.0
83110434712.0 574.0
83231571337.0 110.0
83286265515.0 480.0
83427022979.0 601.0
83541575906.0 434.0
83556825768.0 539.0
83875618158.0 621.0
83915836683.0 621.0
84006669643.0 557.0
84394197475.0 561.0
84406076703.0 482.0
84470620474.0 605.0
84493282847.0 596.0
84531284769.0 534.0
84823024498.0 559.0
84852606702.0 329.0
84945327677.0 534.0
85284295575.0 352.0
85413043208.0 128.0
85507739516.0 630.0
85539779037.0 560.0
85540940815.0 420.0
85541626022.0 638.0
85790861853.0 534.0
85792966135.0 372.0
85913802875.0 480.0
85926276286.0 444.0
86198921337.0 553.0
86211612545.0 580.0
86358674274.0 641.0
86609500395.0 187.0
86718057369.0 629.0
86786160127.0 533.0
86814645997.0 551.0
86827254261.0 458.0
87098149241.0 447.0
87237315176.0 594.0
87288347633.0 448.0
87292874549.0 560.0
87436525183.0 408.0
87491350190.0 625.0
87661709113.0 598.0
87662013897.0 525.0
87674200653.0 576.0
87934299860.0 446.0
88010016281.0 377.0
88071695146.0 576.0
88078566773.0 117.0
88091092308.0 531.0
88143560089.0 239.0
88181465956.0 575.0
88259877448.0 146.0
88421608078.0 552.0
88428097568.0 573.0
88629359961.0 451.0
88648883728.0 597.0
88669840901.0 527.0
88678388841.0 557.0
88680616225.0 596.0
88686056535.0 392.0
88913208256.0 105.0
89148296626.0 554.0
89164113195.0 135.0
89318158204.0 606.0
89328197222.0 544.0
89412037951.0 570.0
89646322494.0 436.0
89666307632.0 570.0
89875636616.0 491.0
89885097649.0 528.0
90050436305.0 642.0
90120350883.0 541.0
90184710805.0 572.0
90250793940.0 540.0
90316512798.0 561.0
90329186361.0 118.0
90517252072.0 156.0
90580713916.0 589.0
90917859982.0 552.0
90968002731.0 634.0
91022290051.0 465.0
91040901145.0 575.0
91044761107.0 428.0
91063921020.0 124.0
91108654535.0 561.0
91487928302.0 620.0
91663918610.0 67.0
91774463606.0 422.0
91834606087.0 237.0
91847179695.0 574.0
91989695495.0 570.0
92017143007.0 523.0
92109635397.0 338.0
92110728337.0 618.0
92144515930.0 520.0
92147419390.0 206.0
92223707158.0 570.0
92300112852.0 315.0
92371609368.0 151.0
92391929866.0 468.0
92447639984.0 395.0
92462804147.0 509.0
92556873326.0 590.0
92564219919.0 309.0
92723342779.0 557.0
92742979742.0 431.0
92850819224.0 236.0
92918332818.0 424.0
92942677981.0 101.0
92985965580.0 626.0
93111547863.0 373.0
93194916638.0 400.0
93367728324.0 419.0
93584687389.0 177.0
93660597217.0 621.0
93663406648.0 543.0
93762972360.0 297.0
93808329643.0 449.0
93931726111.0 557.0
94004442170.0 154.0
94075675168.0 160.0
94076892424.0 543.0
94240704710.0 554.0
94291248719.0 154.0
94295889907.0 491.0
94375269400.0 562.0
94431309722.0 641.0
94567553200.0 623.0
94648256448.0 404.0
94780624270.0 156.0
94798286311.0 620.0
94838137017.0 579.0
94869608753.0 546.0
94944115163.0 316.0
94972282496.0 179.0
94978435339.0 641.0
95085383495.0 398.0
95175100192.0 183.0
95247838905.0 402.0
95318281212.0 211.0
95446138954.0 434.0
95644200561.0 144.0
95723518369.0 554.0
95758199815.0 138.0
95912381473.0 622.0
96018518625.0 564.0
96024350233.0 444.0
96051386499.0 673.0
96144222351.0 545.0
96152296616.0 537.0
96221832901.0 286.0
96334174686.0 596.0
96367136025.0 422.0
96487867014.0 385.0
96492549506.0 516.0
96611140550.0 599.0
96693353983.0 154.0
96760651133.0 560.0
96961712887.0 178.0
96970653476.0 690.0
97243959764.0 585.0
97300807000.0 639.0
97371021687.0 570.0
97546236573.0 161.0
97556918990.0 276.0
97584993841.0 543.0
97675110929.0 526.0
97695569702.0 588.0
98038266770.0 580.0
98070456270.0 367.0
98126126452.0 323.0
98380624786.0 621.0
98430272171.0 616.0
98465350331.0 549.0
98694552520.0 593.0
98717516914.0 425.0
98757182193.0 566.0
98817609654.0 553.0
98827507453.0 335.0
99051786855.0 357.0
99152459283.0 590.0
99181718313.0 521.0
99208146139.0 613.0
99244236651.0 356.0
99270554173.0 609.0
99274076066.0 177.0
99361039030.0 370.0
99373287470.0 167.0
99482184872.0 524.0
99715637463.0 402.0
99782761141.0 149.0
99826879137.0 536.0
99877564147.0 669.0
100025640618.0 521.0
100059420522.0 566.0
100110039164.0 589.0
100131912396.0 374.0
100281002057.0 634.0
100353297506.0 600.0
100392902624.0 456.0
100578182308.0 568.0
100629821509.0 153.0
100698574507.0 585.0
100765050204.0 584.0
100800087542.0 400.0
100975678257.0 586.0
101192187942.0 594.0
101337043029.0 193.0
101442402151.0 603.0
101502021984.0 556.0
101582203928.0 551.0
101673632085.0 574.0
101852495626.0 618.0
101891489061.0 471.0
102001864878.0 94.0
102033624758.0 571.0
102058129644.0 571.0
102065295691.0 222.0
102108447450.0 543.0
102132187902.0 519.0
102147454923.0 560.0
102199920977.0 501.0
102223715334.0 535.0
102468201338.0 539.0
102586382441.0 541.0
102728389363.0 438.0
102739492661.0 470.0
102764359543.0 548.0
102781838193.0 136.0
102797525683.0 569.0
102822920844.0 189.0
102888966454.0 133.0
102939697328.0 570.0
103092125580.0 460.0
103184033264.0 443.0
103308689755.0 376.0
103330962720.0 419.0
103414129899.0 574.0
103478166446.0 487.0
103612613443.0 360.0
103673241387.0 137.0
103821531016.0 152.0
103852585974.0 278.0
103882005451.0 595.0
103895587391.0 429.0
104011517141.0 139.0
104107746608.0 264.0
104171236221.0 539.0
104190081610.0 544.0
104194267911.0 552.0
104346595256.0 589.0
104392139886.0 537.0
104438946647.0 426.0
104448507721.0 439.0
104655506628.0 457.0
104662119113.0 580.0
104777392330.0 167.0
104838239060.0 438.0
104869853486.0 164.0
105274851277.0 126.0
105326174254.0 450.0
105341687831.0 449.0
105698619238.0 571.0
105717439322.0 587.0
105935918643.0 120.0
105997293264.0 428.0
106041891315.0 516.0
106129238272.0 618.0
106147363337.0 398.0
106242932166.0 497.0
106256580874.0 158.0
106398025773.0 399.0
106517565501.0 597.0
106569847306.0 617.0
106613391483.0 497.0
106644816207.0 680.0
106662672566.0 383.0
106721968772.0 188.0
106722226648.0 464.0
106724305011.0 143.0
106730502830.0 267.0
106753673981.0 492.0
106811411770.0 616.0
107024575965.0 530.0
107229568697.0 136.0
107242068228.0 607.0
107248406523.0 385.0
107252074490.0 536.0
107315189728.0 555.0
107499318836.0 601.0
107557657859.0 625.0
107644634731.0 169.0
107743713488.0 607.0
107807243968.0 135.0
107844437755.0 168.0
107930984079.0 642.0
107977286453.0 544.0
108038169636.0 161.0
108040595887.0 589.0
108120052188.0 563.0
108147509183.0 543.0
108258188674.0 572.0
108276388951.0 543.0
108287111126.0 610.0
108287300728.0 231.0
108339679201.0 142.0
108382346461.0 409.0
108469644456.0 586.0
108535865057.0 421.0
108542350204.0 132.0
108563467735.0 154.0
108607112922.0 515.0
108719269112.0 407.0
108744253389.0 584.0
108956391981.0 71.0
109004259182.0 167.0
109019439471.0 170.0
109090702375.0 512.0
109124841611.0 601.0
109160603657.0 448.0
109251570146.0 539.0
109327655306.0 111.0
109445673292.0 329.0
109559842163.0 340.0
109608077978.0 580.0
109684769274.0 619.0
109949707430.0 578.0
110008408527.0 549.0
110012583857.0 147.0
110093937635.0 133.0
110098502931.0 554.0
110124047629.0 613.0
110200633215.0 576.0
110285235931.0 278.0
110299310845.0 445.0
110323449496.0 478.0
110337360039.0 141.0
110530388828.0 533.0
110553969657.0 596.0
110801351738.0 575.0
110930711423.0 418.0
111250759894.0 490.0
111563142262.0 317.0
111621212046.0 589.0
111624667692.0 158.0
111756622959.0 611.0
111886498312.0 640.0
111901855522.0 142.0
111969515329.0 152.0
112004566990.0 582.0
112165429988.0 555.0
112188941179.0 632.0
112192788675.0 560.0
112193402448.0 516.0
112303716814.0 250.0
112455480888.0 474.0
112491420161.0 402.0
112560137055.0 470.0
112650269457.0 369.0
112782892844.0 598.0
112794100656.0 570.0
112995231907.0 577.0
113232092348.0 431.0
113292367525.0 572.0
113306229026.0 550.0
113374302562.0 564.0
113496184345.0 490.0
113611358937.0 462.0
113803400229.0 147.0
113902971805.0 130.0
114165418257.0 583.0
114343791413.0 269.0
114488463896.0 529.0
114511053919.0 534.0
114551271268.0 200.0
114568520677.0 594.0
114617173088.0 548.0
115106745860.0 494.0
115177292662.0 172.0
115184193590.0 588.0
115195474413.0 596.0
115258624024.0 453.0
115430106746.0 600.0
115579355610.0 546.0
115592218233.0 168.0
115707202897.0 517.0
115742974101.0 570.0
115769858936.0 594.0
115833254237.0 571.0
116009658145.0 611.0
116136674772.0 639.0
116421456555.0 655.0
116558840672.0 574.0
116605637170.0 488.0
116614303068.0 207.0
116687047373.0 513.0
116718878764.0 551.0
116876490186.0 625.0
116973349020.0 567.0
116987891692.0 500.0
117163109842.0 551.0
117249608427.0 637.0
117353604607.0 575.0
117423427700.0 541.0
117513723201.0 620.0
117626691176.0 422.0
117963956817.0 128.0
118046852444.0 281.0
118072121215.0 606.0
118084257283.0 179.0
118186063344.0 596.0
118285612187.0 274.0
118325371591.0 108.0
118412866909.0 492.0
118449563533.0 590.0
118575251930.0 577.0
118770776981.0 501.0
119002323304.0 321.0
119131989614.0 603.0
119174884225.0 142.0
119237345517.0 139.0
119248374350.0 136.0
119333752365.0 612.0
119356888917.0 657.0
119433957867.0 102.0
119455140343.0 149.0
119697534002.0 615.0
119804369729.0 595.0
119826195324.0 295.0
119870457333.0 574.0
119916215284.0 168.0
119927371243.0 310.0
119932116213.0 534.0
120070682988.0 441.0
120217491948.0 164.0
120421959033.0 169.0
120509918102.0 602.0
120512629485.0 173.0
120657465880.0 639.0
120672859174.0 324.0
120721264171.0 393.0
120765642945.0 156.0
120783219915.0 128.0
120841342288.0 226.0
120985305446.0 593.0
120989222407.0 94.0
121012916924.0 523.0
121080008132.0 583.0
121149447952.0 131.0
121157577245.0 532.0
121178979381.0 557.0
121326839784.0 615.0
121337064017.0 572.0
121380004668.0 62.0
121419311114.0 146.0
121429572849.0 649.0
121672370078.0 132.0
121735553473.0 623.0
122068295362.0 526.0
122080121989.0 225.0
122347383786.0 152.0
122369175665.0 326.0
122473651701.0 578.0
122547261060.0 571.0
122641208576.0 598.0
122690044064.0 582.0
122956969168.0 141.0
122963796440.0 574.0
122998243583.0 278.0
123102434923.0 531.0
123258742021.0 110.0
123281477779.0 282.0
123523294340.0 137.0
123567641977.0 473.0
123618494955.0 594.0
123645020470.0 137.0
123679707140.0 354.0
124056890574.0 151.0
124310610228.0 642.0
124322164837.0 613.0
124334446892.0 517.0
124502982895.0 573.0
124590777342.0 561.0
124605110391.0 438.0
124705193787.0 557.0
124901309964.0 165.0
124981828789.0 638.0
125093609779.0 617.0
125111133171.0 429.0
125113480015.0 560.0
125166035455.0 564.0
125177731651.0 596.0
125182090379.0 179.0
125200743818.0 141.0
125216237703.0 489.0
125231807852.0 426.0
125367115251.0 322.0
125473862640.0 306.0
125549753007.0 74.0
125566320421.0 602.0
125674157810.0 569.0
125686428745.0 536.0
125703518998.0 158.0
125715850417.0 539.0
125730867661.0 640.0
125873038463.0 475.0
125917976774.0 268.0
126020278432.0 601.0
126183780828.0 588.0
126231729381.0 550.0
126362834189.0 122.0
126486425193.0 237.0
126677708637.0 360.0
126737065461.0 186.0
126876785591.0 547.0
127324308624.0 610.0
127434310215.0 151.0
127551455002.0 580.0
127866918132.0 513.0
127937145037.0 129.0
128052442869.0 601.0
128095520998.0 520.0
128136022450.0 265.0
128200320983.0 554.0
128270012435.0 346.0
128318068818.0 160.0
128323000028.0 619.0
128357740194.0 541.0
128396129710.0 93.0
128468729182.0 588.0
128472994050.0 408.0
128550251276.0 431.0
128563576263.0 625.0
128563720963.0 164.0
128574355521.0 164.0
128605157683.0 129.0
128627992280.0 363.0
128771128855.0 563.0
128803112344.0 568.0
128921781651.0 549.0
128987382058.0 607.0
129057163847.0 388.0
129066583541.0 446.0
129073517861.0 392.0
129079678864.0 563.0
129530544135.0 514.0
129552809926.0 561.0
129553174973.0 304.0
129740340758.0 578.0
129858846551.0 557.0
129865920827.0 99.0
129914524937.0 426.0
130060402168.0 161.0
130203289017.0 533.0
130462166957.0 416.0
130631841836.0 338.0
131017667613.0 123.0
131092579916.0 631.0
131107298389.0 158.0
131113797256.0 377.0
131241011456.0 147.0
131310794007.0 485.0
131341588191.0 471.0
131440502340.0 583.0
131583127576.0 427.0
131612979312.0 581.0
131630784923.0 479.0
131856905962.0 672.0
132137896969.0 137.0
132282774164.0 587.0
132492531884.0 398.0
132503314721.0 600.0
132522836672.0 115.0
132554706055.0 452.0
132609384555.0 658.0
132662729120.0 540.0
132795012945.0 494.0
132904033136.0 594.0
132999563013.0 116.0
133203015303.0 193.0
133403511974.0 224.0
133613320105.0 594.0
133781399727.0 146.0
133789714077.0 168.0
134040517765.0 565.0
134062917985.0 582.0
134110713800.0 135.0
134116408687.0 423.0
134167126291.0 125.0
134199210444.0 532.0
134204774464.0 368.0
134606507410.0 616.0
134741850797.0 618.0
134786068463.0 630.0
135053974510.0 377.0
135459240130.0 621.0
135507807221.0 530.0
135779337952.0 469.0
135789881436.0 157.0
135876275443.0 602.0
135886413904.0 573.0
135955844266.0 168.0
135994205215.0 569.0
135999379806.0 548.0
136000760495.0 584.0
136231197984.0 621.0
136322232723.0 480.0
136395142612.0 525.0
136467630952.0 594.0
136572548333.0 152.0
136585478189.0 132.0
136621386686.0 603.0
136630577112.0 176.0
136842202035.0 252.0
136858340639.0 468.0
136908357319.0 661.0
137051944280.0 179.0
137077572592.0 244.0
137161430298.0 397.0
137355783319.0 448.0
137435830671.0 478.0
137667305789.0 527.0
137756525259.0 538.0
137912518854.0 689.0
138478113476.0 208.0
138482874033.0 614.0
138587025082.0 406.0
138721031853.0 368.0
138779613092.0 591.0
138820696742.0 504.0
138930689493.0 521.0
139060427260.0 382.0
139069391876.0 333.0
139091450516.0 114.0
139131220388.0 571.0
139188733973.0 451.0
139279929065.0 151.0
139288839436.0 156.0
139329461547.0 333.0
139427541133.0 638.0
139727770968.0 156.0
140035020505.0 543.0
140229146233.0 458.0
140229652668.0 168.0
140342717927.0 626.0
140364143135.0 604.0
140474338350.0 507.0
140513655963.0 126.0
140580063936.0 450.0
140587874875.0 546.0
140747080678.0 75.0
140755849466.0 315.0
140792068107.0 640.0
140857970773.0 596.0
141027093616.0 589.0
141047155189.0 411.0
141137397351.0 571.0
141386435699.0 279.0
141631884349.0 472.0
141703840384.0 461.0
141764256839.0 152.0
141773088296.0 629.0
141955346731.0 594.0
142069760407.0 159.0
142118024352.0 135.0
142461440282.0 562.0
142512578867.0 454.0
142579232958.0 559.0
142586380816.0 550.0
142631817900.0 567.0
142648599068.0 238.0
142675358045.0 510.0
142888938711.0 106.0
142921356370.0 597.0
142984186397.0 692.0
143104362546.0 158.0
143156622553.0 523.0
143182173787.0 563.0
143247648397.0 283.0
143368047958.0 558.0
143540124728.0 604.0
143644873667.0 609.0
143708149339.0 565.0
143944094054.0 663.0
143988128743.0 540.0
144001511664.0 264.0
144008456791.0 585.0
144032929492.0 568.0
144051191697.0 659.0
144283512752.0 615.0
144391177236.0 616.0
144412354497.0 469.0
144495835935.0 480.0
144528560308.0 136.0
144595066093.0 93.0
144674698494.0 341.0
144724805094.0 632.0
144882952043.0 150.0
144901877168.0 615.0
144924647011.0 135.0
145039132138.0 137.0
145083176859.0 557.0
145212457346.0 563.0
145420535487.0 159.0
145614806070.0 602.0
145787726572.0 567.0
145822008686.0 124.0
145840604452.0 174.0
145871289764.0 602.0
145943548133.0 584.0
145950595176.0 350.0
146176752817.0 665.0
146260046006.0 524.0
146282660853.0 162.0
146283030026.0 698.0
146365273548.0 261.0
146480316351.0 504.0
146484302415.0 380.0
146570983850.0 467.0
146607633349.0 537.0
146640355866.0 475.0
146841976954.0 91.0
147025189384.0 455.0
147059384366.0 603.0
147063189067.0 421.0
147081327655.0 67.0
147243957673.0 668.0
147660241124.0 168.0
147812761577.0 130.0
147889088488.0 548.0
147939179592.0 611.0
147957485623.0 509.0
147960727210.0 123.0
147996158872.0 164.0
148011594914.0 539.0
148011602566.0 244.0
148229209923.0 440.0
148252480293.0 171.0
148412948392.0 164.0
148453430606.0 597.0
148527439091.0 137.0
148554997819.0 114.0
148681518857.0 555.0
148702022934.0 558.0
148732791404.0 604.0
148796926027.0 489.0
148888956962.0 654.0
148889620482.0 170.0
149051558293.0 310.0
149099428135.0 552.0
149226459835.0 71.0
149248464909.0 350.0
149403762908.0 126.0
149520382403.0 529.0
149821672863.0 550.0
149873670728.0 609.0
149884289171.0 548.0
150025382689.0 507.0
150044664407.0 556.0
150093752336.0 151.0
150116659188.0 131.0
150129589309.0 158.0
150470623877.0 594.0
150668514889.0 97.0
150704293484.0 531.0
150727301903.0 612.0
150734364824.0 423.0
150753151681.0 184.0
150771702235.0 152.0
150783830920.0 624.0
150841571703.0 589.0
151255635547.0 326.0
151508366003.0 140.0
151580587649.0 488.0
151602474926.0 534.0
151633356784.0 328.0
151893268817.0 436.0
151904390171.0 433.0
151981119286.0 643.0
152235413572.0 559.0
152496431055.0 159.0
152554794472.0 111.0
152664182215.0 633.0
152850881127.0 556.0
152889128148.0 547.0
152901557383.0 249.0
152904239310.0 525.0
152936394562.0 476.0
152940202239.0 555.0
152989507420.0 575.0
153089797885.0 323.0
153206066432.0 609.0
153306818338.0 539.0
153373413638.0 219.0
153425822819.0 145.0
153467726927.0 123.0
153587116654.0 573.0
153982046056.0 566.0
154099237093.0 394.0
154210003230.0 131.0
154432157355.0 115.0
154442610545.0 649.0
154506455191.0 571.0
154536898353.0 414.0
154561086277.0 587.0
154578068167.0 412.0
154629850930.0 598.0
154636585383.0 543.0
154737518875.0 517.0
154739715978.0 135.0
154931675941.0 496.0
155327389229.0 549.0
155338181496.0 603.0
155339505841.0 200.0
155956386216.0 135.0
156017272214.0 435.0
156090072325.0 461.0
156365656358.0 280.0
156475714513.0 152.0
156517927703.0 599.0
156602517832.0 414.0
156635470890.0 525.0
156676876265.0 538.0
156727189948.0 538.0
156965848215.0 577.0
157020480783.0 136.0
157028842476.0 215.0
157395807047.0 597.0
157557345104.0 508.0
157622734059.0 604.0
157857381576.0 566.0
157984740830.0 577.0
158030492654.0 410.0
158193863949.0 532.0
158247050836.0 504.0
158284106068.0 392.0
158431535998.0 288.0
158480429574.0 580.0
158503279960.0 487.0
158578183846.0 234.0
158616596319.0 560.0
158625440456.0 136.0
158674098675.0 132.0
158677494787.0 466.0
159136414581.0 568.0
159498793490.0 550.0
159538586968.0 162.0
159542440696.0 592.0
159571067322.0 567.0
159907274965.0 439.0
159926133739.0 375.0
159950703752.0 613.0
160043270762.0 147.0
160053852230.0 612.0
160089659660.0 157.0
160339604263.0 433.0
160451559915.0 602.0
160538582376.0 582.0
160553141092.0 442.0
160571231833.0 317.0
160793137002.0 147.0
160825141013.0 242.0
160931533484.0 469.0
160953348262.0 522.0
161133095674.0 505.0
161292621815.0 597.0
161313656322.0 148.0
161391095038.0 414.0
161924069602.0 102.0
162089279122.0 116.0
162094837359.0 532.0
162105855622.0 570.0
162356455593.0 548.0
162388913040.0 131.0
162441737002.0 297.0
162475516887.0 130.0
162481754470.0 153.0
162508332846.0 157.0
162537080919.0 600.0
162830662125.0 279.0
162915001817.0 141.0
162927102625.0 556.0
163113431485.0 560.0
163163000041.0 452.0
163267018064.0 609.0
163311037998.0 129.0
163355537403.0 543.0
163384481149.0 560.0
163466904131.0 595.0
163495164127.0 131.0
163631777645.0 547.0
163817603799.0 438.0
163855306406.0 261.0
163986021959.0 588.0
164096588661.0 184.0
164297122988.0 554.0
164337631242.0 242.0
164357482421.0 524.0
164361234802.0 575.0
164392924697.0 159.0
164795747556.0 177.0
164804029455.0 111.0
164805653653.0 482.0
164932191571.0 603.0
164978730274.0 371.0
165125819370.0 510.0
165150225707.0 606.0
165175581513.0 312.0
165217621798.0 571.0
165381552596.0 540.0
165386492946.0 457.0
165624453436.0 141.0
165680998337.0 431.0
165792016392.0 598.0
165934657258.0 417.0
165968376050.0 588.0
166083922204.0 154.0
166168948508.0 495.0
166372515219.0 222.0
166509341157.0 596.0
166645117956.0 508.0
166676815457.0 496.0
166701189243.0 634.0
166757434503.0 177.0
166776392930.0 563.0
166861835808.0 664.0
166929300463.0 133.0
167070698941.0 622.0
167073344046.0 396.0
167106770570.0 129.0
167211359352.0 173.0
167247781083.0 607.0
167670650970.0 529.0
167935665413.0 125.0
168146361209.0 590.0
168215595219.0 192.0
168241003545.0 554.0
168433026171.0 194.0
168527708633.0 328.0
168565097256.0 612.0
168929969742.0 521.0
169171048735.0 647.0
169198082207.0 518.0
169269212073.0 616.0
169583667938.0 504.0
169609981273.0 138.0
169742709883.0 554.0
169795351238.0 158.0
170230690380.0 604.0
170235831460.0 186.0
170296397189.0 652.0
170486463252.0 576.0
170552259658.0 494.0
170609698825.0 601.0
170609992482.0 557.0
170753303007.0 190.0
170779535523.0 130.0
170795194576.0 512.0
170807930441.0 558.0
170985389899.0 597.0
171065285703.0 545.0
171175405831.0 561.0
171297026334.0 365.0
171514862673.0 519.0
171610579844.0 151.0
171611639749.0 589.0
171712079775.0 234.0
171885927312.0 138.0
171928028301.0 378.0
171930632652.0 519.0
171955823095.0 609.0
172000844121.0 140.0
172079614447.0 586.0
172116853094.0 116.0
172219119936.0 577.0
172236195779.0 148.0
172353290374.0 595.0
172430848357.0 587.0
172457468290.0 88.0
172720800911.0 208.0
172972006802.0 139.0
173059079644.0 572.0
173127520282.0 527.0
173151394961.0 168.0
173184424133.0 355.0
173317599728.0 347.0
173500564767.0 353.0
173586309567.0 589.0
173739096522.0 219.0
173813138300.0 578.0
173898310651.0 592.0
174057321165.0 566.0
174091972911.0 526.0
174113708114.0 337.0
174403540801.0 89.0
174468908120.0 205.0
174670189046.0 471.0
174810414769.0 160.0
174911256300.0 443.0
174945736495.0 279.0
174964454214.0 112.0
174984661248.0 204.0
175007582757.0 587.0
175008127941.0 494.0
175058992722.0 133.0
175177076018.0 345.0
175334869930.0 564.0
175407796382.0 440.0
175525754608.0 521.0
175543154811.0 422.0
175589875363.0 601.0
175604138022.0 124.0
175605711636.0 347.0
175810254755.0 579.0
175842152786.0 276.0
175902570484.0 146.0
175985900679.0 641.0
175986729375.0 113.0
176008490287.0 117.0
176086341440.0 153.0
176367574700.0 673.0
176466227728.0 669.0
176510684342.0 608.0
176519214052.0 647.0
176605507422.0 455.0
176671690976.0 97.0
176673142374.0 663.0
176794671826.0 532.0
176959818716.0 576.0
177001535311.0 602.0
177100035325.0 556.0
177128327658.0 667.0
177163932449.0 78.0
177285538918.0 536.0
177317697298.0 611.0
177389363735.0 642.0
177460081949.0 624.0
177490200599.0 141.0
177555988998.0 137.0
177572965717.0 563.0
177581167832.0 607.0
177599417583.0 614.0
177699502157.0 149.0
177711068959.0 621.0
177794163117.0 577.0
177853370052.0 128.0
178447565754.0 142.0
178726337493.0 361.0
178780226812.0 406.0
178905797620.0 583.0
179136121229.0 114.0
179408692855.0 587.0
179514356130.0 554.0
179655803359.0 533.0
179848416744.0 461.0
179883156602.0 596.0
179919800018.0 536.0
180100134354.0 235.0
180202388365.0 226.0
180269840706.0 170.0
180405590323.0 148.0
180411870025.0 157.0
180468587541.0 244.0
180536434485.0 577.0
180552224484.0 661.0
180608158615.0 537.0
180670759569.0 578.0
180707368699.0 493.0
180764736374.0 536.0
180851391282.0 135.0
180871720721.0 351.0
180997365194.0 376.0
180999241927.0 559.0
181062843692.0 637.0
181198281488.0 500.0
181304418853.0 643.0
181418297878.0 204.0
181495199454.0 131.0
181498658996.0 152.0
181663341385.0 127.0
181669451339.0 512.0
181782327788.0 412.0
181814285085.0 320.0
181857501921.0 609.0
182050552322.0 640.0
182093753874.0 408.0
182233897125.0 128.0
182303911919.0 588.0
182341850771.0 163.0
182443601695.0 647.0
182672189790.0 616.0
182719877534.0 578.0
182742463397.0 572.0
182898104027.0 149.0
182938933408.0 567.0
183005866722.0 630.0
183121487060.0 392.0
183314716492.0 563.0
183316180360.0 599.0
183495781762.0 448.0
183517209288.0 197.0
183641560156.0 515.0
183840252209.0 546.0
183850423975.0 261.0
183896846439.0 473.0
183925543042.0 490.0
184458872284.0 141.0
184540987784.0 574.0
184592674144.0 352.0
184838179264.0 123.0
184885638444.0 564.0
184943563267.0 156.0
184970774314.0 500.0
185151295698.0 605.0
185158690199.0 503.0
185176538347.0 118.0
185212718177.0 589.0
185289053120.0 421.0
185403436417.0 75.0
185429568502.0 133.0
185471612428.0 201.0
185563415799.0 522.0
185590317579.0 375.0
185661682884.0 457.0
185687995668.0 556.0
185908852978.0 622.0
185949242159.0 213.0
186085100013.0 629.0
186245114305.0 516.0
186356684673.0 583.0
186452561144.0 240.0
186456568414.0 129.0
186459262065.0 274.0
186462649675.0 575.0
186499576081.0 555.0
186615048594.0 549.0
186889449807.0 151.0
186971567567.0 159.0
187118085921.0 590.0
187139512713.0 525.0
187253930333.0 152.0
187264708319.0 391.0
187283468476.0 548.0
187360527793.0 536.0
187499593457.0 618.0
187595374186.0 311.0
187604104049.0 446.0
187617968481.0 529.0
187685716895.0 132.0
187696370424.0 391.0
187771941976.0 409.0
187898936708.0 582.0
187924537497.0 561.0
188007916603.0 164.0
188034196512.0 251.0
188109784829.0 597.0
188391279523.0 152.0
188477474782.0 341.0
188607806228.0 527.0
188615727353.0 416.0
188792170770.0 179.0
188893334249.0 515.0
188900890236.0 497.0
188909550735.0 624.0
189284135936.0 403.0
189328793637.0 553.0
189557141605.0 571.0
189578254249.0 162.0
189581921026.0 578.0
189763422093.0 377.0
189784503904.0 518.0
189798989215.0 588.0
189971250228.0 500.0
190062867991.0 605.0
190177099506.0 129.0
190211794360.0 588.0
190269376873.0 140.0
190288389213.0 594.0
190379167364.0 477.0
190394850193.0 569.0
190687455908.0 434.0
190691181254.0 179.0
190924713810.0 118.0
191062100164.0 129.0
191305261515.0 140.0
191368402893.0 458.0
191910824191.0 654.0
191946566671.0 558.0
192047005629.0 619.0
192206537505.0 509.0
192214505978.0 301.0
192331675824.0 675.0
192695252725.0 166.0
192897683939.0 455.0
193005474917.0 611.0
193094297477.0 163.0
193221762829.0 145.0
193236542124.0 104.0
193489477197.0 366.0
193617602037.0 396.0
193638916971.0 679.0
193698332686.0 212.0
193752615243.0 199.0
193785111548.0 627.0
193828373157.0 599.0
193862720739.0 418.0
193954720179.0 568.0
194207889334.0 145.0
194216984312.0 565.0
194320130629.0 692.0
194328154592.0 602.0
194520430720.0 640.0
194594880875.0 602.0
194758637335.0 556.0
194770512090.0 523.0
194876481946.0 605.0
195019338491.0 537.0
195127659485.0 614.0
195143059014.0 611.0
195310126418.0 603.0
195316766928.0 639.0
195489373779.0 124.0
195503557592.0 261.0
195630921125.0 166.0
195704639616.0 503.0
195926944559.0 129.0
196090153478.0 606.0
196153775023.0 569.0
196185148994.0 422.0
196246099415.0 456.0
196654509286.0 566.0
196752141367.0 538.0
196884313141.0 149.0
196936712924.0 562.0
196953942736.0 578.0
197179580000.0 377.0
197310987858.0 567.0
197357224066.0 559.0
197386488366.0 550.0
197406596424.0 613.0
197481294693.0 110.0
197778446034.0 502.0
197810087835.0 487.0
197875527250.0 272.0
197948838168.0 641.0
198071941143.0 589.0
198159018440.0 198.0
198173059477.0 591.0
198197659679.0 243.0
198211795584.0 618.0
198249513114.0 574.0
198274450783.0 559.0
198365176707.0 372.0
198375753937.0 572.0
198555906985.0 656.0
198584108895.0 562.0
198712693354.0 647.0
198765619624.0 446.0
198939105993.0 158.0
199064646582.0 602.0
199074895623.0 626.0
199089088945.0 497.0
199135230946.0 119.0
199137010445.0 468.0
199277279916.0 133.0
199290580523.0 420.0
199345692600.0 578.0
199362373911.0 537.0
199415503310.0 238.0
199471898661.0 603.0
199484981957.0 575.0
199535328093.0 182.0
199607968642.0 204.0
200050183264.0 163.0
200188318953.0 177.0
200309729313.0 608.0
200379305750.0 506.0
200783727619.0 135.0
200984338586.0 120.0
201013306117.0 615.0
201137162098.0 380.0
201341739418.0 595.0
201408454272.0 639.0
201601976051.0 65.0
201787079222.0 393.0
201803695826.0 566.0
201856445325.0 571.0
201948186900.0 432.0
201952114891.0 497.0
202079238391.0 143.0
202322312502.0 542.0
202365410158.0 414.0
202522473797.0 534.0
202535523135.0 583.0
202538177526.0 545.0
202765316911.0 569.0
202766846571.0 133.0
202853547528.0 491.0
202997151103.0 590.0
203007583611.0 142.0
203060392394.0 581.0
203114537953.0 163.0
203204193423.0 376.0
203297276678.0 638.0
203311814041.0 496.0
203387800823.0 508.0
203805861037.0 339.0
203843730312.0 136.0
203914579658.0 500.0
203922990320.0 424.0
203924986952.0 536.0
204119927855.0 501.0
204222225890.0 154.0
204322210824.0 439.0
204487058509.0 149.0
204511469816.0 592.0
204565968255.0 147.0
204610830880.0 550.0
204629560050.0 541.0
204782525692.0 302.0
204793096130.0 286.0
204952196971.0 408.0
204968688149.0 607.0
204979157848.0 578.0
205027090821.0 152.0
205074360140.0 242.0
205107727832.0 585.0
205141757401.0 591.0
205978525502.0 511.0
206000343388.0 449.0
206054455062.0 634.0
206067876173.0 578.0
206115467583.0 556.0
206134038996.0 543.0
