111698095.0 604.0
117527715.0 603.0
160191483.0 584.0
167483715.0 565.0
180513973.0 699.0
226563769.0 340.0
238392189.0 466.0
247923237.0 532.0
316227616.0 180.0
333188065.0 618.0
366940113.0 640.0
411885242.0 571.0
434893394.0 538.0
478573223.0 298.0
488652600.0 640.0
690033098.0 337.0
709636889.0 556.0
723128436.0 526.0
858978786.0 587.0
859048236.0 83.0
908021070.0 618.0
1060622278.0 637.0
1091845209.0 523.0
1134067649.0 610.0
1244520738.0 610.0
1272650705.0 555.0
1326535707.0 602.0
1361983514.0 603.0
1379452257.0 514.0
1391137187.0 577.0
1419604621.0 375.0
1459752260.0 557.0
1581565744.0 260.0
1609167058.0 481.0
1768291196.0 399.0
1818390416.0 518.0
1901705887.0 277.0
1953008812.0 294.0
1956359899.0 584.0
2140151293.0 316.0
2173636236.0 365.0
2187847270.0 557.0
2229570486.0 536.0
2233736660.0 254.0
2261974797.0 584.0
2345314841.0 550.0
2350159127.0 597.0
2364294459.0 556.0
2411723461.0 239.0
2435459796.0 315.0
2526045984.0 642.0
2639135421.0 129.0
2655060249.0 582.0
2669185171.0 96.0
2713110184.0 551.0
2804099129.0 522.0
2809020455.0 567.0
2873506279.0 370.0
2887469147.0 647.0
3016719507.0 610.0
3023641584.0 587.0
3076894665.0 430.0
3225226682.0 618.0
3292185236.0 577.0
3327824193.0 188.0
3331583072.0 595.0
3378201735.0 516.0
3394445744.0 660.0
3602108582.0 642.0
3629597759.0 46.0
3725114869.0 301.0
3789745601.0 583.0
3791208518.0 570.0
3823310887.0 619.0
3832315599.0 603.0
3905129292.0 252.0
3941596502.0 446.0
3971421265.0 542.0
3974967192.0 601.0
4018189175.0 258.0
4033980284.0 543.0
4050512575.0 603.0
4068588810.0 575.0
4075908456.0 564.0
4124317400.0 472.0
4166761140.0 600.0
4178845241.0 573.0
4257961419.0 566.0
4271001022.0 586.0
4290633731.0 613.0
4352075509.0 337.0
4366923817.0 560.0
4380706219.0 250.0
4431902848.0 508.0
4456372192.0 221.0
4463688734.0 616.0
4506490466.0 576.0
4630353197.0 630.0
4732483948.0 205.0
4810419382.0 582.0
4830959610.0 567.0
4860313713.0 41.0
4866718873.0 291.0
5046280848.0 364.0
5193992039.0 242.0
5263000069.0 254.0
5263960205.0 556.0
5336495741.0 550.0
5368163777.0 539.0
5371678412.0 524.0
5387180864.0 236.0
5444078223.0 574.0
5457425084.0 418.0
5533913653.0 517.0
5539240821.0 526.0
5624727511.0 457.0
5744971935.0 583.0
5752018773.0 582.0
5802282280.0 323.0
5803486094.0 320.0
5963171654.0 557.0
5987614358.0 565.0
6080248171.0 596.0
6089684096.0 466.0
6097216082.0 607.0
6097590884.0 187.0
6178501258.0 370.0
6202707199.0 594.0
6298106603.0 508.0
6305818337.0 527.0
6403686300.0 572.0
6472019532.0 209.0
6521832806.0 454.0
6535135350.0 237.0
6622498289.0 254.0
6655951087.0 655.0
6710280311.0 540.0
6778815110.0 370.0
6859431075.0 500.0
6948176440.0 629.0
6975574430.0 205.0
6977742049.0 521.0
7034160468.0 247.0
7106094675.0 341.0
7107564790.0 484.0
7132266628.0 513.0
7287882024.0 260.0
7328114478.0 250.0
7370096619.0 335.0
7374403407.0 342.0
7418843985.0 546.0
7424274205.0 552.0
7516171040.0 548.0
7536645202.0 491.0
7602296939.0 450.0
7614439366.0 477.0
7649541624.0 517.0
7655663257.0 447.0
7731862888.0 320.0
7736621134.0 291.0
7770807877.0 517.0
7779074310.0 553.0
7788609813.0 619.0
7822652451.0 466.0
7826734914.0 273.0
7836388190.0 515.0
7842432223.0 383.0
7857886765.0 150.0
7872070321.0 582.0
7959239652.0 265.0
8031927111.0 478.0
8048896856.0 619.0
8206367150.0 552.0
8343054181.0 528.0
8438120553.0 482.0
8447063444.0 594.0
8468538563.0 574.0
8503402981.0 506.0
8570233776.0 533.0
8606141661.0 489.0
8609961676.0 559.0
8646273423.0 645.0
8648326610.0 145.0
8698894067.0 474.0
8790411039.0 228.0
8870862886.0 573.0
8966722071.0 264.0
9119799454.0 506.0
9242361762.0 249.0
9282428551.0 346.0
9286611243.0 404.0
9367784224.0 549.0
9421116796.0 282.0
9432039856.0 588.0
9505219130.0 596.0
9584419185.0 356.0
9687201939.0 431.0
9710932410.0 480.0
9761269043.0 520.0
9788086646.0 541.0
9788108044.0 581.0
9898605656.0 525.0
9961736344.0 553.0
9964526151.0 331.0
9993063050.0 264.0
10000777427.0 238.0
10099447674.0 567.0
10155869679.0 673.0
10293571845.0 574.0
10321018654.0 601.0
10339716660.0 444.0
10384225250.0 626.0
10455557643.0 477.0
10517418923.0 562.0
10550689348.0 556.0
10614562423.0 473.0
10684716727.0 383.0
10685271157.0 372.0
10838434691.0 622.0
10900124461.0 474.0
10932447077.0 576.0
10958186679.0 625.0
11021577623.0 326.0
11237578462.0 567.0
11264161491.0 593.0
11429098159.0 553.0
11435250850.0 584.0
11439225960.0 642.0
11543801505.0 550.0
11629584748.0 487.0
11630721510.0 489.0
11702381422.0 452.0
11712227767.0 110.0
11894460450.0 532.0
11915403042.0 428.0
11932829031.0 614.0
11940412454.0 682.0
11952811523.0 223.0
12048408285.0 501.0
12128227820.0 633.0
12145597248.0 614.0
12222082951.0 602.0
12288781517.0 628.0
12319044350.0 223.0
12364192433.0 320.0
12389815615.0 649.0
12479691396.0 561.0
12512175359.0 662.0
12526017629.0 574.0
12562171112.0 338.0
12566875357.0 580.0
12598708595.0 536.0
12606895893.0 353.0
12645671284.0 568.0
12683733297.0 366.0
12698937678.0 153.0
12750507656.0 586.0
12840080321.0 658.0
12865133226.0 635.0
12885350210.0 584.0
12963427986.0 580.0
12989144216.0 232.0
13048264961.0 574.0
13219883653.0 560.0
13245480307.0 219.0
13260904649.0 592.0
13310479265.0 186.0
13386139910.0 635.0
13400417243.0 682.0
13451579955.0 445.0
13521966366.0 290.0
13526890944.0 186.0
13559482216.0 588.0
13651866621.0 600.0
13655286932.0 351.0
13688235859.0 125.0
13697831529.0 589.0
13735167548.0 570.0
13787101109.0 618.0
13845421181.0 634.0
13878188213.0 337.0
13946581360.0 616.0
14094745063.0 171.0
14100766357.0 501.0
14292166577.0 310.0
14316092601.0 270.0
14432064896.0 557.0
14455132508.0 564.0
14592508632.0 234.0
14644432393.0 559.0
14791046085.0 471.0
14980438413.0 386.0
15012774090.0 574.0
15027853264.0 441.0
15181247472.0 433.0
15252949255.0 583.0
15360031158.0 606.0
15396761744.0 272.0
15400313599.0 420.0
15485302758.0 267.0
15579571688.0 561.0
15625617938.0 236.0
15640247245.0 469.0
15669674111.0 495.0
15847337400.0 364.0
15945970429.0 513.0
15979100570.0 631.0
16004856525.0 556.0
16025698428.0 633.0
16064689892.0 305.0
16092680894.0 535.0
16196800249.0 555.0
16232071212.0 625.0
16241278031.0 308.0
16297826462.0 579.0
16298819477.0 626.0
16347272260.0 529.0
16377384490.0 585.0
16414736883.0 451.0
16453576076.0 569.0
16457038265.0 504.0
16529065665.0 318.0
16558245050.0 458.0
16565780507.0 616.0
16583849237.0 218.0
16586525583.0 281.0
16620908889.0 315.0
16692163178.0 261.0
16708159745.0 311.0
16716138597.0 192.0
16942126663.0 238.0
16975199896.0 607.0
17075274460.0 607.0
17094395308.0 237.0
17099096601.0 409.0
17168069140.0 235.0
17215284159.0 591.0
17232109042.0 642.0
17239983056.0 156.0
17271690518.0 660.0
17371664776.0 480.0
17397494949.0 302.0
17470141621.0 592.0
17477661550.0 239.0
17501127843.0 260.0
17524376344.0 361.0
17538796624.0 536.0
17571115529.0 262.0
17575119897.0 601.0
17632948869.0 639.0
17724485437.0 699.0
17774084260.0 461.0
17826526851.0 491.0
18036888115.0 458.0
18060984542.0 416.0
18123714952.0 185.0
18137799368.0 548.0
18155923416.0 600.0
18164226495.0 336.0
18184832529.0 526.0
18257975047.0 590.0
18311659335.0 393.0
18349942477.0 627.0
18436543167.0 584.0
18461076028.0 325.0
18496851226.0 502.0
18561711300.0 444.0
18581082295.0 239.0
18736417220.0 668.0
18768873279.0 339.0
18773453362.0 604.0
18796935391.0 264.0
18819317843.0 463.0
18828199284.0 250.0
18847693242.0 401.0
18854210836.0 405.0
18945324232.0 353.0
19208184761.0 42.0
19238112083.0 573.0
19248730463.0 462.0
19266049033.0 602.0
19266383653.0 530.0
19432249952.0 552.0
19484451521.0 548.0
19607065491.0 462.0
19616927606.0 602.0
19629273959.0 603.0
19637652966.0 561.0
19711882973.0 258.0
19741091486.0 623.0
19748145923.0 487.0
19785696106.0 257.0
19800970261.0 563.0
19827946616.0 497.0
19828157739.0 533.0
19866627822.0 320.0
19934217547.0 475.0
19981662950.0 488.0
19988008266.0 458.0
20118373948.0 567.0
20126679520.0 503.0
20228890968.0 241.0
20248601621.0 417.0
20370942643.0 425.0
20372792497.0 309.0
20460931773.0 557.0
20465869409.0 568.0
20475502422.0 601.0
20492560139.0 623.0
20559958056.0 267.0
20589152853.0 377.0
20652677542.0 479.0
20652775334.0 571.0
20694338835.0 325.0
20704907771.0 438.0
20768787187.0 305.0
20786342489.0 539.0
20791417528.0 640.0
20854585010.0 417.0
20918223384.0 563.0
20945412880.0 298.0
21024522610.0 344.0
21113715272.0 563.0
21141257122.0 519.0
21150139947.0 336.0
21189903623.0 420.0
21338054008.0 628.0
21482614038.0 569.0
21485729171.0 445.0
21527234839.0 278.0
21633251917.0 595.0
21635437670.0 597.0
21659599083.0 325.0
21704028625.0 296.0
21708438192.0 511.0
21725605112.0 569.0
21776780986.0 324.0
21781631008.0 370.0
21827979238.0 600.0
21890145947.0 566.0
21924247094.0 549.0
21965826940.0 582.0
21994097163.0 551.0
21998155545.0 614.0
22018055513.0 618.0
22041034693.0 469.0
22106229229.0 566.0
22109563298.0 573.0
22141662753.0 643.0
22236055807.0 622.0
22327362876.0 609.0
22376419994.0 557.0
22411049961.0 546.0
22539167256.0 234.0
22800368546.0 598.0
22838576990.0 603.0
23013120650.0 411.0
23034251477.0 444.0
23187782214.0 134.0
23264219872.0 493.0
23408462066.0 241.0
23415364941.0 501.0
23445382804.0 550.0
23457870560.0 612.0
23534493733.0 310.0
23562316443.0 295.0
23609486317.0 458.0
23731014204.0 96.0
23797957148.0 417.0
23819561809.0 553.0
23918289219.0 552.0
23934289708.0 452.0
23970421416.0 255.0
23985598652.0 439.0
23988182669.0 624.0
24013577034.0 466.0
24075113473.0 582.0
24084964688.0 595.0
24136392903.0 275.0
24180459930.0 612.0
24205732423.0 609.0
24219432806.0 510.0
24221399024.0 279.0
24231018081.0 259.0
24292801808.0 175.0
24314499756.0 293.0
24403440518.0 572.0
24437721971.0 584.0
24440092047.0 586.0
24448456965.0 90.0
24452597744.0 327.0
24549819459.0 367.0
24554325057.0 588.0
24654812312.0 455.0
24688637433.0 639.0
24706902314.0 596.0
24714372642.0 563.0
24734064307.0 556.0
24797693658.0 126.0
24890236030.0 143.0
24896132862.0 588.0
24907779890.0 587.0
24945332864.0 245.0
24986692746.0 552.0
25032888528.0 448.0
25072081497.0 295.0
25134867003.0 540.0
25241416507.0 602.0
25245361263.0 505.0
25255190069.0 528.0
25282218305.0 375.0
25307975418.0 340.0
25342644739.0 660.0
25507583883.0 404.0
25557122840.0 583.0
25622534131.0 473.0
25713757956.0 585.0
25742437969.0 472.0
25758664086.0 659.0
25813598386.0 493.0
25880328388.0 492.0
25891123179.0 596.0
25897429808.0 483.0
25928618042.0 331.0
25965000565.0 536.0
26099011522.0 279.0
26251366027.0 390.0
26277912821.0 571.0
26399548188.0 465.0
26473322629.0 152.0
26512254049.0 375.0
26562553544.0 615.0
26611331353.0 596.0
26645860410.0 176.0
26692996102.0 435.0
26695290053.0 570.0
26720420222.0 300.0
26779637651.0 171.0
26791896049.0 565.0
26860717387.0 331.0
26872347988.0 176.0
26891472259.0 608.0
26972256803.0 679.0
27018878894.0 255.0
27052702535.0 500.0
27059574790.0 234.0
27145496847.0 591.0
27175055069.0 349.0
27212989043.0 573.0
27215433167.0 277.0
27250108078.0 322.0
27342496213.0 292.0
27446149529.0 574.0
27472050578.0 381.0
27489039332.0 433.0
27490424761.0 206.0
27551550525.0 563.0
27578285499.0 250.0
27598510016.0 160.0
27609460047.0 600.0
27614344009.0 459.0
27682216874.0 465.0
27839392431.0 651.0
27906201016.0 520.0
27910497171.0 333.0
27919548613.0 259.0
27958310181.0 387.0
28016553635.0 396.0
28081999688.0 606.0
28120857463.0 413.0
28220610990.0 324.0
28325222674.0 599.0
28380622601.0 553.0
28591044029.0 565.0
28591504796.0 557.0
28607961718.0 623.0
28639525534.0 488.0
28667899193.0 574.0
28770562593.0 549.0
28876982119.0 570.0
28884294945.0 519.0
29010843628.0 611.0
29032260732.0 554.0
29056056213.0 500.0
29056577483.0 651.0
29126748964.0 546.0
29259188707.0 449.0
29408514081.0 540.0
29413617662.0 562.0
29461726886.0 257.0
29497148926.0 304.0
29519480012.0 551.0
29529265878.0 583.0
29548812052.0 238.0
29601070908.0 233.0
29692973923.0 654.0
29722819711.0 93.0
29739307764.0 608.0
29837010292.0 560.0
29956776946.0 544.0
29958137760.0 602.0
29986316284.0 309.0
30012147910.0 327.0
30029738728.0 297.0
30067836242.0 308.0
30177824832.0 632.0
30209388983.0 599.0
30222838178.0 509.0
30236315226.0 572.0
30331360423.0 294.0
30457240857.0 328.0
30504875713.0 605.0
30518757974.0 562.0
30555737400.0 576.0
30726031808.0 561.0
30840554355.0 340.0
30957486480.0 686.0
31152946403.0 562.0
31205874432.0 536.0
31251663341.0 526.0
31252341681.0 588.0
31296489602.0 436.0
31316801891.0 479.0
31321634909.0 388.0
31324635339.0 315.0
31330142068.0 174.0
31362222406.0 322.0
31410214659.0 673.0
31411238135.0 588.0
31468444086.0 240.0
31575227413.0 574.0
31588564650.0 390.0
31755246493.0 50.0
31795930990.0 591.0
31804126667.0 482.0
31876547841.0 560.0
31892214419.0 517.0
32084875633.0 60.0
32127639040.0 593.0
32138068549.0 444.0
32270483223.0 590.0
32404497618.0 526.0
32446688671.0 586.0
32474608725.0 579.0
32496589146.0 246.0
32546278591.0 84.0
32577064644.0 571.0
32745381111.0 491.0
32770509971.0 259.0
32834719348.0 280.0
32870918747.0 608.0
33002061887.0 328.0
33037622686.0 606.0
33049715289.0 462.0
33115015188.0 559.0
33178175836.0 315.0
33211949131.0 71.0
33239234833.0 232.0
33269397624.0 538.0
33348774563.0 544.0
33550756312.0 499.0
33609937252.0 593.0
33698678520.0 585.0
33908452674.0 475.0
33915341638.0 228.0
33993893488.0 547.0
34010671774.0 519.0
34013388360.0 584.0
34260699862.0 543.0
34269356855.0 416.0
34270018940.0 332.0
34303529537.0 611.0
34417780308.0 228.0
34461348515.0 553.0
34495920001.0 596.0
34522964171.0 590.0
34524855036.0 586.0
34645117484.0 402.0
34717766861.0 512.0
34728435431.0 214.0
34749825603.0 578.0
34797880300.0 527.0
34877918354.0 568.0
34897396842.0 391.0
34907571046.0 515.0
34929087143.0 530.0
34962089950.0 604.0
34970757954.0 472.0
34997592146.0 314.0
35070197528.0 459.0
35303441357.0 309.0
35342578564.0 448.0
35452438863.0 583.0
35468024343.0 450.0
35531869499.0 605.0
35534576294.0 609.0
35545136090.0 448.0
35625843578.0 618.0
35668395261.0 620.0
35669029866.0 576.0
35899415210.0 601.0
36036351345.0 466.0
36041793983.0 528.0
36043760733.0 576.0
36154312737.0 530.0
36175861069.0 268.0
36229022664.0 304.0
36237620900.0 260.0
36281859288.0 258.0
36420329081.0 592.0
36461816301.0 595.0
36463703431.0 549.0
36464170910.0 631.0
36465210445.0 558.0
36477654635.0 338.0
36523414241.0 452.0
36561626496.0 572.0
36591600968.0 391.0
36708593080.0 589.0
36758116029.0 258.0
36805864410.0 442.0
36843924699.0 260.0
36853999668.0 508.0
36863083647.0 561.0
36939622136.0 667.0
36959557743.0 522.0
37013937081.0 621.0
37023866233.0 402.0
37227491190.0 604.0
37252190490.0 161.0
37300641524.0 612.0
37432208542.0 465.0
37510016572.0 577.0
37620491197.0 520.0
37695457628.0 372.0
37778139846.0 554.0
37839661999.0 580.0
37883025815.0 615.0
37883245953.0 429.0
37931534396.0 609.0
37938075303.0 562.0
37987210098.0 436.0
38022993649.0 342.0
38046909781.0 201.0
38056740225.0 533.0
38084660712.0 535.0
38120698364.0 577.0
38138370666.0 490.0
38145132578.0 546.0
38146133847.0 263.0
38159504647.0 544.0
38159662160.0 265.0
38211557171.0 611.0
38229089503.0 629.0
38419018068.0 439.0
38452247208.0 573.0
38498171696.0 378.0
38544251052.0 561.0
38564396815.0 609.0
38608898534.0 460.0
38628083893.0 228.0
38644399397.0 546.0
38711620786.0 239.0
38722699884.0 163.0
38732905762.0 552.0
38734264555.0 132.0
38736102012.0 636.0
38794845910.0 536.0
38830755756.0 520.0
39006030135.0 558.0
39081022778.0 607.0
39153768310.0 324.0
39183816503.0 196.0
39216324908.0 566.0
39410384595.0 331.0
39414745881.0 568.0
39449109817.0 246.0
39455347123.0 581.0
39475311379.0 685.0
39488238345.0 578.0
39631342032.0 607.0
39661641021.0 316.0
39688636530.0 650.0
39714961604.0 289.0
39723356171.0 335.0
39762201908.0 399.0
39778586368.0 491.0
39785762251.0 432.0
39821091458.0 137.0
40074680182.0 586.0
40254450817.0 302.0
40323521228.0 357.0
40343890080.0 549.0
40416801352.0 624.0
40444650249.0 525.0
40456464191.0 559.0
40456520564.0 593.0
40479005872.0 107.0
40526093606.0 214.0
40617762287.0 242.0
40644130647.0 593.0
40672741658.0 585.0
40718035805.0 402.0
40734560945.0 568.0
40752590233.0 543.0
40761987939.0 616.0
40810303777.0 547.0
40900792599.0 594.0
40923181456.0 567.0
41051600986.0 558.0
41055539088.0 278.0
41122287999.0 508.0
41128159216.0 316.0
41145063799.0 611.0
41160307728.0 362.0
41257744352.0 348.0
41317738105.0 386.0
41468014472.0 499.0
41473186938.0 81.0
41510053616.0 528.0
41553113842.0 553.0
41569483767.0 491.0
41572327608.0 456.0
41584845018.0 614.0
41704489824.0 263.0
41726425017.0 619.0
41757283879.0 569.0
41760490253.0 548.0
41877120535.0 476.0
41946713308.0 468.0
41999561851.0 516.0
42113469514.0 622.0
42172459853.0 0.0
42175582375.0 455.0
42187998418.0 477.0
42262941375.0 529.0
42439062525.0 440.0
42459462896.0 504.0
42521720335.0 537.0
42561438836.0 582.0
42613717650.0 577.0
42619134045.0 232.0
42708892926.0 219.0
42715051130.0 536.0
42716309416.0 578.0
42764444699.0 602.0
42788902534.0 340.0
42802916900.0 306.0
42803609289.0 602.0
42817044950.0 607.0
42821644522.0 610.0
42849050816.0 540.0
42864718082.0 282.0
42869369054.0 573.0
42926238383.0 429.0
42944153639.0 320.0
42989141823.0 547.0
43020535264.0 572.0
43154898018.0 101.0
43196339913.0 585.0
43230645469.0 406.0
43281632898.0 576.0
43319291145.0 373.0
43429879287.0 644.0
43437955179.0 540.0
43504881628.0 620.0
43557275939.0 544.0
43559328385.0 342.0
43620899640.0 224.0
43639840389.0 589.0
43658686057.0 345.0
43737324161.0 150.0
43959488052.0 322.0
44054366284.0 561.0
44060167332.0 510.0
44130113758.0 457.0
44175493622.0 462.0
44195875108.0 563.0
44206530153.0 441.0
44325014763.0 578.0
44326003134.0 619.0
44339048172.0 576.0
44593229900.0 579.0
44595549051.0 345.0
44600083364.0 546.0
44643994102.0 268.0
44675123957.0 262.0
44719411558.0 278.0
44728912607.0 388.0
44755468244.0 480.0
44885350326.0 165.0
44890609207.0 410.0
44931155101.0 563.0
44936312516.0 401.0
44958356012.0 566.0
45006475569.0 665.0
45061228377.0 295.0
45161354603.0 390.0
45190088618.0 536.0
45196085722.0 608.0
45219847374.0 582.0
45296475542.0 244.0
45303373645.0 386.0
45324602756.0 543.0
45368422587.0 301.0
45404686483.0 545.0
45458876067.0 637.0
45506874522.0 557.0
45672118045.0 539.0
45858728902.0 611.0
45891986967.0 535.0
46167125811.0 440.0
46259140273.0 686.0
46283419076.0 594.0
46289534699.0 558.0
46337868033.0 583.0
46474826843.0 265.0
46508030108.0 475.0
46602902631.0 339.0
46664843933.0 620.0
46678366416.0 531.0
46680895865.0 607.0
46707156112.0 447.0
46714785935.0 344.0
46774965454.0 546.0
46794110917.0 584.0
46817902219.0 604.0
46883715858.0 575.0
46949911574.0 575.0
46954419037.0 609.0
47022409958.0 579.0
47155820609.0 504.0
47172661856.0 549.0
47195684251.0 623.0
47197230584.0 563.0
47291637113.0 466.0
47298937095.0 592.0
47309769216.0 347.0
47320353690.0 491.0
47325933373.0 605.0
47436473761.0 524.0
47535697861.0 639.0
47535802472.0 253.0
47561049586.0 574.0
47578567107.0 342.0
47633947231.0 561.0
47800340937.0 478.0
47887881890.0 601.0
47915874702.0 404.0
48012519722.0 541.0
48044067592.0 606.0
48063742175.0 558.0
48106728866.0 540.0
48118119543.0 357.0
48158440445.0 298.0
48210786084.0 619.0
48219561806.0 137.0
48309066373.0 645.0
48368539907.0 551.0
48473018468.0 589.0
48542577770.0 569.0
48590520931.0 442.0
48593656504.0 446.0
48617762352.0 606.0
48647746635.0 565.0
48722315186.0 419.0
48745941351.0 319.0
48874321020.0 534.0
48916394571.0 582.0
48998353100.0 382.0
49030635029.0 435.0
49059322217.0 243.0
49066751356.0 504.0
49105926019.0 538.0
49120538836.0 448.0
49126968257.0 616.0
49358299304.0 580.0
49482399895.0 441.0
49514076558.0 274.0
49576579450.0 602.0
49590955965.0 582.0
49618295087.0 584.0
49676337045.0 592.0
49691078265.0 488.0
49700151810.0 604.0
49730798658.0 365.0
49742180495.0 301.0
49747666088.0 555.0
49783697908.0 606.0
49827944019.0 586.0
49829175050.0 274.0
49859957466.0 578.0
49878335681.0 395.0
49904558427.0 328.0
49955921470.0 466.0
49984373122.0 566.0
49994225384.0 391.0
50014733807.0 109.0
50058483150.0 608.0
50163746290.0 521.0
50268731790.0 560.0
50377589598.0 514.0
50430492963.0 536.0
50532977582.0 302.0
50588982246.0 244.0
50603586908.0 260.0
50611691145.0 31.0
50767504671.0 268.0
50879107763.0 435.0
50895363349.0 559.0
50986409201.0 569.0
51022229165.0 573.0
51328228524.0 225.0
51437098011.0 570.0
51441823968.0 588.0
51548263520.0 586.0
51560292556.0 564.0
51576297871.0 591.0
51642501675.0 467.0
51652681679.0 463.0
51684031397.0 626.0
51716938740.0 589.0
51761604607.0 522.0
51776635146.0 641.0
51899770314.0 319.0
51987361888.0 537.0
52011062602.0 321.0
52066464035.0 657.0
52149653024.0 327.0
52202753831.0 610.0
52218516297.0 392.0
52286064604.0 416.0
52292746100.0 230.0
52293060351.0 586.0
52295052800.0 593.0
52357175278.0 233.0
52378510931.0 594.0
52398228824.0 306.0
52430331221.0 476.0
52473617850.0 225.0
52503539233.0 556.0
52517335745.0 435.0
52534875230.0 561.0
52651226638.0 270.0
52663303920.0 595.0
52731475685.0 605.0
52784726878.0 583.0
52826470599.0 543.0
52832565854.0 443.0
52871349664.0 627.0
52875039337.0 316.0
53037356802.0 347.0
53052656093.0 644.0
53062787082.0 584.0
53091923865.0 592.0
53198932586.0 600.0
53349382847.0 452.0
53393616360.0 590.0
53405908485.0 158.0
53500261886.0 593.0
53605257185.0 644.0
53726815405.0 103.0
53812275666.0 73.0
53892978401.0 450.0
54005787457.0 293.0
54036066177.0 236.0
54069587949.0 464.0
54150584093.0 292.0
54182831394.0 522.0
54206508152.0 586.0
54222266104.0 224.0
54254496223.0 510.0
54299937264.0 509.0
54332737845.0 626.0
54458438961.0 203.0
54698598465.0 512.0
54728384818.0 545.0
54751131055.0 595.0
54768213387.0 586.0
54786988870.0 481.0
54791768820.0 586.0
54966311062.0 430.0
55034848773.0 503.0
55042058070.0 252.0
55058708956.0 360.0
55164938330.0 214.0
55180053004.0 247.0
55204627111.0 552.0
55209385122.0 312.0
55213666980.0 446.0
55238124504.0 289.0
55415777295.0 466.0
55459599814.0 594.0
55629059519.0 304.0
55632012565.0 479.0
55655028753.0 364.0
55702750561.0 228.0
55781673031.0 538.0
55824622743.0 545.0
55846750031.0 602.0
55926499893.0 450.0
55943254858.0 402.0
56022046505.0 443.0
56091258969.0 544.0
56197206021.0 542.0
56203242714.0 620.0
56260692515.0 685.0
56262325175.0 551.0
56315087599.0 534.0
56431631727.0 349.0
56507820018.0 581.0
56523174459.0 590.0
56532642772.0 511.0
56634950537.0 572.0
56672564587.0 574.0
56980052862.0 441.0
57002986429.0 301.0
57058228078.0 377.0
57137038683.0 606.0
57158623829.0 276.0
57180031000.0 545.0
57222500883.0 557.0
57261259894.0 524.0
57270313344.0 116.0
57398982747.0 164.0
57451358644.0 86.0
57502253876.0 154.0
57505708469.0 337.0
57524498549.0 625.0
57547296123.0 620.0
57562513842.0 220.0
57630222549.0 483.0
57630934604.0 439.0
57679929163.0 364.0
57727077231.0 578.0
57738772619.0 395.0
57749285501.0 506.0
57772461219.0 647.0
57786428672.0 604.0
57802511760.0 104.0
57827247490.0 553.0
57864278903.0 558.0
57926379273.0 441.0
57973439226.0 575.0
57989377227.0 586.0
58141971314.0 578.0
58142483565.0 447.0
58372130352.0 610.0
58399221340.0 486.0
58411880931.0 512.0
58461062574.0 571.0
58476209387.0 316.0
58531106741.0 194.0
58551292843.0 397.0
58551518100.0 527.0
58569539826.0 510.0
58586480214.0 602.0
58689927076.0 606.0
58740864000.0 404.0
58771204545.0 463.0
58795198915.0 439.0
58806388147.0 302.0
58822544139.0 642.0
58858284328.0 104.0
58860333943.0 566.0
58960524101.0 583.0
59001914674.0 484.0
59022718930.0 622.0
59100227208.0 382.0
59223393052.0 571.0
59290455584.0 281.0
59348896987.0 60.0
59442884758.0 416.0
59742621268.0 528.0
59750633972.0 613.0
59770805965.0 530.0
59809777050.0 546.0
59825030926.0 577.0
59946860980.0 579.0
60060983503.0 582.0
60087306988.0 491.0
60099055475.0 572.0
60109837102.0 510.0
60204977602.0 524.0
60234748041.0 632.0
60246370154.0 568.0
60291047980.0 625.0
60300384286.0 200.0
60328879592.0 264.0
60372303859.0 531.0
60399092715.0 284.0
60409635994.0 689.0
60458075114.0 300.0
60469697137.0 570.0
60522678589.0 372.0
60575478744.0 227.0
60619261908.0 507.0
60625551144.0 646.0
60642875428.0 642.0
60794056820.0 588.0
60925306952.0 352.0
60939613573.0 627.0
60966229778.0 443.0
61166433986.0 381.0
61176383970.0 167.0
61265959200.0 633.0
61270273783.0 237.0
61274005864.0 318.0
61294965499.0 621.0
61306618008.0 588.0
61306700658.0 586.0
61437505606.0 198.0
61482307465.0 474.0
61518396369.0 645.0
61542043073.0 585.0
61569634377.0 524.0
61616520354.0 80.0
61740399826.0 582.0
61746520890.0 600.0
61766126871.0 544.0
61808182417.0 600.0
61832289704.0 318.0
61859701708.0 239.0
61923124574.0 625.0
61978138499.0 538.0
62046321653.0 460.0
62082242855.0 300.0
62088210236.0 647.0
62152248019.0 605.0
62156066449.0 254.0
62240925662.0 563.0
62264095741.0 595.0
62288326125.0 371.0
62313323709.0 648.0
62325115106.0 643.0
62345781040.0 326.0
62380860358.0 264.0
62465264410.0 533.0
62470806484.0 552.0
62564525197.0 553.0
62594922364.0 469.0
62604272553.0 380.0
62624921630.0 536.0
62631434196.0 637.0
62635116919.0 579.0
62653410667.0 608.0
62750261229.0 361.0
62811247993.0 549.0
62835915253.0 544.0
62993487752.0 561.0
63070682272.0 566.0
63133044613.0 336.0
63175890398.0 598.0
63190831959.0 623.0
63295653007.0 557.0
63468438532.0 408.0
63481970430.0 363.0
63647443354.0 654.0
63737671708.0 349.0
63798717212.0 515.0
63800556682.0 488.0
63807218599.0 496.0
63871641621.0 637.0
63905039130.0 475.0
63925368307.0 282.0
63957865557.0 317.0
64028733638.0 520.0
64067522122.0 602.0
64101324738.0 515.0
64137075904.0 482.0
64160543120.0 258.0
64206396851.0 451.0
64233631163.0 604.0
64270267232.0 294.0
64284668818.0 572.0
64322257841.0 619.0
64363229833.0 547.0
64384832594.0 378.0
64416933918.0 573.0
64429570878.0 204.0
64439036981.0 555.0
64478799109.0 472.0
64620777849.0 562.0
64656872508.0 428.0
64701147786.0 583.0
64759055927.0 692.0
64781179466.0 337.0
64788584782.0 218.0
64886972127.0 231.0
64913468519.0 507.0
64924335554.0 412.0
64999644383.0 557.0
65027803762.0 222.0
65131899308.0 259.0
65166376354.0 565.0
65262868702.0 581.0
65349572502.0 491.0
65501888064.0 222.0
65601206797.0 256.0
65607351207.0 585.0
65613099687.0 477.0
65648408468.0 651.0
65676716984.0 444.0
65683081520.0 585.0
65697990389.0 560.0
65728731441.0 244.0
65730551672.0 295.0
65834082413.0 35.0
65893649177.0 311.0
65896886769.0 204.0
65946638106.0 562.0
65951254031.0 191.0
65989247877.0 622.0
66063423625.0 579.0
66098149517.0 572.0
66273731397.0 524.0
66301649847.0 447.0
66401296837.0 576.0
66403000755.0 53.0
66434482259.0 608.0
66472238237.0 425.0
66518572521.0 659.0
66527298857.0 622.0
66604490511.0 359.0
66624218192.0 611.0
66625878439.0 532.0
66626583879.0 498.0
66627268501.0 556.0
66643109902.0 286.0
66736947120.0 464.0
66865279399.0 578.0
66882100758.0 407.0
66949279346.0 548.0
66982493384.0 293.0
67240122217.0 481.0
67322241043.0 558.0
67365676994.0 344.0
67375669405.0 569.0
67399957033.0 495.0
67508711605.0 220.0
67511183866.0 459.0
67521357698.0 204.0
67617900627.0 177.0
67623055944.0 425.0
67649377960.0 506.0
67700787616.0 563.0
67714830015.0 384.0
67768447762.0 406.0
67772828710.0 188.0
67777852304.0 628.0
67787208763.0 488.0
67802600858.0 431.0
67815970662.0 474.0
67855965436.0 380.0
67859714040.0 348.0
67885147261.0 552.0
67899179605.0 352.0
67955579237.0 544.0
68114823384.0 555.0
68117465116.0 375.0
68159373137.0 592.0
68243625239.0 542.0
68307914754.0 304.0
68332693167.0 578.0
68336048000.0 230.0
68489323235.0 486.0
68595605901.0 553.0
68706494630.0 583.0
68825376700.0 584.0
68851219965.0 267.0
68867922899.0 591.0
68941072057.0 611.0
68975916007.0 586.0
68977784327.0 224.0
68985459621.0 522.0
69075572555.0 621.0
69106206936.0 619.0
69233529009.0 565.0
69260057709.0 181.0
69332470590.0 595.0
69363957029.0 320.0
69383314891.0 388.0
69428153641.0 402.0
69450121613.0 427.0
69451022174.0 528.0
69590826598.0 551.0
69748634774.0 632.0
69854963784.0 550.0
69893974628.0 455.0
69914180955.0 518.0
69980822178.0 562.0
70023834188.0 474.0
70054841759.0 614.0
70066242932.0 408.0
70141088930.0 545.0
70155634526.0 640.0
70207379732.0 594.0
70345437592.0 198.0
70368838168.0 594.0
70382283208.0 76.0
70464226942.0 322.0
70466663708.0 547.0
70485484341.0 563.0
70497762386.0 599.0
70566908070.0 245.0
70589285542.0 234.0
70612608376.0 320.0
70649070075.0 345.0
70649278440.0 579.0
70901341142.0 445.0
71165649750.0 251.0
71167973188.0 413.0
71168949969.0 633.0
71200448525.0 299.0
71248434167.0 270.0
71264989754.0 446.0
71268139193.0 299.0
71280005765.0 596.0
71301892017.0 203.0
71347336057.0 579.0
71351968944.0 643.0
71417167797.0 612.0
71486613145.0 342.0
71488318838.0 295.0
71490751578.0 463.0
71535309774.0 239.0
71635983129.0 609.0
71725113047.0 268.0
71798435283.0 329.0
71842551268.0 306.0
71898932069.0 583.0
71941548342.0 591.0
71942258697.0 539.0
71943311483.0 540.0
71975881804.0 582.0
72029686540.0 604.0
72082657016.0 220.0
72247749058.0 628.0
72259214870.0 415.0
72289202589.0 614.0
72329523817.0 589.0
72409906118.0 489.0
72492696682.0 436.0
72574477805.0 310.0
72614536120.0 584.0
72619913502.0 527.0
72697033794.0 624.0
72773542922.0 481.0
72802285206.0 582.0
72898023597.0 602.0
72916600632.0 409.0
72939907128.0 371.0
72954563341.0 360.0
72985030461.0 583.0
73015834935.0 458.0
73069418518.0 546.0
73268422508.0 547.0
73313412822.0 574.0
73327515117.0 237.0
73348552381.0 598.0
73357711671.0 541.0
73415220807.0 188.0
73437664728.0 697.0
73485160261.0 572.0
73578957435.0 475.0
73662452870.0 436.0
73743592456.0 128.0
73893232282.0 104.0
73896175019.0 611.0
73896787087.0 632.0
74005694817.0 158.0
74007155168.0 607.0
74022856299.0 576.0
74139813560.0 551.0
74388044169.0 579.0
74517713864.0 527.0
74603690215.0 157.0
74604117556.0 360.0
74754188956.0 256.0
74927463567.0 607.0
74971991226.0 537.0
75036212350.0 509.0
75086879675.0 462.0
75116684736.0 364.0
75145273759.0 587.0
75272548167.0 556.0
75312870107.0 477.0
75313172980.0 594.0
75316533367.0 244.0
75338043502.0 255.0
75377385392.0 612.0
75482586692.0 370.0
75563563302.0 534.0
75584479677.0 221.0
75610558426.0 213.0
75780284683.0 468.0
75881222715.0 198.0
75905505237.0 643.0
76052670601.0 465.0
76145947762.0 484.0
76283981405.0 584.0
76346358079.0 583.0
76546133804.0 299.0
76558197784.0 431.0
76615003377.0 599.0
76626458074.0 146.0
76685620429.0 435.0
76777012527.0 632.0
76925895693.0 598.0
76941272952.0 379.0
76975418466.0 444.0
77011388988.0 532.0
77024669980.0 642.0
77123329339.0 616.0
77154884326.0 183.0
77209302403.0 618.0
77273567016.0 550.0
77326849666.0 263.0
77353917306.0 248.0
77571915622.0 568.0
77680040393.0 279.0
77689086645.0 589.0
77689142222.0 373.0
77769930347.0 454.0
77788166994.0 412.0
77799277212.0 342.0
77929207525.0 368.0
77959867474.0 369.0
77984403970.0 424.0
78045403944.0 356.0
78183565079.0 573.0
78286819457.0 566.0
78297923770.0 550.0
78301572760.0 611.0
78316215496.0 456.0
78346893280.0 88.0
78396395852.0 640.0
78434774411.0 465.0
78467128876.0 643.0
78498953780.0 577.0
78588422384.0 527.0
78652634680.0 364.0
78697427614.0 362.0
78711468769.0 434.0
78816777155.0 416.0
78899223867.0 148.0
78970833516.0 613.0
79021349126.0 526.0
79048187023.0 326.0
79090763783.0 434.0
79130997117.0 558.0
79167115809.0 428.0
79214054086.0 526.0
79228508005.0 555.0
79257697666.0 426.0
79301379600.0 496.0
79412183884.0 230.0
79555776047.0 639.0
79600686430.0 580.0
79629391033.0 552.0
79635106416.0 269.0
79635212477.0 564.0
79681311077.0 281.0
79775324200.0 581.0
79811180999.0 635.0
79853603293.0 318.0
79961049906.0 536.0
80039726749.0 312.0
80042742191.0 451.0
80047446730.0 616.0
80068807925.0 493.0
80084380124.0 623.0
80157436206.0 604.0
80193731904.0 387.0
80256781313.0 676.0
80286041904.0 483.0
80419868235.0 592.0
80463764918.0 560.0
80473272829.0 446.0
80586815049.0 593.0
80645464373.0 403.0
80674109687.0 596.0
80700799165.0 585.0
80716942110.0 301.0
80805789479.0 536.0
80811314678.0 531.0
80830299066.0 552.0
81148515657.0 225.0
81149830579.0 588.0
81240709808.0 304.0
81321994578.0 612.0
81352855101.0 465.0
81443966185.0 658.0
81547596368.0 157.0
81669976480.0 596.0
81719981559.0 567.0
81775702589.0 614.0
81779546399.0 199.0
81805618345.0 263.0
81858002204.0 77.0
81874681382.0 579.0
81949985784.0 456.0
82059864854.0 637.0
82189897568.0 595.0
82473393202.0 539.0
82524099562.0 481.0
82550803114.0 377.0
82579697578.0 599.0
82615566261.0 433.0
82768671047.0 454.0
82797767081.0 375.0
82820049359.0 457.0
83015072122.0 499.0
83020819206.0 435.0
83058195452.0 246.0
83141718415.0 529.0
83184273483.0 565.0
83220810223.0 591.0
83243400761.0 443.0
83316081538.0 586.0
83363541805.0 501.0
83454843739.0 574.0
83461414520.0 529.0
83470713181.0 650.0
83475396593.0 634.0
83546433411.0 604.0
83889574238.0 235.0
83922305210.0 267.0
83953375938.0 649.0
83997807101.0 239.0
84068529744.0 314.0
84182625211.0 618.0
84231300245.0 603.0
84263746514.0 635.0
84264628385.0 459.0
84324771973.0 565.0
84384153844.0 569.0
84426393150.0 655.0
84524063020.0 223.0
84557884356.0 192.0
84592891050.0 577.0
84740013207.0 279.0
84895079709.0 349.0
84905933217.0 611.0
84976931391.0 618.0
85108803076.0 548.0
85238101184.0 344.0
85332554897.0 153.0
85406969390.0 541.0
85491559822.0 332.0
85495920296.0 497.0
85630428455.0 547.0
85691412663.0 435.0
85737442664.0 549.0
85763978892.0 572.0
85801112041.0 485.0
85812594197.0 617.0
85939704100.0 321.0
85984127857.0 547.0
86078396940.0 545.0
86089259289.0 578.0
86112733238.0 482.0
86222492319.0 514.0
86272162743.0 633.0
86365754357.0 274.0
86366452274.0 479.0
86415289376.0 425.0
86465883206.0 319.0
86466565703.0 314.0
86493498372.0 536.0
86493862815.0 613.0
86590432428.0 149.0
86618127644.0 485.0
86816398582.0 591.0
86911109722.0 560.0
86929487809.0 217.0
86965338195.0 314.0
87003402117.0 394.0
87036192387.0 62.0
87096684300.0 638.0
87131025813.0 584.0
87154044628.0 598.0
87186720553.0 53.0
87229703772.0 303.0
87308996381.0 580.0
87320174353.0 598.0
87494741838.0 207.0
87510264646.0 618.0
87533574919.0 496.0
87563084021.0 188.0
87606068185.0 557.0
87631198431.0 405.0
87653507155.0 128.0
87699113310.0 381.0
87703389359.0 197.0
87704338062.0 611.0
87756023462.0 266.0
87829349902.0 498.0
87878108597.0 578.0
87886548614.0 430.0
88093278784.0 144.0
88116535555.0 334.0
88194022013.0 600.0
88257079098.0 548.0
88314983645.0 408.0
88319964461.0 576.0
88368359282.0 396.0
88465169891.0 484.0
88473599949.0 339.0
88503627766.0 553.0
88561345164.0 198.0
88763999066.0 461.0
88960840975.0 595.0
88963356940.0 409.0
89166429918.0 503.0
89248300296.0 577.0
89255745262.0 587.0
89290768617.0 595.0
89291953851.0 623.0
89546540005.0 488.0
89550479904.0 347.0
89640279978.0 419.0
89692647105.0 612.0
89701652775.0 120.0
89740507370.0 576.0
89804637308.0 339.0
89807516194.0 563.0
89848955281.0 94.0
89881677754.0 295.0
89919385029.0 456.0
89931902286.0 618.0
89988123689.0 551.0
90062913036.0 532.0
90085483404.0 578.0
90155043345.0 564.0
90188106094.0 305.0
90251019781.0 488.0
90287275284.0 385.0
90337685878.0 635.0
90403656530.0 576.0
90458879716.0 475.0
90506278699.0 550.0
90550122343.0 578.0
90644294837.0 629.0
90683437524.0 61.0
90689301379.0 382.0
90721711502.0 582.0
90776596840.0 134.0
90828143523.0 543.0
90864752695.0 492.0
90993693235.0 597.0
91110733650.0 541.0
91283196367.0 574.0
91398382470.0 577.0
91472039890.0 557.0
91539762463.0 591.0
91551338916.0 645.0
91577855915.0 571.0
91596530686.0 247.0
91596558452.0 498.0
91648305613.0 161.0
91693059679.0 335.0
91717917188.0 546.0
91849704176.0 653.0
92094513533.0 569.0
92383224369.0 531.0
92399054765.0 413.0
92419202581.0 605.0
92506918024.0 389.0
92530697812.0 569.0
92607268176.0 434.0
92608521562.0 299.0
92698007244.0 610.0
92746855120.0 513.0
92769038676.0 570.0
92846345352.0 579.0
92928806999.0 614.0
92978060591.0 611.0
92983357200.0 466.0
93017794034.0 613.0
93063124752.0 458.0
93071013118.0 641.0
93077853061.0 428.0
93522872768.0 475.0
93661682342.0 519.0
93687954520.0 656.0
93697507234.0 322.0
93704017237.0 442.0
93740216693.0 520.0
93820162455.0 332.0
93912958480.0 629.0
93953267954.0 608.0
94037372265.0 552.0
94204252675.0 626.0
94204279401.0 367.0
94222395471.0 362.0
94357870830.0 196.0
94362394557.0 219.0
94453626676.0 172.0
94558393815.0 587.0
94594591189.0 509.0
94617858631.0 266.0
94728687658.0 585.0
94770379272.0 0.0
94783748691.0 621.0
94835704917.0 670.0
94841725807.0 670.0
94948704825.0 550.0
95069598008.0 270.0
95261850237.0 603.0
95262179563.0 410.0
95285312049.0 507.0
95442344959.0 610.0
95467150764.0 345.0
95599118978.0 605.0
95611916539.0 236.0
95638298262.0 559.0
95653729005.0 616.0
95698935344.0 560.0
95735895114.0 539.0
95740898791.0 337.0
95782677735.0 540.0
95802231587.0 350.0
95908408924.0 445.0
95909850053.0 80.0
95914337772.0 587.0
96010265690.0 464.0
96033007409.0 575.0
96078655251.0 361.0
96120887198.0 410.0
96124798260.0 591.0
96207875444.0 623.0
96222090532.0 495.0
96265602251.0 586.0
96287629175.0 472.0
96380503241.0 297.0
96421738595.0 597.0
96427124529.0 506.0
96439529380.0 560.0
96476941025.0 170.0
96588961439.0 649.0
96604512619.0 372.0
96678614335.0 521.0
96740408551.0 552.0
96845090055.0 302.0
96852243590.0 455.0
97000990947.0 589.0
97006952419.0 566.0
97038676530.0 574.0
97060747153.0 309.0
97135059894.0 289.0
97156523979.0 633.0
97174201410.0 640.0
97185458594.0 517.0
97318255110.0 600.0
97360811038.0 522.0
97413243223.0 604.0
97497696068.0 597.0
97526741677.0 547.0
97527148442.0 532.0
97557034944.0 663.0
97572387253.0 562.0
97728137844.0 535.0
97771301528.0 582.0
97812850513.0 466.0
97916307720.0 555.0
97927705223.0 494.0
97935184488.0 537.0
98102257885.0 591.0
98163982930.0 519.0
98204232412.0 636.0
98273516755.0 286.0
98274364698.0 401.0
98305443445.0 577.0
98414563869.0 579.0
98652306202.0 618.0
98670024415.0 399.0
98678367193.0 520.0
98693375366.0 610.0
98790972394.0 483.0
98901207053.0 638.0
99012502104.0 233.0
99128963664.0 604.0
99153651876.0 570.0
99220243113.0 410.0
99243732143.0 377.0
99253474319.0 538.0
99264576490.0 451.0
99266258412.0 586.0
99328504384.0 619.0
99420349459.0 420.0
99508412616.0 289.0
99524697758.0 590.0
99565218290.0 315.0
99585644275.0 412.0
99634091373.0 369.0
99634758490.0 583.0
99658598305.0 539.0
99669176886.0 608.0
99679404771.0 607.0
99703421014.0 326.0
99759848426.0 381.0
99761024170.0 503.0
99777227042.0 577.0
99825275067.0 270.0
99832756176.0 696.0
100006263414.0 584.0
100059002459.0 222.0
100094814541.0 549.0
100114707611.0 535.0
100172724806.0 621.0
100210762260.0 475.0
100295241892.0 479.0
100435728968.0 328.0
100520162810.0 223.0
100592196681.0 398.0
100613146208.0 194.0
100617113351.0 308.0
100627216532.0 575.0
100636897372.0 573.0
100721849744.0 554.0
100801086203.0 621.0
100828784184.0 361.0
100947822300.0 589.0
101021332050.0 246.0
101054423818.0 592.0
101063185179.0 250.0
101225405504.0 602.0
101243268464.0 567.0
101577745195.0 243.0
101643216895.0 590.0
101666461627.0 604.0
101684048660.0 594.0
101712833954.0 580.0
101744654283.0 566.0
101773298259.0 542.0
101875557378.0 488.0
101906523037.0 661.0
101909534601.0 321.0
101917093548.0 79.0
101928475863.0 560.0
101961949195.0 597.0
102061056072.0 544.0
102140446421.0 578.0
102154023900.0 514.0
102157194957.0 589.0
102348097583.0 215.0
102402187761.0 481.0
102483392962.0 434.0
102507946871.0 510.0
102512963286.0 550.0
102520927051.0 289.0
102663498140.0 507.0
102697047542.0 610.0
102747933401.0 500.0
102836592006.0 490.0
102865660065.0 531.0
102871238604.0 455.0
102962870085.0 611.0
103047990065.0 623.0
103067923658.0 87.0
103160148316.0 555.0
103386638025.0 377.0
103549594846.0 618.0
103603003662.0 615.0
103614226142.0 584.0
103650881044.0 599.0
103709968600.0 172.0
103712847019.0 596.0
103792722771.0 442.0
103819258606.0 581.0
103844247785.0 368.0
103881355436.0 211.0
103971509658.0 454.0
103996457202.0 263.0
104019628244.0 642.0
104041597986.0 582.0
104052457000.0 605.0
104193252804.0 311.0
104245614694.0 321.0
104265293267.0 421.0
104436667187.0 544.0
104468147435.0 504.0
104497884604.0 647.0
104526505006.0 591.0
104610900886.0 136.0
104635796537.0 524.0
104651423757.0 588.0
104762717344.0 311.0
104841402648.0 682.0
104914207583.0 471.0
104926554341.0 531.0
104976198033.0 627.0
104981938741.0 473.0
104986145717.0 601.0
105144415542.0 497.0
105150081493.0 586.0
105206464719.0 310.0
105244904066.0 570.0
105264649778.0 452.0
105297954772.0 506.0
105311252010.0 605.0
105433043898.0 467.0
105493501598.0 427.0
105518189105.0 449.0
105682481889.0 615.0
105695271804.0 485.0
105815824281.0 525.0
105936706725.0 624.0
105988168400.0 370.0
106029079622.0 343.0
106038942417.0 601.0
106235490575.0 366.0
106281053157.0 610.0
106354054071.0 550.0
106458410713.0 525.0
106596212012.0 274.0
106663113983.0 366.0
106663371951.0 570.0
106698803658.0 582.0
106717697762.0 558.0
106769618975.0 440.0
106795277311.0 623.0
106800308925.0 406.0
106857655351.0 195.0
106858446142.0 607.0
106886695825.0 277.0
106925396820.0 419.0
106965539717.0 567.0
107011218925.0 590.0
107068396302.0 555.0
107295747128.0 291.0
107351428659.0 606.0
107383631715.0 573.0
107397659689.0 593.0
107459379596.0 149.0
107492778452.0 573.0
107525779748.0 588.0
107525922989.0 648.0
107529801924.0 406.0
107540996892.0 605.0
107619892601.0 178.0
107636780111.0 449.0
107668434114.0 605.0
107705941591.0 154.0
107720872981.0 435.0
107734516435.0 341.0
108044993903.0 562.0
108114977745.0 594.0
108115671449.0 615.0
108156080082.0 452.0
108169605194.0 655.0
108174365106.0 604.0
108350837978.0 577.0
108413702318.0 598.0
108438236622.0 268.0
108483656061.0 464.0
108629584348.0 292.0
108768721813.0 560.0
108850801317.0 229.0
108900088146.0 319.0
108966043274.0 610.0
108968687374.0 322.0
108970363485.0 562.0
108987600085.0 181.0
109025012978.0 570.0
109056040896.0 249.0
109133553236.0 235.0
109306467387.0 389.0
109374870726.0 149.0
109376669071.0 598.0
109384306925.0 617.0
109451624814.0 394.0
109544991762.0 555.0
109598191735.0 576.0
109625178887.0 568.0
109677352118.0 286.0
109680208957.0 589.0
109682996416.0 594.0
109771784508.0 546.0
109818719878.0 469.0
109820700993.0 234.0
109821696946.0 531.0
109866282621.0 409.0
109880056707.0 610.0
109901397430.0 599.0
109912266411.0 500.0
109963768395.0 599.0
110041942764.0 626.0
110074140866.0 74.0
110164761180.0 580.0
110233247284.0 526.0
110284250805.0 563.0
110337717147.0 244.0
110364427878.0 50.0
110442442065.0 491.0
110511683658.0 401.0
110528180400.0 587.0
110543453969.0 442.0
110570284451.0 115.0
110589477488.0 578.0
110681349183.0 551.0
110687538234.0 299.0
110802706896.0 308.0
110822750154.0 566.0
110869604536.0 316.0
110932544046.0 512.0
110960019170.0 520.0
110999731021.0 551.0
111005444252.0 575.0
111141363590.0 418.0
111143550855.0 548.0
111161786809.0 559.0
111291189133.0 576.0
111330862727.0 386.0
111423625516.0 559.0
111498118770.0 576.0
111500569657.0 537.0
111555361725.0 577.0
111699034815.0 190.0
111818838556.0 568.0
111866097133.0 515.0
111968087524.0 360.0
111975692820.0 265.0
112123927431.0 659.0
112180308608.0 435.0
112259163942.0 605.0
112391170855.0 591.0
112398872324.0 589.0
112468397533.0 583.0
112471902510.0 240.0
112480490481.0 605.0
112526844000.0 541.0
112665416658.0 628.0
112678248346.0 281.0
112680444637.0 317.0
112700798810.0 536.0
112727600398.0 580.0
112760283082.0 382.0
112822253208.0 568.0
112838656278.0 411.0
112890598582.0 557.0
113033868838.0 535.0
113041164932.0 632.0
113093277831.0 598.0
113214743261.0 486.0
113262802542.0 240.0
113276876466.0 601.0
113429368582.0 509.0
113605211365.0 598.0
113622432951.0 612.0
113725204437.0 567.0
113749704662.0 494.0
113797801766.0 104.0
113823294414.0 552.0
113830528122.0 598.0
113850853024.0 294.0
114150881977.0 231.0
114170404036.0 192.0
114195122966.0 280.0
114236755699.0 547.0
114284194299.0 609.0
114389152959.0 568.0
114400681881.0 559.0
114431570814.0 580.0
114476992860.0 423.0
114500412343.0 195.0
114542700606.0 407.0
114618297279.0 552.0
114644430198.0 602.0
114703321062.0 563.0
114743145919.0 609.0
114778193895.0 329.0
114839203660.0 634.0
114920511020.0 634.0
114963717456.0 456.0
115031019164.0 306.0
115085513556.0 267.0
115138996072.0 236.0
115150169282.0 526.0
115197039174.0 566.0
115315511405.0 648.0
115343805710.0 558.0
115411931890.0 501.0
115416534671.0 589.0
115511012834.0 614.0
115549398840.0 629.0
115602591108.0 607.0
115687230664.0 111.0
115703218427.0 623.0
115706575776.0 369.0
115729840563.0 408.0
115746358746.0 602.0
115749070911.0 242.0
115841516385.0 588.0
115858390207.0 527.0
115921762695.0 439.0
115967710350.0 565.0
116068046514.0 228.0
116077145051.0 406.0
116083671280.0 464.0
116096352310.0 556.0
116159781763.0 40.0
116160739517.0 273.0
116181935325.0 648.0
116195228519.0 580.0
116253128204.0 486.0
116253271502.0 550.0
116327211398.0 536.0
116596839055.0 230.0
116640957240.0 220.0
116730787370.0 307.0
116781518466.0 608.0
116851143042.0 575.0
116970450349.0 482.0
116987007946.0 471.0
117030394971.0 613.0
117073515113.0 594.0
117108986496.0 444.0
117204976957.0 568.0
117264759246.0 178.0
117504624094.0 584.0
117577002277.0 484.0
117791391208.0 494.0
117950182888.0 342.0
118329418825.0 399.0
118339569857.0 592.0
118340800483.0 559.0
118381586701.0 567.0
118405249123.0 590.0
118406061694.0 561.0
118423633785.0 461.0
118456361300.0 272.0
118559777819.0 405.0
118598617593.0 526.0
118652621916.0 299.0
118653404423.0 642.0
118654594669.0 602.0
118827541795.0 272.0
118929627982.0 338.0
118971846005.0 632.0
119086927792.0 609.0
119185751226.0 573.0
119199346137.0 368.0
119215045381.0 527.0
119302573110.0 507.0
119400146608.0 567.0
119648907960.0 655.0
119763424723.0 595.0
119798926243.0 602.0
119859535855.0 588.0
119865700739.0 622.0
119893566283.0 182.0
119899878768.0 434.0
119908035211.0 353.0
119938475129.0 181.0
120126934660.0 572.0
120160324410.0 310.0
120166302302.0 531.0
120205599158.0 602.0
120375069849.0 350.0
120407148807.0 188.0
120416044313.0 551.0
120678306009.0 587.0
120706705156.0 577.0
120733287326.0 527.0
120759213352.0 569.0
120763949400.0 571.0
120835714645.0 606.0
120883344201.0 432.0
120931534140.0 651.0
120940028813.0 568.0
120961938071.0 500.0
120997256741.0 230.0
120997392039.0 543.0
121052172724.0 487.0
121096687085.0 165.0
121176206954.0 407.0
121176974372.0 604.0
121207170268.0 242.0
121208173098.0 500.0
121265197923.0 552.0
121303062102.0 567.0
121414113429.0 583.0
121453775060.0 225.0
121529243975.0 554.0
121542133131.0 388.0
121555040281.0 371.0
121556536673.0 590.0
121562952320.0 594.0
121596177590.0 222.0
121624707615.0 611.0
121663703216.0 416.0
121694495962.0 593.0
121765121936.0 559.0
121851348186.0 382.0
121864261740.0 585.0
121894460333.0 576.0
122029701051.0 465.0
122119891030.0 538.0
122150203555.0 149.0
122161162167.0 85.0
122321316850.0 298.0
122401101571.0 637.0
122456063660.0 200.0
122465492709.0 667.0
122470071408.0 254.0
122512902803.0 591.0
122531562261.0 602.0
122722936855.0 613.0
122761212826.0 425.0
122811644211.0 586.0
122880139848.0 474.0
122929451723.0 233.0
123002152409.0 147.0
123082493686.0 606.0
123106463101.0 563.0
123147951552.0 525.0
123159715629.0 511.0
123187719389.0 616.0
123369866561.0 363.0
123425985566.0 412.0
123449431692.0 311.0
123449474401.0 514.0
123554925962.0 431.0
123616279470.0 282.0
123620984628.0 558.0
123721845117.0 652.0
123817547979.0 247.0
123912150203.0 198.0
123940308421.0 544.0
124025321903.0 535.0
124116252990.0 366.0
124189717898.0 571.0
124250039021.0 342.0
124297983793.0 583.0
124337588646.0 600.0
124366798689.0 161.0
124372857697.0 535.0
124455925554.0 169.0
124458129670.0 565.0
124673974134.0 512.0
124691320706.0 578.0
124718672767.0 630.0
124746875997.0 229.0
124818630656.0 512.0
124869911549.0 567.0
124920779396.0 238.0
124973195609.0 224.0
124987173607.0 247.0
125083775525.0 567.0
125110832306.0 322.0
125147394881.0 109.0
125163289696.0 612.0
125231436394.0 382.0
125330209818.0 585.0
125333971615.0 578.0
125362638742.0 451.0
125394369031.0 573.0
125416095572.0 224.0
125421097758.0 615.0
125531850269.0 590.0
125564445039.0 601.0
125625147544.0 315.0
125748148916.0 624.0
125858702122.0 572.0
125899829507.0 596.0
125902547555.0 591.0
125962525944.0 493.0
125985817420.0 573.0
126062554304.0 472.0
126069945259.0 549.0
126117970891.0 507.0
126223651928.0 630.0
126232231827.0 343.0
126348161628.0 591.0
126396769262.0 631.0
126440474288.0 626.0
126477805587.0 617.0
126553181331.0 466.0
126557014368.0 397.0
126599541477.0 676.0
126632644938.0 522.0
126673528510.0 270.0
126696806073.0 550.0
126716916445.0 558.0
126737519588.0 583.0
126757304191.0 478.0
126771602130.0 560.0
126894603746.0 471.0
126914517222.0 577.0
126960150171.0 145.0
126984411239.0 474.0
126985965503.0 565.0
127168769336.0 239.0
127238289674.0 42.0
127325981785.0 613.0
127337307549.0 383.0
127344168591.0 460.0
127398436014.0 502.0
127428966048.0 228.0
127475253295.0 580.0
127513128350.0 356.0
127517665835.0 406.0
127540654416.0 521.0
127555589018.0 411.0
127609798795.0 557.0
127636567679.0 531.0
127694768554.0 568.0
127712937356.0 535.0
127737758746.0 621.0
127799520962.0 306.0
127806503787.0 169.0
127853891995.0 551.0
127865999609.0 371.0
127887751923.0 93.0
127948457172.0 200.0
127961779825.0 508.0
128096022006.0 442.0
128237095933.0 329.0
128302600591.0 475.0
128330211142.0 521.0
128345214514.0 462.0
128448397202.0 614.0
128458441768.0 568.0
128494916904.0 313.0
128553423242.0 599.0
128581543831.0 120.0
128605587648.0 623.0
128699835732.0 346.0
128731526444.0 550.0
128735856019.0 586.0
128833964770.0 498.0
128849049984.0 516.0
128891615788.0 290.0
129016435551.0 623.0
129137059489.0 568.0
129261766352.0 299.0
129319549872.0 678.0
129323696523.0 656.0
129518547955.0 478.0
129621236965.0 606.0
129626069205.0 512.0
129655482027.0 609.0
129703493809.0 588.0
129745709986.0 428.0
129797565854.0 303.0
129806611123.0 640.0
129911975857.0 636.0
129941030157.0 587.0
129943494042.0 511.0
130012126761.0 462.0
130018871459.0 576.0
130024680647.0 500.0
130081142343.0 198.0
130120805892.0 521.0
130121878479.0 513.0
130157605259.0 541.0
130209629027.0 245.0
130291957556.0 276.0
130413202494.0 461.0
130449482405.0 630.0
130528729443.0 337.0
130542580145.0 399.0
130557427309.0 429.0
130691220938.0 562.0
130691438818.0 566.0
130714233341.0 396.0
130768156606.0 499.0
130858942350.0 192.0
130883881779.0 568.0
130937408201.0 515.0
131007365948.0 554.0
131079695332.0 315.0
131157460961.0 388.0
131170019862.0 338.0
131217584508.0 214.0
131242669033.0 339.0
131283357746.0 308.0
131369797440.0 546.0
131377049191.0 586.0
131379429989.0 395.0
131395299588.0 140.0
131438869928.0 579.0
131490479015.0 535.0
131498613380.0 468.0
131539164547.0 457.0
131548196510.0 310.0
131617638481.0 318.0
131684757815.0 596.0
131811931357.0 609.0
131837474425.0 635.0
131854672504.0 606.0
131911965682.0 553.0
131985955898.0 523.0
132149991889.0 560.0
132170450872.0 651.0
132184214555.0 458.0
132250886469.0 578.0
132431578302.0 259.0
132459111709.0 572.0
132537444729.0 549.0
132577019017.0 435.0
132588645939.0 375.0
132603588069.0 505.0
132612016645.0 422.0
132637846818.0 300.0
132751253557.0 510.0
132798304192.0 584.0
132811251370.0 335.0
132847592455.0 572.0
132874137126.0 611.0
132965094186.0 488.0
133055571268.0 561.0
133060335456.0 240.0
133117377065.0 310.0
133126463289.0 576.0
133244861031.0 333.0
133294374432.0 284.0
133311247506.0 191.0
133311330749.0 524.0
133317525955.0 444.0
133328552710.0 655.0
133331472487.0 431.0
133364124835.0 280.0
133367460887.0 537.0
133377272343.0 636.0
133456340350.0 463.0
133459758697.0 195.0
133514441259.0 252.0
133535698161.0 293.0
133587841217.0 515.0
133694713183.0 236.0
133695372382.0 322.0
133697792237.0 438.0
133805855128.0 578.0
133900478704.0 231.0
133943858289.0 605.0
133967012376.0 631.0
134024925089.0 548.0
134066707116.0 542.0
134116983318.0 533.0
134119629302.0 579.0
134238209635.0 553.0
134286146771.0 562.0
134426000653.0 583.0
134503566021.0 191.0
134551157813.0 620.0
134569421352.0 531.0
134673333776.0 550.0
134713281857.0 357.0
134745326557.0 553.0
134856650542.0 558.0
134871369955.0 589.0
134915780172.0 475.0
134915883998.0 270.0
134976959794.0 326.0
135010341910.0 595.0
135012031980.0 576.0
135172208276.0 228.0
135222340322.0 386.0
135239224881.0 536.0
135250539458.0 134.0
135274821852.0 403.0
135321233244.0 575.0
135324669953.0 290.0
135344216338.0 566.0
135374723322.0 593.0
135417392025.0 361.0
135509643300.0 476.0
135640340878.0 598.0
135651073332.0 416.0
135937146874.0 298.0
136087528235.0 285.0
136169391705.0 474.0
136197853122.0 61.0
136243719373.0 579.0
136277833732.0 605.0
136291020306.0 162.0
136301195637.0 291.0
136307912124.0 150.0
136362998534.0 545.0
136393788747.0 472.0
136427775892.0 584.0
136471729407.0 571.0
136492844506.0 422.0
136544042056.0 290.0
136581131510.0 656.0
136642616185.0 572.0
136665485277.0 393.0
136676740695.0 583.0
136762990921.0 313.0
136785739214.0 661.0
136801190836.0 552.0
136809876534.0 416.0
136937368032.0 424.0
136941357465.0 579.0
136992122646.0 637.0
137026669827.0 240.0
137097699819.0 429.0
137221847753.0 319.0
137271307521.0 313.0
137290728387.0 618.0
137302136475.0 320.0
137343456180.0 340.0
137363787974.0 653.0
137445833025.0 519.0
137448672800.0 483.0
137476274478.0 537.0
137491392875.0 555.0
137540142178.0 296.0
137571862570.0 649.0
137741541664.0 563.0
137764166961.0 595.0
137908124819.0 522.0
137955054702.0 614.0
137980147029.0 322.0
137985172626.0 439.0
138031549292.0 391.0
138089487603.0 538.0
138107728966.0 608.0
138134232140.0 691.0
138151922976.0 584.0
138293450094.0 111.0
138379911178.0 46.0
138447719047.0 552.0
138462314289.0 534.0
138505759007.0 647.0
138571903022.0 207.0
138576019386.0 534.0
138603400992.0 545.0
138611827033.0 101.0
138617523367.0 562.0
138644094758.0 566.0
138684512487.0 567.0
138701089592.0 519.0
138753256540.0 533.0
138877793719.0 658.0
138997005537.0 615.0
139008511998.0 639.0
139068840990.0 280.0
139105282599.0 506.0
139217567917.0 512.0
139247932180.0 379.0
139260590724.0 508.0
139312276501.0 262.0
139455169481.0 643.0
139507251258.0 78.0
139529242172.0 484.0
139543317392.0 616.0
139551313251.0 573.0
139552221940.0 627.0
139561742001.0 635.0
139677577388.0 128.0
139740391676.0 396.0
139786144021.0 300.0
139892505435.0 612.0
140151757045.0 616.0
140222919207.0 469.0
140239316503.0 540.0
140291471413.0 668.0
140339845762.0 565.0
140374938235.0 361.0
140613155033.0 384.0
140767778273.0 178.0
140785704131.0 392.0
140797066062.0 541.0
140850242854.0 374.0
141017110755.0 575.0
141018445230.0 572.0
141083486446.0 614.0
141152955444.0 526.0
141219602234.0 572.0
141414139110.0 355.0
141455915011.0 508.0
141534300572.0 582.0
141579387978.0 491.0
141612575175.0 569.0
141760105763.0 306.0
141774444320.0 547.0
141821540795.0 128.0
141892589283.0 259.0
141948090187.0 425.0
142036612876.0 212.0
142081273411.0 537.0
142106077163.0 533.0
142170274248.0 280.0
142193695659.0 498.0
142226622446.0 226.0
142281620165.0 234.0
142453073785.0 622.0
142579723076.0 534.0
142704094900.0 510.0
142708855581.0 563.0
142713004585.0 650.0
142811859055.0 573.0
142811987227.0 365.0
142889491645.0 216.0
142908142501.0 543.0
142908757983.0 253.0
142915017091.0 437.0
143033605239.0 594.0
143043811172.0 553.0
143311269365.0 541.0
143349212656.0 553.0
143368901297.0 462.0
143407987343.0 366.0
143598745478.0 591.0
143642216487.0 613.0
143781632756.0 604.0
143804135594.0 601.0
143873022064.0 601.0
143916731527.0 523.0
143986914379.0 314.0
144083071330.0 581.0
144108541919.0 69.0
144147243312.0 325.0
144204794226.0 558.0
144229902054.0 543.0
144236833976.0 618.0
144289299820.0 531.0
144367002669.0 86.0
144367103102.0 570.0
144458743924.0 360.0
144483581300.0 593.0
144532396245.0 344.0
144550415069.0 617.0
144581573416.0 579.0
144583041988.0 410.0
144655607437.0 595.0
144741253366.0 280.0
144856076192.0 571.0
144856432390.0 329.0
144997588524.0 194.0
145008808950.0 551.0
145013173725.0 69.0
145035083793.0 633.0
145055253159.0 353.0
145107357898.0 565.0
145169251875.0 603.0
145172209462.0 352.0
145229224626.0 562.0
145289680193.0 575.0
145317367976.0 471.0
145483836916.0 445.0
145493959214.0 295.0
145498277837.0 432.0
145539707929.0 339.0
145599273514.0 413.0
145602933295.0 355.0
145639017189.0 570.0
145640710045.0 590.0
145644103401.0 601.0
145680521645.0 587.0
145761357663.0 491.0
145832210500.0 485.0
145853485515.0 510.0
145878687982.0 471.0
145961280770.0 222.0
145976681111.0 265.0
146056958291.0 448.0
146086832035.0 355.0
146090544037.0 595.0
146099814199.0 452.0
146105532442.0 497.0
146109729810.0 307.0
146149307259.0 504.0
146323408632.0 351.0
146376106434.0 652.0
146419486379.0 641.0
146446736225.0 594.0
146515301118.0 519.0
146673376824.0 222.0
146727334873.0 78.0
146868318110.0 264.0
146908650287.0 160.0
146916069931.0 547.0
146938721297.0 597.0
147008456183.0 305.0
147018081123.0 605.0
147029273894.0 254.0
147063510429.0 383.0
147106652884.0 380.0
147113026920.0 593.0
147149960648.0 590.0
147282365003.0 548.0
147323656394.0 595.0
147421998916.0 322.0
147426454376.0 613.0
147434423434.0 477.0
147468963600.0 614.0
147478561119.0 524.0
147519366535.0 85.0
147566495555.0 346.0
147655147894.0 609.0
147866982257.0 553.0
148021881937.0 538.0
148048011125.0 49.0
148112952720.0 480.0
148122690788.0 395.0
148305092362.0 484.0
148308586209.0 415.0
148315433518.0 447.0
148501153974.0 602.0
148544812986.0 485.0
148625622995.0 534.0
148793675662.0 294.0
149307265152.0 597.0
149314837782.0 305.0
149354832159.0 586.0
149410123137.0 548.0
149497234214.0 407.0
149623139373.0 489.0
149635170534.0 484.0
149662655823.0 479.0
149693508388.0 374.0
149696937058.0 524.0
149715160909.0 530.0
149888901507.0 587.0
149940295404.0 578.0
149972475081.0 461.0
149983447155.0 558.0
150009090999.0 239.0
150020592839.0 580.0
150025231330.0 308.0
150119976644.0 593.0
150157576895.0 236.0
150182973163.0 474.0
150276124723.0 603.0
150340789726.0 544.0
150355679872.0 342.0
150408827842.0 439.0
150415564029.0 266.0
150498147607.0 521.0
150595510594.0 542.0
150633999876.0 239.0
150714836001.0 313.0
150762000075.0 542.0
150769989466.0 601.0
150786475426.0 382.0
150875322318.0 388.0
150880613300.0 285.0
150901745347.0 360.0
150925363336.0 207.0
150980832746.0 591.0
150981000446.0 590.0
151040686484.0 601.0
151060394660.0 654.0
151178529365.0 243.0
151192088580.0 566.0
151267541990.0 580.0
151370605311.0 586.0
151407771309.0 554.0
151415713721.0 564.0
151421965755.0 263.0
151462221338.0 563.0
151481032962.0 399.0
151510798903.0 589.0
151668193074.0 451.0
151738038320.0 242.0
151767358532.0 559.0
151784070023.0 543.0
151881203878.0 601.0
151974480807.0 597.0
152027886177.0 436.0
152137024684.0 335.0
152164048467.0 643.0
152247430253.0 472.0
152315461790.0 386.0
152347896016.0 349.0
152374574712.0 582.0
152418286680.0 653.0
152525983031.0 444.0
152534461441.0 254.0
152540766216.0 517.0
152540932835.0 300.0
152550323364.0 478.0
152637803341.0 365.0
152681840121.0 251.0
152732583555.0 444.0
152733049018.0 520.0
152746449839.0 588.0
152747870644.0 194.0
152795380875.0 308.0
152813557141.0 241.0
152922072653.0 410.0
152987845535.0 244.0
153215890134.0 609.0
153302974046.0 251.0
153411635866.0 289.0
153451366522.0 310.0
153459142306.0 438.0
153481273175.0 256.0
153593367552.0 585.0
153608409427.0 649.0
153763908245.0 559.0
153841244301.0 266.0
153895535507.0 318.0
153902699961.0 514.0
153916276022.0 288.0
153936554889.0 571.0
154022522322.0 644.0
154081457767.0 559.0
154139328306.0 184.0
154141230015.0 253.0
154186739410.0 575.0
154201227001.0 545.0
154276852903.0 576.0
154299302640.0 559.0
154316716598.0 305.0
154431144019.0 440.0
154508819604.0 555.0
154531403433.0 580.0
154618782982.0 585.0
154636610846.0 567.0
154675813239.0 588.0
154775522545.0 561.0
154823307818.0 335.0
154933415842.0 158.0
154940773940.0 262.0
154987211007.0 577.0
154993423995.0 552.0
155015707715.0 292.0
155051233890.0 313.0
155068275898.0 553.0
155114065953.0 592.0
155158507572.0 448.0
155200190229.0 294.0
155244828408.0 449.0
155246414546.0 151.0
155259187117.0 406.0
155328611638.0 507.0
155356909671.0 381.0
155387389761.0 308.0
155464538512.0 330.0
155478327847.0 349.0
155559822512.0 510.0
155563133367.0 595.0
155678269677.0 410.0
155735899231.0 598.0
155748460804.0 578.0
155800431259.0 606.0
155822977459.0 585.0
155846760346.0 318.0
155901103904.0 264.0
156050041232.0 139.0
156130236244.0 481.0
156142428883.0 542.0
156225705296.0 582.0
156370196922.0 571.0
156519265896.0 534.0
156570533305.0 587.0
156701669600.0 595.0
156741217256.0 605.0
156746650056.0 265.0
156753032719.0 276.0
156763642847.0 556.0
156769376211.0 547.0
156880357749.0 84.0
156897004966.0 639.0
156909353776.0 594.0
157003383969.0 272.0
157048002015.0 618.0
157174231418.0 498.0
157192124001.0 375.0
157313824066.0 624.0
157375065860.0 396.0
157387419069.0 614.0
157397147137.0 584.0
157464264635.0 231.0
157520519304.0 374.0
157660010667.0 635.0
157770931890.0 603.0
157871908672.0 559.0
157888796449.0 555.0
157894416784.0 558.0
158113345693.0 556.0
158202750370.0 512.0
158205026426.0 517.0
158309077406.0 228.0
158386886866.0 146.0
158476665302.0 440.0
158507930434.0 419.0
158509956982.0 556.0
158538193332.0 607.0
158662002307.0 627.0
158721003526.0 516.0
158743879834.0 315.0
158992362593.0 341.0
158997031522.0 642.0
159147465905.0 421.0
159265580995.0 603.0
159347955931.0 444.0
159362333099.0 614.0
159490351824.0 665.0
159495404345.0 565.0
159577895847.0 557.0
159642551169.0 109.0
159712362459.0 446.0
159953697765.0 498.0
159998942911.0 631.0
160011491511.0 236.0
160242052653.0 379.0
160283343972.0 198.0
160294907702.0 535.0
160405236041.0 234.0
160439535351.0 108.0
160471292675.0 586.0
160507792507.0 590.0
160590304907.0 628.0
160673300164.0 235.0
160706569899.0 483.0
160747461413.0 164.0
160760331425.0 474.0
160819022105.0 396.0
160901297105.0 390.0
160932211657.0 578.0
160955346663.0 610.0
161075101568.0 580.0
161181598259.0 429.0
161208424564.0 586.0
161216816594.0 433.0
161343113855.0 535.0
161365640296.0 585.0
161477509113.0 596.0
161519158129.0 582.0
161565356222.0 394.0
161842209828.0 222.0
161866734758.0 478.0
161944210166.0 240.0
162027579118.0 214.0
162067981711.0 559.0
162122729283.0 616.0
162132622161.0 627.0
162186973950.0 61.0
162236619652.0 511.0
162290715809.0 612.0
162309813325.0 568.0
162340458722.0 624.0
162359493244.0 253.0
162447871942.0 172.0
162457717754.0 101.0
162478168010.0 589.0
162496863213.0 453.0
162550676861.0 338.0
162564417389.0 439.0
162592904727.0 533.0
162663742219.0 617.0
162700785019.0 519.0
162730206367.0 579.0
162805422876.0 527.0
162923732085.0 359.0
162978711024.0 217.0
162995426764.0 415.0
163079674495.0 275.0
163288193991.0 388.0
163301309016.0 265.0
163344111788.0 574.0
163419964464.0 550.0
163561466140.0 661.0
163650832283.0 549.0
163760573178.0 620.0
163767119894.0 326.0
163813693823.0 608.0
163819300425.0 545.0
163830980991.0 513.0
163856707631.0 583.0
163919859194.0 500.0
163937659607.0 390.0
164045829352.0 542.0
164082773689.0 544.0
164272432025.0 215.0
164325238338.0 269.0
164435930416.0 596.0
164519278459.0 259.0
164553404016.0 556.0
164589356477.0 525.0
164631331540.0 234.0
164802410002.0 587.0
164822944626.0 644.0
164891660506.0 607.0
164986213649.0 369.0
165267638665.0 637.0
165302447951.0 542.0
165314908038.0 562.0
165367367252.0 531.0
165414851965.0 361.0
165418426681.0 567.0
165478816031.0 452.0
165492854908.0 364.0
165549060655.0 539.0
165593656350.0 381.0
165600184964.0 562.0
165636179624.0 667.0
165641559365.0 327.0
165692342063.0 622.0
165707775391.0 631.0
165708864926.0 160.0
165753409785.0 527.0
165790743188.0 439.0
165824413367.0 331.0
165887000061.0 165.0
165911940823.0 277.0
165919625273.0 289.0
166034865408.0 477.0
166274012660.0 467.0
166482257030.0 164.0
166568902455.0 400.0
166615009606.0 384.0
166630541030.0 271.0
166680586143.0 589.0
166693439889.0 189.0
166730608925.0 348.0
166730659948.0 574.0
166737937520.0 580.0
166743638043.0 474.0
166745836490.0 529.0
166751584313.0 546.0
166781154450.0 554.0
166875040396.0 217.0
166926021959.0 598.0
166934069734.0 330.0
166986305991.0 329.0
167003729529.0 264.0
167136987019.0 608.0
167150445793.0 389.0
167153582414.0 605.0
167215004489.0 536.0
167253720370.0 181.0
167264633809.0 542.0
167296692413.0 668.0
167333350050.0 530.0
167401435973.0 537.0
167412132712.0 595.0
167432849916.0 244.0
167476869129.0 547.0
167478497723.0 593.0
167521358616.0 540.0
167535227603.0 317.0
167563891754.0 213.0
167622842132.0 257.0
167645165513.0 181.0
167812799331.0 234.0
167877961119.0 478.0
167884591524.0 544.0
168010627413.0 341.0
168047317151.0 457.0
168151256516.0 561.0
168313621287.0 560.0
168332860388.0 591.0
168439882030.0 457.0
168446778651.0 550.0
168549705903.0 514.0
168560132102.0 621.0
168593974908.0 632.0
168703468493.0 515.0
168716062116.0 488.0
168833341631.0 589.0
168899093597.0 552.0
168910983840.0 585.0
169010997815.0 392.0
169078902967.0 512.0
169254366537.0 577.0
169354792451.0 424.0
169385186071.0 446.0
169417361936.0 236.0
169450289131.0 244.0
169500686153.0 293.0
169520007450.0 587.0
169578756379.0 631.0
169677131915.0 601.0
169686945328.0 490.0
169899083562.0 324.0
169907273420.0 534.0
169956050854.0 564.0
170066163779.0 450.0
170105720442.0 537.0
170168126933.0 559.0
170194377031.0 507.0
170197421134.0 669.0
170220512234.0 554.0
170325974185.0 617.0
170406917367.0 554.0
170415612660.0 392.0
170548379105.0 513.0
170667036551.0 591.0
170669987319.0 646.0
170690665467.0 452.0
170716926245.0 613.0
170782562892.0 373.0
170895590068.0 613.0
170905657396.0 651.0
170926938448.0 675.0
170941879214.0 647.0
170966848182.0 526.0
170982215119.0 558.0
171011685368.0 518.0
171030667579.0 572.0
171048432026.0 481.0
171076793111.0 164.0
171108469139.0 284.0
171200147177.0 275.0
171220331934.0 479.0
171228344856.0 475.0
171297684427.0 516.0
171351265828.0 559.0
171461260851.0 471.0
171471953284.0 635.0
171514077968.0 595.0
171526406118.0 402.0
171527722818.0 543.0
171550618162.0 612.0
171753665611.0 287.0
171771574232.0 429.0
171784930457.0 555.0
171807159414.0 337.0
171820972059.0 262.0
171877547715.0 588.0
171905854470.0 524.0
171947946528.0 571.0
171988215097.0 584.0
171994259045.0 308.0
172045274807.0 540.0
172133859228.0 582.0
172210503025.0 323.0
172216200492.0 565.0
172237458184.0 467.0
172344226547.0 585.0
172416777700.0 542.0
172519800024.0 647.0
172543803086.0 584.0
172614516664.0 597.0
172629498197.0 588.0
172669842472.0 546.0
172674211744.0 243.0
172680507121.0 560.0
172709640521.0 545.0
172838905345.0 230.0
172868782063.0 288.0
172891362911.0 590.0
172932564140.0 172.0
173132254415.0 589.0
173169294249.0 562.0
173215264992.0 224.0
173261735740.0 594.0
173302984657.0 273.0
173368104612.0 594.0
173467077888.0 252.0
173538967626.0 620.0
173624110502.0 548.0
173724570966.0 565.0
173751077160.0 552.0
173829990442.0 396.0
173923064201.0 565.0
173930014882.0 290.0
173947229994.0 594.0
173947604802.0 388.0
173963393706.0 399.0
174002342741.0 613.0
174010490215.0 171.0
174043538378.0 463.0
174139148860.0 564.0
174239180009.0 440.0
174249874633.0 273.0
174310354135.0 466.0
174348493287.0 261.0
174358333491.0 445.0
174375693283.0 524.0
174427120795.0 596.0
174439539982.0 312.0
174462650335.0 573.0
174585764700.0 584.0
174635215121.0 322.0
174684230271.0 595.0
174693628379.0 414.0
174708668070.0 623.0
174724049033.0 588.0
174735415721.0 256.0
174745627577.0 299.0
174805847216.0 605.0
174857696357.0 454.0
175020187505.0 98.0
175027123014.0 465.0
175076885596.0 633.0
175097756723.0 542.0
175101921988.0 608.0
175412975718.0 669.0
175421941585.0 541.0
175451533021.0 235.0
175483795536.0 243.0
175518482244.0 644.0
175596264720.0 192.0
175617598301.0 573.0
175621395053.0 546.0
175653886174.0 586.0
175767527984.0 432.0
175850850469.0 567.0
175872821090.0 547.0
175886836964.0 498.0
175930161631.0 344.0
176003668106.0 539.0
176043315836.0 642.0
176093359412.0 148.0
176096269322.0 588.0
176103807772.0 234.0
176110549723.0 280.0
176136449079.0 450.0
176174658100.0 548.0
176199735334.0 231.0
176219911607.0 424.0
176285533162.0 241.0
176304653418.0 314.0
176477378336.0 436.0
176634030631.0 517.0
176653462145.0 367.0
176664210422.0 558.0
176849913186.0 351.0
176865498110.0 141.0
176899335611.0 536.0
176926643142.0 251.0
176988954836.0 456.0
177061619518.0 500.0
177063801559.0 546.0
177068180495.0 576.0
177148502438.0 228.0
177211084538.0 582.0
177239587939.0 602.0
177291706577.0 609.0
177305038709.0 582.0
177308709702.0 532.0
177320731378.0 340.0
177360474874.0 93.0
177486675778.0 635.0
177497085620.0 499.0
177516244927.0 353.0
177602650746.0 228.0
177628320950.0 494.0
177674312295.0 590.0
177695079668.0 559.0
177724250244.0 540.0
177747530067.0 577.0
177774921494.0 245.0
177846934108.0 530.0
177853473755.0 525.0
177871141063.0 327.0
177956344020.0 509.0
177982207022.0 667.0
178088930409.0 592.0
178251056087.0 591.0
178261729570.0 522.0
178323747152.0 470.0
178461208628.0 525.0
178498379415.0 533.0
178518976739.0 450.0
178540961472.0 311.0
178568227842.0 92.0
178583680111.0 594.0
178787977878.0 575.0
178814050537.0 137.0
178840314349.0 529.0
178937620162.0 569.0
178955798607.0 505.0
179017429743.0 478.0
179134863205.0 227.0
179205989377.0 374.0
179210667523.0 575.0
179229036794.0 580.0
179233408027.0 607.0
179289553039.0 566.0
179297420969.0 488.0
179326370017.0 195.0
179369105530.0 610.0
179409139124.0 414.0
179480600117.0 452.0
179508313396.0 475.0
179528256582.0 542.0
179557708387.0 515.0
179578901482.0 436.0
179648243805.0 612.0
179682196972.0 574.0
179704779241.0 472.0
179707742053.0 513.0
179870773306.0 580.0
179879824410.0 610.0
179920825971.0 644.0
179933203105.0 468.0
180022610524.0 563.0
180070389031.0 592.0
180117350908.0 231.0
180125689552.0 142.0
180222399420.0 461.0
180288905533.0 575.0
180334950718.0 513.0
180342030557.0 301.0
180459256629.0 431.0
180509076313.0 306.0
180515169916.0 609.0
180545824688.0 149.0
180629950468.0 275.0
180790554560.0 389.0
180804081989.0 155.0
180888549600.0 613.0
180906633932.0 454.0
180950695466.0 427.0
180955744019.0 586.0
181084108942.0 486.0
181129334523.0 538.0
181138971777.0 648.0
181150000900.0 239.0
181161113840.0 636.0
181166237873.0 629.0
181168168543.0 522.0
181194867429.0 553.0
181213270333.0 601.0
181218856437.0 385.0
181291183156.0 586.0
181310614489.0 600.0
181336258635.0 305.0
181434256245.0 630.0
181621068940.0 294.0
181643449221.0 334.0
181665270430.0 555.0
181730567595.0 548.0
181802457927.0 625.0
181890039470.0 497.0
181903224771.0 585.0
181914448229.0 325.0
181935831440.0 198.0
181952354516.0 282.0
182030451116.0 351.0
182168551069.0 213.0
182219116210.0 334.0
182232563909.0 545.0
182366664988.0 432.0
182425567943.0 323.0
182565221774.0 282.0
182613038282.0 191.0
182629250794.0 266.0
182825771665.0 471.0
182930850726.0 582.0
182932174527.0 485.0
183021116652.0 119.0
183088607936.0 565.0
183093808224.0 582.0
183163210605.0 284.0
183225741246.0 618.0
183248641592.0 473.0
183366113885.0 263.0
183396937182.0 378.0
183488773381.0 446.0
183547785007.0 429.0
183601654054.0 258.0
183610641843.0 533.0
183663627501.0 502.0
183740786332.0 364.0
183745440692.0 602.0
183816317475.0 587.0
183966337785.0 597.0
184038039153.0 585.0
184090223889.0 619.0
184231454032.0 591.0
184248838182.0 583.0
184309214664.0 245.0
184391045117.0 506.0
184418440263.0 602.0
184548198433.0 370.0
184596604228.0 622.0
184642343128.0 321.0
184776029567.0 297.0
184799620406.0 530.0
184818222025.0 184.0
184846905028.0 372.0
184870510136.0 346.0
184871609467.0 526.0
184964313573.0 506.0
184996757080.0 366.0
185117294990.0 580.0
185145840240.0 580.0
185197038973.0 563.0
185286327789.0 263.0
185358519764.0 599.0
185482728899.0 468.0
185500494483.0 650.0
185516683023.0 300.0
185626644426.0 398.0
185630733833.0 587.0
185649579388.0 461.0
185788211503.0 528.0
186071969692.0 477.0
186401935293.0 490.0
186422018369.0 557.0
186621463389.0 327.0
186864981475.0 497.0
186876422236.0 508.0
186880013739.0 475.0
187082817303.0 510.0
187221633511.0 582.0
187410665806.0 349.0
187435056261.0 276.0
187479367692.0 568.0
187542230944.0 205.0
187628993804.0 570.0
187784015154.0 367.0
187868854071.0 513.0
187951744178.0 450.0
188027589617.0 555.0
188152737490.0 330.0
188321537017.0 599.0
188543527017.0 577.0
188607261456.0 152.0
188654734719.0 584.0
188794382539.0 215.0
188974509755.0 561.0
189072053606.0 584.0
189106234278.0 627.0
189193525385.0 508.0
189246817559.0 454.0
189293233189.0 438.0
189452212811.0 512.0
189598730406.0 533.0
189659571532.0 645.0
189807154940.0 462.0
189815589812.0 569.0
189868446771.0 594.0
189925684748.0 539.0
189944670590.0 500.0
189966570881.0 136.0
190151247985.0 615.0
190162562883.0 448.0
190229709952.0 613.0
190285116225.0 540.0
190364122509.0 549.0
190427628893.0 258.0
190533152874.0 573.0
190772810802.0 349.0
190826432356.0 516.0
190829183175.0 459.0
190966328510.0 602.0
191031395650.0 542.0
191031536227.0 316.0
191048377057.0 337.0
191090081116.0 403.0
191284322361.0 548.0
191408039219.0 226.0
191436721272.0 524.0
191971560708.0 438.0
192126886751.0 361.0
192252224111.0 428.0
192262892389.0 627.0
192349671589.0 584.0
192437619892.0 517.0
192457978559.0 495.0
192550843011.0 620.0
192556258226.0 280.0
192557878578.0 433.0
192586619560.0 563.0
192622365927.0 544.0
192686116912.0 444.0
192755002847.0 288.0
192906322361.0 584.0
192976063645.0 574.0
193062457712.0 552.0
193353403343.0 492.0
193380957713.0 448.0
193466104699.0 577.0
193471899542.0 527.0
193511663115.0 575.0
193568177287.0 612.0
193579465163.0 477.0
193579625568.0 515.0
193661351785.0 440.0
193671208569.0 112.0
193699015416.0 285.0
193749986314.0 563.0
193793993984.0 248.0
193810535626.0 573.0
193872220191.0 661.0
194144510876.0 220.0
194183413569.0 207.0
194541173382.0 574.0
194655956016.0 266.0
194694225330.0 577.0
194734154480.0 246.0
194782714999.0 543.0
194821936027.0 562.0
194831768284.0 598.0
194871613798.0 545.0
194914837299.0 606.0
195084128179.0 469.0
195103271115.0 353.0
195103569418.0 335.0
195182944887.0 330.0
195512314498.0 461.0
195587462658.0 642.0
195649383667.0 499.0
195673572682.0 496.0
195718715931.0 75.0
195762281391.0 303.0
195916736281.0 87.0
196135889180.0 551.0
196156992408.0 332.0
196388562402.0 233.0
196521250672.0 514.0
196643743168.0 476.0
196771215128.0 610.0
196942716900.0 499.0
197093060975.0 533.0
197205956408.0 589.0
197303085842.0 518.0
197526768780.0 508.0
197569074360.0 613.0
197886378603.0 520.0
197905839822.0 484.0
197959374961.0 504.0
197986838820.0 626.0
197992389592.0 646.0
198027380157.0 586.0
198066140408.0 221.0
198134578747.0 565.0
198136976208.0 620.0
198155078018.0 307.0
198363568339.0 608.0
198541439568.0 348.0
198603812397.0 548.0
198750802013.0 617.0
198780841608.0 555.0
198826928000.0 467.0
198833381154.0 545.0
198960190931.0 354.0
198973264903.0 574.0
199143617780.0 605.0
199177703221.0 548.0
199451036303.0 356.0
199568871733.0 227.0
199797757506.0 570.0
200113145016.0 259.0
200168408963.0 586.0
200189494904.0 593.0
200302558722.0 381.0
200410304757.0 575.0
200847792104.0 543.0
200986149086.0 491.0
201316106849.0 555.0
201470755188.0 447.0
201473402531.0 281.0
201485801213.0 553.0
201503570390.0 559.0
201536826261.0 353.0
201556867827.0 569.0
201627794734.0 591.0
201968102860.0 537.0
202179978990.0 160.0
202377813475.0 329.0
202606267976.0 561.0
202648129140.0 312.0
202707893389.0 595.0
202944657009.0 596.0
203031735122.0 481.0
203059988448.0 525.0
203118139122.0 336.0
203206466613.0 626.0
203345897930.0 620.0
203408604903.0 590.0
203725257523.0 527.0
203761470456.0 285.0
203766585374.0 564.0
203874023478.0 376.0
203949563341.0 568.0
204000888556.0 541.0
204080538339.0 584.0
204699186228.0 583.0
204714924896.0 676.0
204801928897.0 454.0
204909644970.0 324.0
204943182772.0 526.0
204985315979.0 529.0
205049700722.0 507.0
205097960917.0 562.0
205147261541.0 588.0
205588735924.0 669.0
205726935582.0 547.0
205763034893.0 549.0
206008058844.0 656.0
206047863480.0 562.0
206063597057.0 605.0
206166829720.0 562.0
206170289352.0 428.0
206183190549.0 462.0
206288157653.0 601.0
206341506731.0 479.0
206361138109.0 421.0
206485618227.0 556.0
206524359395.0 634.0
206566555782.0 574.0
206576520681.0 356.0
206591424315.0 495.0
206600518007.0 536.0
206611519542.0 564.0
206719219507.0 547.0
206790873606.0 215.0
206950304095.0 496.0
207102187089.0 673.0
207114164289.0 566.0
207145184255.0 430.0
207205282362.0 299.0
207227046792.0 588.0
207402089732.0 295.0
207829448860.0 612.0
207979324825.0 607.0
208053747881.0 567.0
208087361540.0 338.0
208121988156.0 315.0
208183171503.0 359.0
208302600240.0 601.0
208447728448.0 604.0
208497981543.0 497.0
208581840418.0 393.0
208641261114.0 341.0
208745272214.0 606.0
208990382877.0 413.0
209076030893.0 581.0
209094161877.0 505.0
209098790542.0 467.0
209120820322.0 528.0
209242237678.0 620.0
209359543571.0 373.0
209558843548.0 591.0
209582203858.0 486.0
209584308117.0 582.0
209893351103.0 511.0
210056502546.0 622.0
210249271073.0 615.0
210309638061.0 59.0
210338871520.0 627.0
210502999978.0 372.0
210537401141.0 518.0
210661828791.0 324.0
210689499412.0 231.0
210754435679.0 95.0
211151907762.0 264.0
211191687790.0 387.0
211263367461.0 604.0
211268864040.0 517.0
211540760648.0 542.0
211713609740.0 615.0
211987351160.0 574.0
212016625589.0 531.0
212062832826.0 611.0
212140265384.0 575.0
212298730670.0 579.0
212376966830.0 531.0
212517198129.0 510.0
212721536119.0 447.0
212883031292.0 550.0
212994738557.0 388.0
213084233140.0 456.0
213312289879.0 437.0
213464219065.0 313.0
213512449768.0 618.0
213520377658.0 136.0
213526694931.0 296.0
213560882600.0 587.0
213603822934.0 221.0
213648235493.0 179.0
214030570722.0 578.0
214170212250.0 381.0
214272368182.0 554.0
214449428401.0 562.0
214551627403.0 488.0
214631594522.0 508.0
214644627193.0 540.0
214983536278.0 546.0
215201324706.0 353.0
215297685783.0 448.0
215375473022.0 457.0
215533687320.0 572.0
215548680087.0 391.0
215558781799.0 484.0
215618869660.0 518.0
215645782640.0 572.0
215744765168.0 593.0
215819002994.0 619.0
215856288826.0 465.0
215945945561.0 565.0
215973077491.0 630.0
216092214143.0 611.0
216092790627.0 475.0
216129603164.0 547.0
216171123581.0 421.0
216171895188.0 209.0
216351321972.0 605.0
216426580294.0 618.0
216433785478.0 284.0
216596583096.0 370.0
216605271647.0 434.0
216822268431.0 532.0
216850562614.0 422.0
216857743534.0 580.0
216896535155.0 565.0
216920416236.0 572.0
216936749720.0 576.0
216973739874.0 514.0
217029741272.0 587.0
217075575552.0 175.0
217259715493.0 330.0
217382492967.0 95.0
217390603947.0 444.0
217401361807.0 293.0
217645598315.0 331.0
217723471436.0 327.0
217782986087.0 429.0
217935823104.0 512.0
217953243154.0 598.0
217980566753.0 338.0
218015395767.0 635.0
218064588561.0 551.0
218074303021.0 467.0
218088095872.0 645.0
218119393239.0 528.0
218209810928.0 554.0
218287274794.0 281.0
218321699560.0 687.0
218403877277.0 620.0
218448391966.0 602.0
218512815187.0 517.0
218572938271.0 340.0
218742205257.0 320.0
218787991280.0 588.0
218895478428.0 518.0
219014636805.0 605.0
219476441888.0 581.0
219697953709.0 392.0
219886458438.0 558.0
219900267145.0 506.0
220396784843.0 619.0
220398025721.0 192.0
220480769006.0 509.0
220619419250.0 195.0
220625972537.0 354.0
220785522013.0 417.0
220899219512.0 341.0
220919068328.0 505.0
220936490569.0 581.0
220957087887.0 551.0
220999028069.0 640.0
221027462490.0 349.0
221030816974.0 538.0
221141672117.0 443.0
221162926538.0 584.0
221455648702.0 587.0
221608824996.0 428.0
221736816020.0 577.0
221819710906.0 531.0
221869878317.0 606.0
221870483543.0 471.0
222107994692.0 493.0
222299724468.0 546.0
222455242648.0 675.0
222538310727.0 613.0
222625924318.0 582.0
222905580984.0 323.0
222963124153.0 326.0
223014804170.0 554.0
223063646112.0 449.0
223074461725.0 613.0
223304042298.0 602.0
223346646443.0 425.0
223545351931.0 553.0
223649130104.0 628.0
223731223379.0 482.0
223757961564.0 590.0
223792578657.0 466.0
223924577176.0 140.0
224026696951.0 472.0
224407483909.0 351.0
224433250145.0 417.0
224455990166.0 593.0
224481074519.0 571.0
224575069351.0 444.0
224722491165.0 548.0
224836645674.0 579.0
224928337145.0 159.0
224996579656.0 564.0
225227709068.0 545.0
225286627771.0 339.0
225323033582.0 591.0
225485563361.0 458.0
225658611608.0 450.0
226100882745.0 613.0
226114497121.0 420.0
226480898691.0 682.0
226485576806.0 631.0
226706233301.0 418.0
226808142746.0 551.0
226822457316.0 343.0
227025280219.0 335.0
227037070222.0 315.0
227246189911.0 406.0
227312503302.0 522.0
227329484128.0 645.0
227475444242.0 364.0
227615178135.0 345.0
227710563668.0 587.0
227804231637.0 220.0
227911992893.0 555.0
228042886007.0 468.0
228316887682.0 291.0
228465169604.0 626.0
228471778815.0 651.0
228512131844.0 65.0
228718827734.0 593.0
228773942939.0 611.0
228848222419.0 543.0
228987462260.0 598.0
229012583015.0 531.0
229103021995.0 556.0
229221886507.0 582.0
229277176449.0 216.0
229321152548.0 360.0
229321444588.0 606.0
229394770208.0 322.0
229527303163.0 562.0
229636442565.0 321.0
229737179564.0 635.0
229992316471.0 319.0
230709867390.0 143.0
230735575926.0 384.0
230843861639.0 609.0
230917862358.0 543.0
230953556947.0 467.0
231034462898.0 554.0
231082530799.0 628.0
231104931694.0 502.0
231207200717.0 191.0
231448524601.0 627.0
231514509388.0 450.0
231521198542.0 372.0
231823579666.0 611.0
231839064596.0 472.0
231843997641.0 459.0
231890758239.0 597.0
232005885533.0 507.0
232098336546.0 547.0
232192419645.0 364.0
232260404841.0 580.0
232260659887.0 632.0
232399687729.0 582.0
232474238123.0 647.0
232519569178.0 577.0
232545472040.0 398.0
232578615682.0 584.0
232697363642.0 600.0
232799138622.0 539.0
232914014640.0 611.0
233017183485.0 612.0
233102355684.0 591.0
233221187919.0 322.0
233271887143.0 368.0
233554592472.0 431.0
233753648250.0 614.0
233831673932.0 617.0
233899780441.0 605.0
234207702156.0 597.0
234520953742.0 347.0
234585256680.0 547.0
234605854638.0 180.0
234670450498.0 165.0
234674724421.0 511.0
234710641799.0 523.0
235100617480.0 267.0
235210822631.0 605.0
235225244456.0 650.0
235263720174.0 318.0
235481614094.0 439.0
235501574103.0 594.0
235658641913.0 613.0
235789998565.0 411.0
235805382246.0 406.0
235868815972.0 635.0
236143208607.0 546.0
236281423104.0 537.0
236340268029.0 579.0
236350284545.0 578.0
236479350711.0 651.0
236584028508.0 466.0
236620764476.0 328.0
236886097309.0 580.0
237608999879.0 647.0
237647710668.0 248.0
237684943481.0 632.0
237716269893.0 620.0
237875875959.0 560.0
238140481929.0 526.0
238236877841.0 588.0
238244598803.0 264.0
238271388870.0 324.0
238280225325.0 424.0
238356017404.0 185.0
238412403345.0 574.0
238631951012.0 567.0
238739488471.0 342.0
238778291196.0 522.0
238884907493.0 274.0
238891789101.0 427.0
238908898282.0 584.0
238973028755.0 641.0
239128654304.0 412.0
239399236113.0 578.0
239617267608.0 511.0
239620812717.0 555.0
239805564332.0 640.0
240053187997.0 604.0
240139544821.0 496.0
240557189082.0 393.0
240567237260.0 597.0
240587104782.0 305.0
240596080559.0 191.0
240597234196.0 607.0
240611943971.0 376.0
240728702924.0 213.0
240763585004.0 328.0
240829518568.0 650.0
240876713656.0 453.0
241159670986.0 588.0
241486548125.0 635.0
241866393018.0 391.0
241886504078.0 181.0
242133194297.0 104.0
242245725366.0 575.0
242441711776.0 657.0
242543247544.0 455.0
242682341612.0 679.0
242751085441.0 488.0
242780937765.0 405.0
242955003412.0 539.0
243171718533.0 137.0
243202077870.0 233.0
243247433273.0 525.0
243582609159.0 609.0
243651163875.0 223.0
243783497654.0 630.0
243894782553.0 481.0
244128679057.0 536.0
244186148943.0 538.0
244231280408.0 540.0
244350830850.0 577.0
244419198080.0 325.0
244621681124.0 301.0
244705046122.0 551.0
244907032175.0 511.0
245000551958.0 610.0
245048548534.0 579.0
245358759331.0 466.0
245378859478.0 560.0
245669204400.0 409.0
246143815307.0 308.0
246152596252.0 625.0
246198753840.0 623.0
246297118713.0 564.0
246439085582.0 416.0
246443620611.0 308.0
246596095762.0 599.0
246641083685.0 613.0
246775988798.0 642.0
246954980398.0 646.0
247006500597.0 402.0
247080385739.0 514.0
247396556445.0 540.0
247467818645.0 349.0
247519126148.0 594.0
247618412701.0 564.0
247717506772.0 367.0
248019933194.0 570.0
248457862577.0 566.0
248621130710.0 517.0
248805692060.0 512.0
248950673504.0 573.0
248951018498.0 594.0
249140086621.0 543.0
249385658375.0 447.0
249403918073.0 230.0
249475389007.0 536.0
249487392905.0 389.0
249572236337.0 547.0
249622534384.0 170.0
249709587513.0 185.0
249918731270.0 199.0
249929923827.0 384.0
249949522407.0 342.0
249963201512.0 456.0
249973959952.0 575.0
250069098922.0 435.0
250132795763.0 620.0
250220403678.0 613.0
250414284810.0 548.0
250462100363.0 93.0
250494093009.0 623.0
250576774175.0 310.0
250591565533.0 575.0
250658697322.0 607.0
250852340496.0 371.0
250932899405.0 604.0
250992271594.0 124.0
251078196624.0 200.0
251130217329.0 334.0
251222436328.0 304.0
251275215673.0 575.0
251415198200.0 251.0
251497084457.0 529.0
251653559671.0 475.0
251759483002.0 569.0
252077971426.0 629.0
252100214456.0 571.0
252369796824.0 576.0
252461534045.0 545.0
252743245961.0 327.0
252829560111.0 513.0
253014760897.0 540.0
253052834473.0 575.0
253152051859.0 592.0
253152817743.0 585.0
253200421588.0 599.0
253325985182.0 392.0
253424751424.0 447.0
253556153009.0 348.0
253859565895.0 561.0
253930827592.0 512.0
253975774960.0 585.0
254000739861.0 558.0
254006630787.0 456.0
254116028578.0 590.0
254116913016.0 602.0
254223705777.0 199.0
254313490178.0 424.0
254481077363.0 553.0
254528559912.0 502.0
254551306200.0 477.0
254552284075.0 319.0
254677883109.0 547.0
254772503385.0 457.0
254803632080.0 328.0
255054613541.0 472.0
255111879089.0 344.0
255169497886.0 598.0
255203187469.0 631.0
255209770245.0 366.0
255234753272.0 350.0
255409631200.0 524.0
255423570043.0 456.0
255497963911.0 557.0
255561367632.0 329.0
255602113908.0 559.0
255728746489.0 310.0
255730535834.0 612.0
255768488077.0 232.0
255868743249.0 597.0
255950183223.0 240.0
256036293511.0 373.0
256133322988.0 534.0
256138374241.0 590.0
256156036379.0 554.0
256264547540.0 508.0
256322283571.0 589.0
256365266040.0 314.0
256416964916.0 538.0
256448900522.0 545.0
256582445785.0 561.0
256628062818.0 576.0
256680537790.0 328.0
256731589301.0 571.0
256846295914.0 394.0
256994654481.0 189.0
257148951944.0 569.0
257245295510.0 295.0
257403346046.0 277.0
257476808167.0 324.0
257534930618.0 614.0
257644616008.0 634.0
257659623859.0 598.0
257723978755.0 633.0
257917015363.0 542.0
257973215202.0 469.0
258169519220.0 598.0
258263929275.0 333.0
258345795556.0 628.0
258359792078.0 300.0
258390489697.0 216.0
258402136627.0 462.0
258449353304.0 624.0
258456585567.0 439.0
258498473140.0 151.0
258500444337.0 439.0
258579183665.0 554.0
258682504919.0 470.0
258898289371.0 595.0
258900756237.0 658.0
258948064641.0 395.0
259064271396.0 341.0
259316806806.0 512.0
259320122410.0 394.0
259344915044.0 347.0
259483041063.0 522.0
259754372076.0 257.0
259840547409.0 629.0
259853924181.0 416.0
259890191975.0 530.0
259906474676.0 356.0
260177913635.0 573.0
260198742611.0 404.0
260412482621.0 379.0
260468211792.0 663.0
260534035762.0 169.0
260642727249.0 638.0
260867653200.0 220.0
260971634162.0 525.0
261154091046.0 485.0
261159491320.0 398.0
261322217617.0 324.0
261345433458.0 363.0
261411755417.0 648.0
261730520365.0 607.0
261771550090.0 241.0
261864665324.0 590.0
261904187130.0 581.0
262029022830.0 590.0
262108442820.0 266.0
262157994776.0 517.0
262697103437.0 547.0
262768083134.0 583.0
262823050059.0 547.0
263030606613.0 487.0
263361744186.0 463.0
263390761910.0 566.0
263405803360.0 534.0
263467677147.0 511.0
263589384836.0 533.0
263604473658.0 566.0
263633971357.0 547.0
263639084461.0 586.0
263689449809.0 620.0
263854991918.0 392.0
263863286737.0 577.0
263875268248.0 591.0
263895513761.0 268.0
264043295361.0 160.0
264358804565.0 439.0
264547301985.0 302.0
264662598688.0 300.0
264830346725.0 309.0
264831351124.0 594.0
264951201173.0 383.0
265074561966.0 331.0
265100954552.0 270.0
265173257703.0 225.0
265176981800.0 611.0
265297883901.0 338.0
265375063013.0 587.0
265486936050.0 569.0
265526340894.0 459.0
265847878767.0 400.0
265931670294.0 568.0
266229973926.0 335.0
266372453236.0 531.0
266405266831.0 659.0
266729480630.0 553.0
266732545046.0 417.0
266786492094.0 557.0
267205554924.0 480.0
267585483432.0 596.0
267607378297.0 554.0
267634461319.0 316.0
267659614730.0 593.0
267691089634.0 604.0
267760324618.0 550.0
267806676909.0 619.0
267824290527.0 602.0
267923738468.0 572.0
267977037553.0 663.0
268003822505.0 561.0
268004756958.0 412.0
268056608354.0 515.0
268086486094.0 195.0
268108453650.0 624.0
268120506664.0 433.0
268232152589.0 421.0
268364445363.0 555.0
268380436028.0 589.0
268397369735.0 636.0
268403064623.0 472.0
268471294734.0 557.0
268503423495.0 567.0
268570278576.0 375.0
268575666728.0 586.0
268703299736.0 377.0
268963402716.0 616.0
268965259415.0 652.0
268978553261.0 332.0
269034065523.0 137.0
269091029327.0 587.0
269328741817.0 450.0
269343986916.0 341.0
269450732447.0 614.0
269488419490.0 348.0
269584377481.0 569.0
269757429471.0 536.0
269817906590.0 617.0
269842276869.0 565.0
269885205159.0 496.0
269940905138.0 388.0
269973224050.0 433.0
270049594936.0 606.0
270090830284.0 631.0
270223440861.0 443.0
270299719162.0 463.0
270302686127.0 274.0
270423939512.0 624.0
270429407739.0 601.0
270489627002.0 367.0
270505630645.0 602.0
270852105292.0 580.0
271014075218.0 573.0
271080644801.0 602.0
271178600990.0 627.0
271296666333.0 338.0
271598883828.0 342.0
271627885354.0 334.0
271682893593.0 491.0
271712255005.0 592.0
271826937461.0 636.0
272009924821.0 316.0
272135436904.0 251.0
272252495373.0 427.0
272302874123.0 541.0
272403837191.0 286.0
