45401348.0 561.0
72845818.0 564.0
258965339.0 460.0
323425147.0 608.0
429823123.0 257.0
466661198.0 526.0
569775215.0 616.0
577541725.0 435.0
579962897.0 576.0
588305789.0 656.0
727019463.0 633.0
762482354.0 500.0
784105070.0 517.0
854841730.0 494.0
877805089.0 611.0
936850130.0 317.0
950134868.0 458.0
959946814.0 621.0
1175241067.0 425.0
1231553068.0 587.0
1260632712.0 534.0
1430466974.0 273.0
1570214702.0 442.0
1583348098.0 486.0
1686168112.0 292.0
1719642160.0 575.0
1960422014.0 572.0
2027321666.0 575.0
2094280842.0 575.0
2172252063.0 527.0
2193356308.0 629.0
2289149440.0 629.0
2328891568.0 348.0
2708949938.0 594.0
2808136910.0 554.0
2849266668.0 601.0
2871826174.0 559.0
2933869387.0 419.0
2986652572.0 499.0
3004184032.0 422.0
3016503943.0 435.0
3214336115.0 465.0
3367943487.0 471.0
3386412133.0 588.0
3540417251.0 395.0
3578387657.0 521.0
3595061520.0 456.0
3856877111.0 452.0
3930046241.0 371.0
4038536161.0 273.0
4044987695.0 220.0
4142501952.0 493.0
4321344300.0 478.0
4336371222.0 433.0
4587369108.0 560.0
4602175151.0 409.0
4850392722.0 522.0
4859498340.0 534.0
4870485816.0 638.0
4923240394.0 636.0
5126996480.0 311.0
5229928457.0 464.0
5402490166.0 555.0
5522834197.0 379.0
5658175984.0 612.0
5669413098.0 344.0
5675566304.0 243.0
5794161592.0 632.0
5861755063.0 540.0
5912464415.0 490.0
5941300907.0 605.0
5947733739.0 465.0
5968591778.0 433.0
6040356951.0 574.0
6045512670.0 569.0
6118862908.0 558.0
6203345135.0 595.0
6501332809.0 312.0
6694271408.0 571.0
6994335757.0 609.0
7059340977.0 573.0
7218919765.0 414.0
7522707600.0 567.0
7542967386.0 492.0
7728356144.0 438.0
7878487858.0 623.0
7900846461.0 615.0
7963492441.0 544.0
7964958734.0 602.0
8260925244.0 370.0
8262589439.0 135.0
8372522143.0 597.0
8472368995.0 310.0
8544933291.0 640.0
8560061327.0 530.0
8707721716.0 690.0
8783472594.0 394.0
8906713058.0 617.0
8930879652.0 527.0
8971368399.0 550.0
9006334769.0 426.0
9043271298.0 608.0
9266818204.0 575.0
9268744139.0 561.0
9271199764.0 591.0
9332667198.0 471.0
9555716821.0 568.0
9595641247.0 519.0
9601204283.0 510.0
9881610572.0 574.0
9908941725.0 448.0
9926762468.0 518.0
10061926661.0 579.0
10234278989.0 581.0
10380754120.0 463.0
10393233295.0 534.0
10507650907.0 588.0
10525446478.0 514.0
10579098826.0 641.0
10583144030.0 542.0
10684471556.0 595.0
10882656562.0 272.0
11006674355.0 609.0
11127658774.0 530.0
11128007519.0 531.0
11377296267.0 285.0
11449513197.0 632.0
11455829148.0 367.0
11456904394.0 502.0
11490935421.0 570.0
11509165635.0 383.0
11564031476.0 539.0
11612866048.0 347.0
11622632214.0 171.0
11725714946.0 295.0
12072981753.0 646.0
12110807110.0 467.0
12190527320.0 332.0
12265331192.0 396.0
12280538008.0 607.0
12356326241.0 439.0
12366081267.0 394.0
12445442862.0 565.0
12586674208.0 612.0
12644448784.0 619.0
12655460643.0 568.0
12719784445.0 301.0
12726429796.0 586.0
12840660495.0 546.0
12947810200.0 598.0
12973392266.0 561.0
12978585896.0 602.0
12990176149.0 424.0
13044685958.0 267.0
13069471504.0 584.0
13384055622.0 551.0
13408956442.0 630.0
13490171507.0 352.0
13544781081.0 423.0
13693594047.0 539.0
13698611955.0 562.0
13703186513.0 493.0
13718592554.0 381.0
14033089004.0 614.0
14109985556.0 392.0
14349118314.0 424.0
14363775420.0 582.0
14425154804.0 516.0
14439207053.0 170.0
14481002146.0 373.0
14754043344.0 576.0
15064344357.0 488.0
15097925553.0 588.0
15312026178.0 431.0
15330402775.0 576.0
15366246302.0 540.0
15438866039.0 572.0
15666938239.0 551.0
15772679956.0 595.0
15797384460.0 356.0
15837121571.0 531.0
15986638070.0 607.0
16005940093.0 507.0
16006556962.0 473.0
16027113490.0 554.0
16034385405.0 575.0
16117047007.0 580.0
16137534482.0 588.0
16245488179.0 504.0
16313072617.0 325.0
16418452553.0 370.0
16673153929.0 555.0
16717337615.0 517.0
16780371224.0 498.0
16821945391.0 562.0
16971709186.0 401.0
17043982706.0 602.0
17177111020.0 579.0
17246922135.0 582.0
17310081874.0 648.0
17385973907.0 525.0
17522576994.0 385.0
17630522955.0 393.0
17724118113.0 527.0
17769878168.0 567.0
17791756300.0 591.0
17893038400.0 413.0
17962446296.0 550.0
18007069515.0 597.0
18008240108.0 527.0
18022541900.0 614.0
18067110915.0 482.0
18140471584.0 592.0
18321619820.0 601.0
18780484246.0 605.0
18919088949.0 558.0
18967397532.0 591.0
19143389246.0 535.0
19192493316.0 509.0
19194665622.0 437.0
19412073791.0 427.0
19571744722.0 600.0
19801501926.0 556.0
19870992822.0 521.0
20001013251.0 213.0
20149629446.0 500.0
20388927095.0 539.0
20759561857.0 368.0
20777998597.0 547.0
20843260387.0 608.0
20868356575.0 502.0
20884227963.0 594.0
20914614655.0 515.0
21123496149.0 572.0
21198077110.0 623.0
21304013364.0 401.0
21332343128.0 622.0
21345055929.0 351.0
21443249928.0 582.0
21468780326.0 502.0
21473842194.0 591.0
21481988090.0 617.0
21511925094.0 566.0
21558549412.0 644.0
21561713069.0 547.0
21621027876.0 576.0
21649480817.0 574.0
21801445134.0 562.0
21855518396.0 405.0
21952391978.0 554.0
22098706750.0 610.0
22248827338.0 439.0
22253167955.0 561.0
22253677000.0 619.0
22345330908.0 525.0
22459135986.0 354.0
22612990800.0 415.0
22774940655.0 573.0
22780520246.0 605.0
22830769165.0 354.0
22960995733.0 581.0
23147326688.0 372.0
23198968380.0 239.0
23446739181.0 589.0
23552531975.0 532.0
23595199624.0 461.0
23646155889.0 564.0
23715816134.0 535.0
23763963266.0 516.0
23805584473.0 527.0
23868296231.0 552.0
24041566565.0 528.0
24187647346.0 619.0
24241436947.0 375.0
24247102263.0 432.0
24404301509.0 591.0
24556537580.0 611.0
24688808843.0 314.0
25039037755.0 153.0
25098173558.0 251.0
25112315606.0 568.0
25352172405.0 448.0
25498480914.0 587.0
25579146299.0 505.0
25931418371.0 510.0
25980701523.0 413.0
26052478624.0 593.0
26130701710.0 337.0
26197493294.0 493.0
26269767974.0 421.0
26288708494.0 141.0
26326064147.0 507.0
26397640503.0 364.0
26450152061.0 559.0
26570006052.0 569.0
26654249040.0 537.0
26654253126.0 561.0
26678644055.0 590.0
26692227018.0 616.0
26860318782.0 589.0
26938677663.0 601.0
27260865243.0 589.0
27329064025.0 536.0
27551323964.0 572.0
27553325059.0 577.0
27557331183.0 600.0
27581416235.0 477.0
27869719081.0 617.0
27884140071.0 498.0
27949804864.0 326.0
28026482297.0 556.0
28123400446.0 602.0
28160573146.0 550.0
28182880391.0 413.0
28204221379.0 596.0
28399917045.0 384.0
28535692200.0 545.0
28676504990.0 601.0
28791816453.0 593.0
28906841376.0 282.0
28971630971.0 486.0
29065004085.0 626.0
29091048640.0 586.0
29124879936.0 350.0
29218842429.0 576.0
29254657635.0 533.0
29286641692.0 582.0
29457673080.0 475.0
29495104435.0 237.0
29512195017.0 518.0
29577819701.0 650.0
29631901391.0 603.0
29771848472.0 629.0
29957433527.0 523.0
30073342611.0 650.0
30089798327.0 564.0
30129002357.0 441.0
30164065562.0 640.0
30463226255.0 587.0
30504828009.0 387.0
30551599058.0 663.0
30800435726.0 356.0
30949938598.0 469.0
30962506896.0 608.0
31555346458.0 451.0
31611680163.0 482.0
32197628854.0 527.0
32478802728.0 618.0
32656565985.0 428.0
32740348970.0 393.0
32815406039.0 390.0
32907258506.0 611.0
33061974869.0 624.0
33299486821.0 389.0
33462618016.0 147.0
33566852501.0 578.0
33642259383.0 533.0
33646648833.0 392.0
33793725769.0 455.0
33820640204.0 454.0
33914765687.0 586.0
33983746015.0 491.0
34014029321.0 586.0
34206755871.0 536.0
34238930704.0 531.0
34378842945.0 207.0
34426000763.0 320.0
34502373188.0 606.0
34632821906.0 233.0
34968482895.0 411.0
35039147636.0 617.0
35100644955.0 557.0
35282272147.0 383.0
35296491764.0 577.0
35331012883.0 612.0
35378377581.0 474.0
35384042272.0 468.0
35387373351.0 561.0
35537136997.0 595.0
35564834226.0 617.0
35690821378.0 447.0
35930737398.0 575.0
35932354482.0 543.0
36190495312.0 413.0
36324843233.0 653.0
36403143553.0 502.0
36441232435.0 640.0
36558058392.0 561.0
36566003316.0 512.0
36569043707.0 639.0
36863531703.0 419.0
36925594700.0 573.0
36927796827.0 529.0
37007743341.0 383.0
37098969859.0 375.0
37141111933.0 596.0
37181264357.0 578.0
37355633530.0 606.0
37624110198.0 577.0
37783253841.0 592.0
38071996376.0 433.0
38085184281.0 404.0
38147571826.0 359.0
38214699007.0 612.0
38339843717.0 425.0
38450172387.0 575.0
38549769312.0 565.0
38631028218.0 654.0
38702091611.0 549.0
38782913776.0 509.0
38809926745.0 510.0
38986902749.0 497.0
39099626723.0 580.0
39132430352.0 609.0
39284785633.0 226.0
39381583127.0 293.0
39520896483.0 556.0
39528343838.0 196.0
39544472873.0 225.0
39619768465.0 646.0
39747975698.0 603.0
39907580979.0 348.0
39938526604.0 622.0
39947137972.0 609.0
39996915000.0 563.0
40003669109.0 653.0
40080618097.0 502.0
40272629790.0 512.0
40309360568.0 697.0
40316655616.0 451.0
40463956804.0 425.0
40467824896.0 428.0
40513119328.0 616.0
40546879362.0 400.0
40695169956.0 602.0
40934340671.0 442.0
41111598853.0 613.0
41117441390.0 473.0
41128597323.0 466.0
41516981860.0 546.0
41561994251.0 568.0
41724240243.0 456.0
41740216293.0 391.0
41750691465.0 460.0
41953000254.0 462.0
42190549289.0 296.0
42257898822.0 567.0
42347288729.0 599.0
42556863650.0 365.0
42700962554.0 604.0
42880579260.0 562.0
42998430493.0 590.0
43257350644.0 580.0
43458896566.0 569.0
43832819306.0 372.0
43909134627.0 230.0
43977708698.0 541.0
43994628838.0 588.0
44079543055.0 225.0
44260462744.0 494.0
44286593519.0 420.0
44302837309.0 582.0
44339343993.0 574.0
44446150246.0 578.0
44715637054.0 315.0
44724960403.0 604.0
44907155770.0 595.0
44979733976.0 618.0
45034017274.0 555.0
45235410662.0 524.0
45354329308.0 492.0
45379435004.0 616.0
45458908902.0 432.0
45557601770.0 558.0
45707196533.0 697.0
45740077648.0 620.0
46212285818.0 533.0
46424007675.0 555.0
46901153406.0 567.0
47172005042.0 559.0
47223156020.0 276.0
47316487901.0 282.0
47422327092.0 587.0
47501362912.0 432.0
47585700803.0 584.0
47705343962.0 591.0
47722403908.0 298.0
47767555453.0 614.0
47795011324.0 567.0
47796525859.0 531.0
47827522582.0 367.0
48087000433.0 559.0
48088146490.0 332.0
48163803543.0 613.0
48171784685.0 492.0
48257499687.0 381.0
48275307090.0 579.0
48478096630.0 594.0
48549321906.0 561.0
48592930574.0 427.0
48621818388.0 597.0
48792598049.0 599.0
48820699820.0 473.0
48897876995.0 538.0
48969030635.0 529.0
48999870171.0 589.0
49078032824.0 535.0
49426754533.0 539.0
49479835955.0 567.0
49531222059.0 444.0
49542037820.0 538.0
49942030783.0 669.0
49971542780.0 429.0
50092660426.0 472.0
50127350027.0 577.0
50198966682.0 588.0
50210039380.0 508.0
50509850793.0 463.0
50634348731.0 661.0
50696024791.0 257.0
50703344511.0 656.0
50811672684.0 479.0
50896305714.0 524.0
51004826738.0 614.0
51083535571.0 337.0
51123255123.0 663.0
51186254663.0 569.0
51205754140.0 576.0
51211798310.0 561.0
51362895242.0 519.0
51369571574.0 140.0
51370545754.0 279.0
51777258713.0 468.0
51905039022.0 649.0
51951440206.0 571.0
52106197111.0 481.0
52153363303.0 562.0
52208208371.0 584.0
52290170513.0 638.0
52291149778.0 438.0
52627532729.0 386.0
52652109962.0 535.0
52699856927.0 561.0
52797681623.0 467.0
52802788150.0 386.0
52808630225.0 600.0
52894446589.0 368.0
52905178556.0 445.0
52941272559.0 510.0
52945931035.0 462.0
53012128118.0 584.0
53130377051.0 424.0
53147516760.0 179.0
53204328243.0 415.0
53349554185.0 515.0
53381822910.0 505.0
53503401537.0 630.0
53832357928.0 593.0
53842082456.0 568.0
53912417461.0 528.0
53982787325.0 499.0
54002262071.0 519.0
54098795180.0 559.0
54162494933.0 616.0
54272919969.0 537.0
54360504007.0 384.0
54454413851.0 298.0
54512718451.0 568.0
54540683059.0 576.0
54647417305.0 343.0
54923669614.0 569.0
54981193352.0 358.0
55007826214.0 370.0
55032163866.0 608.0
55219902840.0 280.0
55362433621.0 402.0
55450206418.0 558.0
55526667718.0 503.0
55698817273.0 484.0
55713344157.0 647.0
55739421327.0 370.0
55740337373.0 510.0
55865020717.0 461.0
55931022326.0 480.0
55963657337.0 562.0
56039625765.0 618.0
56041179577.0 603.0
56108206263.0 332.0
56137653445.0 561.0
56163151539.0 343.0
56176978121.0 531.0
56218328088.0 439.0
56299186912.0 399.0
56361099747.0 560.0
56373653353.0 134.0
56426653913.0 401.0
56580758068.0 355.0
56611002312.0 518.0
56754930717.0 408.0
56962451605.0 478.0
57002564259.0 208.0
57068229065.0 508.0
57211387036.0 333.0
57268547417.0 350.0
57292084444.0 592.0
57419394048.0 497.0
57448977392.0 575.0
57610968761.0 523.0
57749878405.0 493.0
57757613426.0 494.0
57959990129.0 560.0
58042681002.0 465.0
58192380423.0 569.0
58450916788.0 372.0
58650242713.0 580.0
58655170940.0 552.0
58747635534.0 553.0
58909239901.0 585.0
59048902664.0 622.0
59476546029.0 618.0
59589065109.0 371.0
59686643221.0 571.0
59686715933.0 388.0
59728999840.0 520.0
59774752647.0 603.0
59868352698.0 539.0
60006476535.0 379.0
60058574569.0 399.0
60066002514.0 586.0
60244522418.0 520.0
60365891998.0 615.0
60387776237.0 311.0
60390055825.0 569.0
60674784834.0 587.0
60864255790.0 548.0
61046426594.0 575.0
61182206026.0 568.0
61315115090.0 618.0
61336157086.0 188.0
61489072397.0 553.0
61545724241.0 587.0
61637804227.0 445.0
61777407204.0 516.0
61868293749.0 397.0
61972822785.0 519.0
61998475219.0 513.0
62060197008.0 593.0
62525680578.0 502.0
62656243141.0 614.0
62864754526.0 596.0
63055256798.0 522.0
63090416613.0 523.0
63104183439.0 531.0
63291152655.0 539.0
63293848370.0 362.0
63300236785.0 526.0
63428142594.0 449.0
63441823551.0 542.0
63479037569.0 591.0
63534394741.0 495.0
63543908695.0 331.0
63723880324.0 418.0
63776805827.0 477.0
63843058633.0 623.0
63975456580.0 624.0
64060260239.0 555.0
64171618910.0 577.0
64451817256.0 620.0
64513995235.0 522.0
64701493160.0 502.0
64823185884.0 475.0
64830110262.0 526.0
64852080062.0 577.0
64923062349.0 353.0
65398504635.0 611.0
65402152006.0 618.0
65574692801.0 542.0
65639155858.0 637.0
65959490903.0 628.0
65961403060.0 571.0
66006481613.0 328.0
66032591070.0 397.0
66145699540.0 585.0
66364846932.0 640.0
66466982469.0 320.0
66656037682.0 556.0
66661960705.0 620.0
66722118887.0 616.0
66868716919.0 518.0
67139690558.0 484.0
67168903052.0 332.0
67178955364.0 635.0
67261112758.0 678.0
67353507593.0 585.0
67642007564.0 418.0
67664740553.0 551.0
67824724212.0 615.0
68037319751.0 410.0
68140623261.0 599.0
68222564898.0 552.0
68323325222.0 412.0
68337718948.0 579.0
68424664980.0 598.0
68428274168.0 640.0
68872105730.0 541.0
69126374931.0 351.0
69140384074.0 573.0
69154856501.0 457.0
69243606395.0 380.0
69453598430.0 651.0
69458143021.0 628.0
69603368767.0 547.0
69606453620.0 504.0
69662724994.0 370.0
69845454846.0 273.0
69863347245.0 349.0
70027861936.0 261.0
70197057153.0 598.0
70522877821.0 608.0
70720453955.0 642.0
70870542641.0 600.0
70945836694.0 620.0
71218014214.0 378.0
71220733643.0 445.0
71289735990.0 552.0
71405565457.0 581.0
71420767355.0 638.0
71428473984.0 566.0
71479111045.0 479.0
71488859930.0 372.0
71731873161.0 407.0
71841236697.0 481.0
71850461337.0 616.0
71856318272.0 484.0
71955782925.0 588.0
72000637828.0 360.0
72096434584.0 559.0
72145583199.0 267.0
72216283629.0 550.0
72296617005.0 590.0
72488126528.0 598.0
72593833963.0 485.0
72766200852.0 597.0
72792878551.0 319.0
72849308721.0 298.0
73009148154.0 477.0
73016218743.0 525.0
73058662266.0 392.0
73099748358.0 524.0
73289715170.0 566.0
73627482145.0 542.0
73646243266.0 234.0
73704913064.0 570.0
73751549427.0 376.0
73783246136.0 555.0
73794816214.0 330.0
73927444093.0 584.0
74096962008.0 149.0
74135985651.0 371.0
74151061034.0 387.0
74354812297.0 638.0
74682657146.0 493.0
74851044261.0 540.0
75038870215.0 292.0
75112166314.0 550.0
75131579523.0 594.0
75256184337.0 247.0
75407611900.0 564.0
75606675436.0 648.0
75789547516.0 577.0
75808296394.0 538.0
76301341931.0 574.0
76428513826.0 495.0
76557327674.0 458.0
76657982509.0 190.0
76791878164.0 606.0
76860690789.0 499.0
76990819994.0 645.0
77071948627.0 647.0
77093748908.0 428.0
77095200203.0 390.0
77101890556.0 355.0
77340267158.0 430.0
77613831429.0 561.0
77842480860.0 286.0
77855814422.0 502.0
77933731198.0 464.0
77961131132.0 65.0
78102264435.0 649.0
78243745811.0 466.0
78519418059.0 509.0
78616534620.0 548.0
78667677711.0 512.0
78670968639.0 45.0
78774303551.0 536.0
78843232530.0 525.0
79330124620.0 570.0
79519968379.0 585.0
79528120904.0 634.0
79630095327.0 511.0
79781515033.0 519.0
79789046003.0 540.0
79792330844.0 589.0
79826594955.0 473.0
79865011597.0 563.0
79922003852.0 547.0
79942045746.0 161.0
79974804012.0 535.0
80101879935.0 615.0
80157366331.0 518.0
80539797346.0 567.0
80873528462.0 260.0
80890213253.0 453.0
80995257390.0 691.0
81410104270.0 580.0
81501984415.0 437.0
81610743389.0 630.0
81617148452.0 600.0
81876214091.0 641.0
82156611723.0 594.0
82501185301.0 400.0
82687295843.0 554.0
82788460940.0 525.0
82988777067.0 557.0
83070095372.0 592.0
83237119227.0 468.0
83263010555.0 682.0
83420660634.0 622.0
83430690196.0 557.0
83467957816.0 401.0
83605012462.0 551.0
83658002288.0 564.0
83685736071.0 446.0
83995432434.0 566.0
84164972752.0 599.0
84182700915.0 620.0
84310406373.0 471.0
84525101782.0 535.0
84633487568.0 499.0
84846837859.0 422.0
85001618378.0 598.0
85101592356.0 417.0
85143775788.0 493.0
85193403548.0 428.0
85265538340.0 648.0
85270319783.0 512.0
85306470092.0 491.0
85378655502.0 530.0
85550091326.0 363.0
85576618852.0 501.0
86075656324.0 603.0
86174245716.0 554.0
86185868719.0 547.0
86200613395.0 458.0
86205163741.0 496.0
86293735448.0 543.0
86328118326.0 367.0
86340737424.0 411.0
86365562200.0 566.0
86392035330.0 629.0
86517423913.0 544.0
86712600430.0 435.0
87031093941.0 548.0
87108685999.0 679.0
87308095765.0 314.0
87601875011.0 437.0
87616771219.0 560.0
87623770493.0 362.0
87728849459.0 471.0
88232217549.0 559.0
88267932021.0 620.0
88368679445.0 372.0
88459502720.0 588.0
88600238979.0 613.0
88803999636.0 589.0
88931794066.0 404.0
88998437019.0 573.0
89025684683.0 467.0
89036608880.0 446.0
89046956303.0 439.0
89161867449.0 213.0
89216888390.0 557.0
89259778429.0 532.0
89363784920.0 399.0
89992234134.0 464.0
90250823646.0 596.0
90334027269.0 568.0
90487935139.0 484.0
90601001461.0 550.0
90820551951.0 361.0
90985245385.0 564.0
91007159791.0 534.0
91019222403.0 295.0
91039362580.0 114.0
91076110897.0 79.0
91280180828.0 526.0
91347658842.0 601.0
91425095298.0 402.0
91739414316.0 570.0
91826781672.0 463.0
91875684757.0 625.0
91916559402.0 405.0
92048170414.0 510.0
92058853674.0 597.0
92066004333.0 552.0
92070334345.0 568.0
92105178824.0 396.0
92122374411.0 581.0
92154551966.0 449.0
92236176164.0 620.0
92302537523.0 569.0
92303653783.0 605.0
92339828682.0 569.0
92366797281.0 291.0
92392315848.0 404.0
92653125905.0 510.0
92768925813.0 498.0
92807400565.0 516.0
92915320776.0 438.0
92940280658.0 684.0
93067222293.0 526.0
93154624414.0 553.0
93300583785.0 576.0
93324052563.0 601.0
93477241926.0 529.0
93671203623.0 662.0
93772764122.0 599.0
93964930537.0 425.0
94220812528.0 589.0
94348848890.0 589.0
94552496489.0 557.0
94653503966.0 477.0
94784632099.0 504.0
94881528409.0 541.0
94950449532.0 619.0
94985689575.0 397.0
95015916961.0 456.0
95067975946.0 208.0
95301209955.0 538.0
95473899514.0 456.0
95554362564.0 347.0
95585332711.0 397.0
95684568655.0 293.0
95827374840.0 250.0
96033169684.0 451.0
96138892389.0 343.0
96141257620.0 503.0
96198537651.0 544.0
96201554489.0 578.0
96261618106.0 586.0
96415226780.0 581.0
96426496013.0 616.0
96446791586.0 596.0
96460683353.0 600.0
96564767370.0 630.0
96683958635.0 537.0
97160293326.0 605.0
97182681973.0 450.0
97210250966.0 560.0
97261290939.0 545.0
97279594621.0 536.0
97367509435.0 608.0
97899262720.0 578.0
97917696474.0 307.0
97951500314.0 499.0
98000088349.0 338.0
98323691314.0 583.0
98412650186.0 535.0
98768094391.0 224.0
98853103391.0 549.0
99178849177.0 678.0
99228375632.0 597.0
99305208530.0 596.0
99428729059.0 365.0
99442147123.0 522.0
99457335625.0 617.0
99716681554.0 575.0
99727741554.0 618.0
99753382302.0 580.0
99860791229.0 522.0
100017706671.0 612.0
100384024580.0 652.0
100395772195.0 631.0
100562050255.0 544.0
100604645069.0 622.0
100613208835.0 490.0
100836576616.0 462.0
100998301802.0 634.0
101014550349.0 577.0
101227104415.0 593.0
101344304649.0 575.0
101664091751.0 375.0
102015562048.0 410.0
102089152382.0 220.0
102133923799.0 545.0
102138566310.0 570.0
102196031984.0 424.0
102288488324.0 518.0
102311138417.0 328.0
102909656852.0 364.0
102956078173.0 507.0
103179250289.0 469.0
103369793550.0 527.0
103523478065.0 400.0
103538488052.0 595.0
103569178870.0 642.0
103578201711.0 223.0
103767921787.0 599.0
104258685661.0 402.0
104487454284.0 576.0
104660323965.0 553.0
104743828677.0 588.0
104911913497.0 516.0
104959734676.0 441.0
105015287425.0 527.0
105080022876.0 341.0
105099537512.0 403.0
105288883923.0 506.0
105302019062.0 355.0
105427884525.0 623.0
105458014280.0 546.0
105514447452.0 619.0
105587307409.0 329.0
105674622410.0 518.0
105779855248.0 592.0
105861544817.0 402.0
105981263679.0 487.0
106215753734.0 605.0
106608991615.0 565.0
106677598449.0 504.0
106716440745.0 573.0
107091037454.0 553.0
107471281108.0 526.0
107557773617.0 525.0
107965194179.0 372.0
108266022549.0 582.0
108342621535.0 364.0
108352221015.0 563.0
108491313568.0 566.0
108849252780.0 517.0
109027568346.0 260.0
109281297782.0 596.0
109369407638.0 572.0
109374658503.0 485.0
109591301010.0 382.0
109596638722.0 411.0
109727586154.0 577.0
109768486840.0 458.0
109768941076.0 548.0
109954786535.0 561.0
109956286448.0 389.0
110103510550.0 573.0
110357365086.0 332.0
110649807343.0 574.0
110668998332.0 323.0
110755821127.0 600.0
110886910897.0 156.0
110992009736.0 562.0
111011147818.0 437.0
111027240990.0 423.0
111230805713.0 412.0
111240578570.0 143.0
111355444068.0 648.0
111481465221.0 488.0
111601170528.0 638.0
111633321153.0 305.0
111697043998.0 573.0
111748842967.0 577.0
111885484728.0 533.0
111889166194.0 464.0
111896420091.0 478.0
112055064707.0 576.0
112083647170.0 546.0
112153723740.0 448.0
112279424292.0 403.0
112294390062.0 490.0
112351226815.0 582.0
112444233227.0 109.0
112504095837.0 430.0
112567830219.0 623.0
112583342688.0 671.0
112828735073.0 689.0
112905579890.0 573.0
113293015471.0 350.0
113338664298.0 457.0
113472161596.0 354.0
113523719436.0 570.0
113551738419.0 526.0
113602334014.0 604.0
113650097189.0 479.0
114222149730.0 616.0
114257023136.0 547.0
114460840673.0 179.0
114464636903.0 493.0
114559610793.0 583.0
114597418019.0 561.0
114635307901.0 664.0
114983886169.0 546.0
115150855008.0 546.0
115250871153.0 381.0
115509883998.0 484.0
115512957608.0 549.0
115723392755.0 230.0
115784945907.0 526.0
115834397104.0 613.0
115921680336.0 578.0
116079989171.0 616.0
116099066979.0 436.0
116323908112.0 492.0
116551179042.0 578.0
116918456982.0 535.0
116938939632.0 282.0
117110012871.0 585.0
117169885290.0 400.0
117412576879.0 535.0
117477326789.0 554.0
117666999217.0 625.0
117709512109.0 399.0
117794430071.0 553.0
117876000970.0 625.0
117921511016.0 451.0
118355937793.0 634.0
118416454952.0 523.0
118537807098.0 506.0
118563926995.0 413.0
118589012106.0 281.0
118677370251.0 538.0
119170474148.0 370.0
119313241213.0 565.0
119668638685.0 368.0
119699159267.0 441.0
119765107071.0 502.0
119937917840.0 393.0
119966519693.0 601.0
120088679118.0 549.0
120250090926.0 498.0
120589117610.0 568.0
120627769963.0 609.0
120653041710.0 561.0
120715724079.0 597.0
120736496413.0 534.0
120791121431.0 538.0
120927083732.0 589.0
120945327063.0 526.0
120993228621.0 307.0
121039267290.0 590.0
121182703527.0 625.0
121389171585.0 582.0
121453519617.0 632.0
121485127237.0 504.0
121528645694.0 547.0
121859530478.0 573.0
121901954524.0 559.0
122071322101.0 458.0
122193616347.0 537.0
122221181431.0 407.0
122330076097.0 540.0
122495609019.0 516.0
122532541817.0 587.0
122608129396.0 476.0
122719235359.0 278.0
123048981507.0 603.0
123501667190.0 607.0
123650823835.0 687.0
123692749981.0 368.0
123782870087.0 534.0
123790777736.0 421.0
123864190369.0 554.0
123974842408.0 481.0
124102136067.0 545.0
124111133733.0 510.0
124143379010.0 587.0
124226953117.0 498.0
124341374829.0 450.0
124707323100.0 576.0
125124873564.0 579.0
125184016207.0 544.0
125284401665.0 432.0
125313737719.0 166.0
125441290390.0 594.0
125461659316.0 496.0
125574100578.0 567.0
125597735504.0 293.0
125638707394.0 363.0
125870276707.0 465.0
125905058239.0 623.0
126098169252.0 532.0
126179407609.0 542.0
126198210833.0 435.0
126265084595.0 476.0
126441541852.0 567.0
126462015058.0 475.0
126646708227.0 609.0
126727322905.0 572.0
126760917233.0 524.0
126771623769.0 532.0
126932310318.0 603.0
126999483777.0 282.0
127303721213.0 598.0
127572053637.0 590.0
127625420072.0 516.0
127703319249.0 631.0
127812050913.0 495.0
127983327032.0 547.0
128037782262.0 493.0
128060628861.0 454.0
128090764749.0 333.0
128354297473.0 608.0
128379294212.0 600.0
128467795702.0 582.0
128567603058.0 483.0
128665268133.0 576.0
128905001974.0 332.0
128909706319.0 568.0
128946385204.0 488.0
129004414849.0 400.0
129036392021.0 373.0
129315092229.0 649.0
129496720018.0 392.0
129582593430.0 343.0
129640721738.0 596.0
129881414112.0 464.0
129978180914.0 549.0
130027498514.0 394.0
130134971482.0 462.0
130139378267.0 168.0
130148290813.0 618.0
130410564880.0 698.0
130461615351.0 550.0
130464884407.0 219.0
130594734800.0 619.0
130790465246.0 552.0
130860110673.0 460.0
131003740426.0 389.0
131347050089.0 410.0
131376981465.0 532.0
131437137076.0 453.0
131454480954.0 606.0
131540841826.0 437.0
131757682654.0 541.0
131776924495.0 611.0
131860323378.0 559.0
131877724059.0 568.0
131978278909.0 191.0
132084413840.0 407.0
132450456469.0 303.0
132458360956.0 556.0
132589544891.0 385.0
132696495282.0 234.0
132763972827.0 410.0
132787281714.0 608.0
132807128763.0 527.0
132964139990.0 501.0
133024967674.0 542.0
133361443855.0 313.0
133455450770.0 376.0
133571502745.0 513.0
133580996534.0 622.0
133777430199.0 561.0
133936327642.0 580.0
134101399604.0 383.0
134102235329.0 554.0
134105868517.0 351.0
134125306535.0 583.0
134159628126.0 598.0
134229060915.0 638.0
134331761095.0 551.0
134482172448.0 524.0
134508697628.0 464.0
134648893574.0 623.0
134700057153.0 498.0
134902296077.0 595.0
134981523343.0 436.0
135232283298.0 598.0
135264104787.0 466.0
135363488276.0 509.0
135392943200.0 581.0
135438186332.0 580.0
135482756100.0 615.0
135486460330.0 395.0
135541718442.0 598.0
135581325482.0 359.0
135622942097.0 481.0
135970424843.0 399.0
135975239268.0 524.0
136003274620.0 558.0
136126225026.0 599.0
136260413124.0 532.0
136378655332.0 630.0
136427173217.0 601.0
136439411615.0 242.0
136574595322.0 386.0
136658977562.0 555.0
136710163185.0 600.0
136728277557.0 410.0
136801240195.0 559.0
137100905287.0 350.0
137151191180.0 566.0
137329053176.0 609.0
137348912611.0 480.0
137393161840.0 577.0
137494274372.0 574.0
137498043828.0 630.0
137510659155.0 472.0
137527461932.0 606.0
137529129363.0 420.0
137870702319.0 451.0
137934898088.0 523.0
138033513366.0 577.0
138281671444.0 420.0
138304466775.0 571.0
138461966342.0 465.0
138920230539.0 169.0
138941905368.0 303.0
138960991485.0 609.0
139044638251.0 522.0
139320229682.0 367.0
139609772929.0 538.0
139661542718.0 545.0
139689685817.0 590.0
139807769542.0 546.0
139923121807.0 383.0
139946276923.0 489.0
140343873092.0 590.0
140412025496.0 287.0
140541957948.0 501.0
140587939680.0 296.0
141123187649.0 526.0
141188852378.0 547.0
141540841279.0 668.0
141564910765.0 577.0
141651119942.0 355.0
141769497775.0 594.0
141837029937.0 445.0
141890327092.0 647.0
141995302924.0 330.0
142004732069.0 547.0
142077969232.0 622.0
142181471503.0 372.0
142345000943.0 571.0
142405668864.0 345.0
142984131980.0 579.0
143052784778.0 566.0
143077320497.0 600.0
143113652611.0 539.0
143170641105.0 487.0
143438307617.0 581.0
143659704729.0 506.0
143757376965.0 574.0
144031348609.0 512.0
144109255831.0 432.0
144147660662.0 558.0
144317942432.0 565.0
144358172607.0 478.0
144410623239.0 553.0
144462621835.0 443.0
144534906940.0 458.0
144571815683.0 567.0
144640324304.0 566.0
144971586966.0 577.0
145092954150.0 604.0
145101674933.0 468.0
145176269166.0 611.0
145268325148.0 535.0
145274915159.0 443.0
145331078889.0 533.0
145505747138.0 592.0
145553633293.0 599.0
145818196397.0 592.0
145891152072.0 51.0
145940013931.0 644.0
146012523377.0 642.0
146034418770.0 572.0
146039766984.0 411.0
146191349730.0 513.0
146242706539.0 519.0
146254570309.0 543.0
146274773336.0 353.0
146378262860.0 353.0
146388331811.0 535.0
146641803037.0 549.0
146654854243.0 351.0
146978632021.0 535.0
147017936409.0 451.0
147105767688.0 483.0
147181538548.0 579.0
147269874332.0 618.0
147309237652.0 574.0
147386652898.0 514.0
147501168473.0 324.0
147637217784.0 83.0
147836789891.0 623.0
147858390306.0 580.0
147873147288.0 629.0
147888637000.0 565.0
147904469014.0 390.0
147927944754.0 581.0
147934253696.0 562.0
147947016494.0 602.0
148010697291.0 518.0
148110901858.0 489.0
148161774338.0 372.0
148306836478.0 615.0
148495013302.0 615.0
148518602426.0 595.0
148622138420.0 623.0
148699600344.0 373.0
148700919735.0 611.0
148763223757.0 554.0
148800624154.0 589.0
149057197956.0 631.0
149085096986.0 572.0
149117018928.0 544.0
149154343999.0 466.0
149177420545.0 540.0
149221080726.0 497.0
149292600117.0 663.0
149379909614.0 614.0
149459994789.0 585.0
149582136740.0 455.0
149741556580.0 535.0
149803563410.0 536.0
149929298523.0 112.0
149959788098.0 570.0
150058392427.0 294.0
150084645830.0 511.0
150308125457.0 619.0
150452155599.0 583.0
150818917852.0 591.0
151022315093.0 585.0
151044505874.0 458.0
151101706169.0 343.0
151515899127.0 377.0
151592260327.0 587.0
151661868518.0 602.0
151751278439.0 469.0
152358646458.0 560.0
152404594458.0 575.0
152447115397.0 571.0
152582086198.0 586.0
152652471007.0 352.0
152672580400.0 543.0
152705454026.0 605.0
152843060378.0 544.0
152877551032.0 232.0
153010430452.0 609.0
153094665228.0 649.0
153207754402.0 378.0
153608460525.0 533.0
153653867089.0 593.0
153681729854.0 585.0
153792375753.0 658.0
153900702025.0 590.0
153904519915.0 340.0
154199818304.0 602.0
154239559218.0 436.0
154516417449.0 539.0
154820784945.0 368.0
154822249615.0 370.0
154978059589.0 531.0
154986078484.0 535.0
155038178984.0 439.0
155531195012.0 382.0
155757495517.0 572.0
155879217331.0 429.0
155897988796.0 148.0
156006514615.0 425.0
156016496007.0 537.0
156160083204.0 405.0
156194117725.0 622.0
156259323345.0 325.0
156357067370.0 546.0
156399631965.0 583.0
156403788351.0 504.0
156592977373.0 401.0
156630818712.0 372.0
156694286325.0 571.0
156776324498.0 546.0
156881147535.0 435.0
156918585934.0 601.0
156918849657.0 591.0
157011899150.0 443.0
157029563077.0 326.0
157384777678.0 367.0
157483397621.0 657.0
157625966544.0 622.0
157929884972.0 560.0
158012990162.0 111.0
158062302994.0 319.0
158297098372.0 563.0
158577618601.0 573.0
158599563128.0 606.0
158685086607.0 472.0
158695976949.0 559.0
158900311552.0 507.0
158949070727.0 604.0
158971490776.0 603.0
158988841709.0 303.0
159233311351.0 389.0
159338090634.0 310.0
159366787279.0 375.0
159586347903.0 581.0
159720756190.0 537.0
159731131764.0 555.0
159821353767.0 566.0
159962639950.0 627.0
160052342910.0 419.0
160101423927.0 615.0
160107952145.0 635.0
160198601494.0 574.0
160251538974.0 567.0
160258360437.0 523.0
160281106037.0 571.0
160349041557.0 608.0
160360539925.0 599.0
160461609224.0 591.0
160473033278.0 347.0
160507685541.0 615.0
160547306202.0 542.0
160589516621.0 564.0
160622099642.0 477.0
160636341795.0 334.0
160641637700.0 626.0
160782042677.0 553.0
161020129474.0 324.0
161059486354.0 493.0
161090588275.0 609.0
161255313560.0 391.0
161387214129.0 498.0
161404119548.0 604.0
161437660217.0 569.0
161468835426.0 544.0
161621174402.0 443.0
161827184953.0 644.0
161952254910.0 549.0
162428259176.0 600.0
162451045560.0 661.0
162506343758.0 562.0
162554856724.0 488.0
162569899387.0 418.0
162646969793.0 567.0
162710887663.0 449.0
162908910810.0 581.0
162909401179.0 544.0
162935189548.0 681.0
162976526300.0 601.0
162989331214.0 581.0
163076998062.0 484.0
163077606579.0 419.0
163106095016.0 555.0
163243496366.0 571.0
163276168470.0 613.0
163555654430.0 562.0
163609186936.0 302.0
163728122557.0 526.0
163746873176.0 606.0
163876090634.0 584.0
163920504443.0 577.0
164165576878.0 579.0
164319023067.0 314.0
164518351344.0 535.0
164567977427.0 606.0
164674304244.0 564.0
164756622378.0 604.0
164821673199.0 381.0
164826055811.0 405.0
164917840710.0 577.0
164934733906.0 474.0
165372556253.0 581.0
165694967928.0 281.0
165763821202.0 594.0
165765997543.0 589.0
165861126094.0 463.0
165920246327.0 536.0
166094069903.0 564.0
166228343759.0 543.0
166293950849.0 561.0
166580341461.0 450.0
166603590722.0 524.0
166628580293.0 557.0
166803766660.0 439.0
166864458241.0 618.0
166878674320.0 373.0
166878988569.0 637.0
166900760704.0 413.0
167000179656.0 368.0
167020860143.0 435.0
167028343921.0 45.0
167258105455.0 602.0
167285327315.0 613.0
167351623593.0 616.0
167426945922.0 582.0
167559387879.0 593.0
167613438914.0 471.0
167729593304.0 534.0
167738393853.0 506.0
167857267851.0 363.0
167944155996.0 315.0
167954502957.0 344.0
168039460552.0 636.0
168070537225.0 448.0
168091996882.0 507.0
168276269404.0 632.0
168332659390.0 432.0
168507904109.0 587.0
168578609685.0 623.0
168871535640.0 528.0
169047536813.0 584.0
169189904856.0 339.0
169242810478.0 508.0
169263366089.0 394.0
169357173966.0 598.0
169533902555.0 535.0
169554690615.0 365.0
169606815831.0 528.0
169659257835.0 381.0
169944550984.0 560.0
170221301718.0 568.0
170313138456.0 254.0
170820703195.0 368.0
170933659518.0 463.0
171163150260.0 584.0
171213474564.0 590.0
171352613766.0 458.0
171395268835.0 588.0
171535415390.0 483.0
171538719909.0 586.0
171671698997.0 525.0
171750806884.0 602.0
172213275399.0 453.0
172284741476.0 341.0
172454744612.0 640.0
172778985922.0 539.0
172785474930.0 561.0
172900774897.0 366.0
172901531159.0 644.0
172954317638.0 426.0
173259156071.0 463.0
173322944092.0 399.0
173345445122.0 470.0
173383005423.0 577.0
173405148932.0 553.0
173579334053.0 545.0
173608530227.0 494.0
173861421249.0 385.0
173876289055.0 163.0
174147079175.0 536.0
174147454411.0 574.0
174331912442.0 510.0
174418292815.0 527.0
174664087880.0 311.0
174869730575.0 242.0
174963920380.0 323.0
175094057596.0 542.0
175208433747.0 329.0
175239204424.0 557.0
175299626769.0 494.0
175680029190.0 318.0
175784155481.0 374.0
175868161704.0 457.0
176127718019.0 562.0
176247269677.0 567.0
176359109414.0 588.0
176433540132.0 229.0
176798168574.0 583.0
176883492570.0 629.0
176990982018.0 582.0
177288566573.0 400.0
177335216444.0 571.0
177362678305.0 497.0
177398361823.0 457.0
177420385160.0 384.0
177453894822.0 560.0
177851692916.0 221.0
177955066372.0 108.0
177978642772.0 614.0
178186847360.0 553.0
178190499256.0 178.0
178307042894.0 618.0
178323830776.0 268.0
178359961224.0 563.0
178396344846.0 557.0
178444208726.0 557.0
178480909069.0 604.0
178558860563.0 359.0
178587960158.0 598.0
178694594712.0 689.0
178908286447.0 547.0
179444077741.0 519.0
179536702690.0 535.0
179684480348.0 549.0
179690133881.0 429.0
179764256299.0 510.0
179845385512.0 596.0
179957229590.0 629.0
179986403535.0 494.0
180133240887.0 528.0
180183404915.0 617.0
180386267722.0 438.0
180464928985.0 429.0
180485139646.0 338.0
180794890649.0 554.0
180883275513.0 588.0
181094629600.0 543.0
181162014714.0 637.0
181167548779.0 609.0
181191344805.0 281.0
181193799071.0 402.0
181329811395.0 643.0
181820664903.0 330.0
181824361106.0 568.0
181840395058.0 621.0
182076590360.0 391.0
182564491187.0 530.0
182857247348.0 433.0
183116790754.0 521.0
183220794252.0 679.0
183246949411.0 465.0
183292728354.0 622.0
183588327510.0 360.0
183611785373.0 637.0
183739207782.0 562.0
183746596250.0 593.0
184289623291.0 526.0
184341069231.0 583.0
184577247131.0 509.0
184945397797.0 356.0
185305927624.0 499.0
185532915231.0 527.0
185719216193.0 453.0
185915190409.0 412.0
185956506697.0 421.0
186027157496.0 621.0
186051000331.0 589.0
186276269415.0 330.0
186297402696.0 494.0
186369155695.0 628.0
186420054225.0 572.0
186559302808.0 519.0
186634507661.0 491.0
186852812490.0 564.0
186884084685.0 653.0
187048403349.0 545.0
187055021050.0 498.0
187138800354.0 395.0
187204993856.0 588.0
187317303173.0 633.0
187414068968.0 247.0
187590214747.0 526.0
187770152474.0 531.0
187861289806.0 641.0
188143682421.0 539.0
188230519824.0 105.0
188244089291.0 411.0
188263458468.0 437.0
188384847838.0 514.0
188527253367.0 638.0
188560512762.0 436.0
188615660564.0 371.0
188672647962.0 389.0
188711603215.0 524.0
188855971666.0 454.0
188882979617.0 462.0
189057423605.0 618.0
189128598582.0 621.0
189158059458.0 627.0
189333638412.0 658.0
189531641760.0 552.0
189597632235.0 585.0
189708270043.0 568.0
189714400029.0 585.0
189842869727.0 335.0
189843070189.0 603.0
189914576584.0 549.0
189962322130.0 653.0
190234759143.0 385.0
190256594396.0 611.0
190268601604.0 466.0
190524505404.0 605.0
190592002503.0 553.0
190715286207.0 601.0
190730828317.0 475.0
190841046932.0 579.0
191113618111.0 475.0
191505162127.0 498.0
191635921841.0 579.0
191700354639.0 602.0
191700738878.0 585.0
191780205184.0 475.0
191884047802.0 416.0
191938503245.0 315.0
191974304233.0 584.0
192069740341.0 572.0
192226054262.0 572.0
192301183280.0 440.0
192328031872.0 515.0
192437507594.0 582.0
192456093868.0 527.0
192965594885.0 566.0
193021299524.0 267.0
193145543058.0 441.0
193172602346.0 424.0
193186950076.0 618.0
193238709100.0 558.0
193540472626.0 571.0
193567602535.0 612.0
193634742258.0 564.0
193640153420.0 587.0
193764769740.0 312.0
193825080119.0 137.0
193884895391.0 327.0
194089716927.0 583.0
194183443767.0 576.0
194514209298.0 581.0
194581702264.0 248.0
194625235099.0 525.0
194771178778.0 519.0
194892950849.0 566.0
194951470377.0 586.0
194995221304.0 411.0
195270370288.0 526.0
195491641986.0 570.0
195543501494.0 574.0
195556976439.0 570.0
195621526214.0 552.0
195633977546.0 536.0
195707086535.0 367.0
195801486576.0 569.0
195824339819.0 692.0
195835125908.0 609.0
195850307047.0 492.0
195898191846.0 608.0
195970494398.0 526.0
196077644290.0 587.0
196099535969.0 586.0
196196733812.0 614.0
196490609105.0 144.0
196587510759.0 390.0
196654738640.0 500.0
196701989500.0 392.0
196834455327.0 504.0
196879749054.0 538.0
197088172204.0 632.0
197207105345.0 315.0
197238011774.0 561.0
197285080606.0 637.0
197352388188.0 539.0
197370830279.0 562.0
197518991622.0 623.0
197616983726.0 363.0
197625495128.0 548.0
198002865123.0 536.0
198056072469.0 378.0
198208826718.0 496.0
198248453665.0 142.0
198365810555.0 603.0
198384701779.0 588.0
198556833910.0 559.0
198604815878.0 148.0
198700643988.0 370.0
198741011126.0 292.0
198761978726.0 323.0
198779782152.0 298.0
198809614371.0 557.0
198839458385.0 595.0
199355454930.0 538.0
199531482824.0 383.0
199712617954.0 600.0
199720228440.0 657.0
199933114192.0 437.0
200107891870.0 521.0
200153085095.0 427.0
200379052026.0 501.0
200410561706.0 585.0
200542381373.0 582.0
200883730194.0 346.0
200926236529.0 452.0
200933607400.0 444.0
201054162540.0 369.0
201179797867.0 602.0
201210687386.0 685.0
201348688712.0 385.0
201433038288.0 373.0
201449900022.0 629.0
201469711197.0 374.0
201479867470.0 632.0
201516753078.0 528.0
201577302192.0 624.0
201602808950.0 321.0
201653091941.0 538.0
201676849837.0 590.0
201712954517.0 599.0
201742850253.0 574.0
201815294002.0 359.0
202027961654.0 143.0
202235107712.0 525.0
202531289133.0 522.0
202535830647.0 366.0
202754964017.0 524.0
202961898847.0 299.0
203054371892.0 619.0
203076368905.0 556.0
203189443996.0 418.0
203571350728.0 456.0
203620228891.0 564.0
203896629916.0 408.0
203934072771.0 562.0
204013204392.0 559.0
204078319719.0 480.0
204204363117.0 546.0
204391743679.0 513.0
204401087172.0 499.0
204424456128.0 569.0
204430111296.0 501.0
204457918025.0 563.0
204472076817.0 554.0
204514775910.0 555.0
204553814026.0 249.0
204661424643.0 466.0
204729202007.0 541.0
204841896415.0 627.0
205088532242.0 546.0
205175075959.0 390.0
205210725937.0 488.0
205275996155.0 508.0
205292968144.0 677.0
205491968590.0 569.0
205568019897.0 667.0
205575129515.0 606.0
205593358739.0 433.0
205623292652.0 643.0
205660240148.0 696.0
205742126701.0 551.0
205765971580.0 135.0
205806067011.0 558.0
205812338608.0 400.0
205995321718.0 541.0
206040700927.0 284.0
206180298699.0 584.0
206325377266.0 575.0
206367319202.0 258.0
206541537205.0 544.0
206567645089.0 372.0
206625163321.0 392.0
207002053488.0 359.0
207156177853.0 580.0
207192280685.0 337.0
207348484688.0 233.0
207354552420.0 573.0
207387680772.0 392.0
207487091099.0 430.0
207488829676.0 313.0
207651943456.0 531.0
207797061546.0 581.0
207828838290.0 624.0
207908462670.0 617.0
208111822785.0 562.0
208154475549.0 554.0
208295714169.0 609.0
208327566884.0 562.0
208497340178.0 610.0
208545346946.0 414.0
208609594907.0 568.0
208660412274.0 513.0
208946336606.0 534.0
209294991732.0 240.0
209427495014.0 232.0
209717444146.0 434.0
209983787013.0 418.0
210002401751.0 560.0
210131913823.0 537.0
210134719393.0 568.0
210405364833.0 471.0
210406610329.0 395.0
210666134044.0 604.0
210668612624.0 615.0
210675515924.0 608.0
211020334128.0 529.0
211113099007.0 572.0
211125316022.0 568.0
211283253106.0 551.0
211330272530.0 599.0
211444401671.0 530.0
211648621160.0 225.0
211686057450.0 623.0
211869913617.0 540.0
211941606934.0 442.0
211995284782.0 429.0
212022662372.0 554.0
212337257409.0 597.0
212402934513.0 235.0
212534325897.0 538.0
212545333176.0 562.0
212720689983.0 517.0
212953436240.0 611.0
213022800845.0 366.0
213132212756.0 419.0
213188068368.0 445.0
213230842036.0 580.0
213321291225.0 349.0
213529674771.0 353.0
213637022518.0 646.0
213746850050.0 557.0
213787723653.0 571.0
213845358157.0 318.0
213999638744.0 586.0
214347221539.0 526.0
214389048310.0 513.0
214410207837.0 582.0
214421342777.0 601.0
214424739850.0 571.0
214527357453.0 581.0
214593897658.0 614.0
214640917271.0 522.0
214809810807.0 297.0
214959148118.0 449.0
214964912515.0 611.0
215087749027.0 276.0
215147410309.0 576.0
215198244482.0 551.0
215451755781.0 463.0
215453337437.0 585.0
215591020236.0 568.0
215689794991.0 596.0
215900943258.0 574.0
215903148275.0 548.0
216018937139.0 459.0
216059247171.0 599.0
216401732387.0 474.0
216501007287.0 606.0
216579173631.0 660.0
216601854064.0 530.0
216653454644.0 658.0
216703641543.0 562.0
216897455273.0 401.0
216947460543.0 531.0
217190589764.0 419.0
217254180568.0 399.0
217645807006.0 621.0
217682860178.0 487.0
217754444225.0 653.0
217926931054.0 503.0
218129725447.0 561.0
218149112492.0 450.0
218190727664.0 589.0
218271095088.0 328.0
218287248129.0 536.0
218428789089.0 570.0
218459878588.0 574.0
218584882743.0 580.0
218657040870.0 582.0
218675998397.0 388.0
218700381753.0 574.0
218787006587.0 532.0
218836257707.0 663.0
218842030010.0 637.0
218888508390.0 586.0
219053711309.0 619.0
219065197073.0 578.0
219157970624.0 580.0
219163014283.0 471.0
219225192349.0 486.0
219276556598.0 551.0
219462748067.0 552.0
219542371295.0 199.0
219619083059.0 402.0
219707630551.0 167.0
219747368958.0 554.0
219885647789.0 614.0
219903556516.0 582.0
219912223332.0 525.0
220081210507.0 612.0
220387491750.0 452.0
220885214795.0 600.0
220893958261.0 622.0
221078693510.0 579.0
221245020147.0 480.0
221309111283.0 398.0
221436405926.0 562.0
221451875757.0 546.0
221722084160.0 627.0
221777308126.0 577.0
221863733308.0 588.0
221942690304.0 436.0
222049896077.0 185.0
222052616793.0 546.0
222095636026.0 435.0
222152740156.0 596.0
222186628106.0 629.0
222278210035.0 393.0
222452048922.0 356.0
222476602919.0 629.0
222567222801.0 592.0
222609553105.0 375.0
222700677756.0 626.0
222704199116.0 500.0
222771104989.0 684.0
222818772312.0 489.0
222832376708.0 403.0
222844824311.0 455.0
222926905977.0 586.0
223121980270.0 659.0
223349235538.0 460.0
223386963651.0 564.0
223448639463.0 593.0
223464076023.0 679.0
223538406999.0 399.0
223741904321.0 586.0
223907219024.0 380.0
224012815629.0 611.0
224070120001.0 329.0
224328555651.0 591.0
224338799299.0 467.0
224366543551.0 559.0
224369807498.0 607.0
224374343113.0 105.0
224411203018.0 594.0
224484764502.0 563.0
224487932935.0 423.0
224796194862.0 593.0
224829233090.0 577.0
224863176300.0 506.0
225167096247.0 371.0
225172684442.0 315.0
225207843210.0 556.0
225237707259.0 478.0
225348250904.0 321.0
225369841990.0 483.0
225377275685.0 218.0
225387870944.0 507.0
225727559436.0 483.0
225804603714.0 604.0
226066759658.0 294.0
226092327531.0 429.0
226190778514.0 622.0
226195790367.0 567.0
226203942983.0 589.0
226409815376.0 582.0
226546210156.0 578.0
226627488025.0 191.0
227221088229.0 563.0
227234712573.0 408.0
227595248243.0 365.0
227645705899.0 498.0
227651415561.0 560.0
227654600736.0 418.0
227758824872.0 573.0
227779621884.0 558.0
227882620029.0 197.0
228007550664.0 540.0
228030917166.0 533.0
228107506348.0 585.0
228380760801.0 698.0
228384834272.0 569.0
228429600610.0 442.0
228525096481.0 557.0
228526203229.0 373.0
228551793130.0 634.0
228732205721.0 432.0
228775315231.0 278.0
228897096711.0 570.0
229134403137.0 529.0
229167494831.0 351.0
229218597389.0 364.0
229286338101.0 403.0
229381070920.0 501.0
229384702025.0 446.0
229612545307.0 532.0
229731537421.0 627.0
230089898032.0 535.0
230242854640.0 581.0
230312361440.0 221.0
230370106903.0 403.0
230588287895.0 391.0
230726239432.0 615.0
230878940215.0 26.0
230932401314.0 392.0
231021896069.0 623.0
231058420139.0 547.0
231060614744.0 349.0
231250617603.0 585.0
231286189507.0 626.0
231389778037.0 563.0
231525931069.0 424.0
231529809371.0 568.0
231584640326.0 596.0
231599264789.0 517.0
231671105782.0 552.0
231761491450.0 575.0
231959593648.0 506.0
232047328166.0 382.0
232103157410.0 618.0
232289303592.0 546.0
232401692888.0 563.0
232432492977.0 432.0
232831703881.0 603.0
232856968500.0 544.0
232989843205.0 610.0
233265669526.0 478.0
233320547363.0 543.0
233336457723.0 561.0
233450766551.0 596.0
233502969865.0 360.0
233516659872.0 326.0
233591022658.0 421.0
233692514691.0 555.0
233767732788.0 378.0
233828410737.0 288.0
233912408858.0 447.0
233985209076.0 489.0
234183157623.0 539.0
234776066836.0 535.0
234834527387.0 606.0
234886996809.0 519.0
234934085696.0 408.0
235394403047.0 600.0
235497192996.0 564.0
235505037887.0 605.0
235521754261.0 421.0
235551218726.0 436.0
235709809208.0 582.0
235755575647.0 363.0
235975603385.0 127.0
236133700114.0 570.0
236207975908.0 544.0
236656980767.0 507.0
236657301757.0 643.0
236951832581.0 619.0
237378589129.0 546.0
237629061578.0 588.0
237678425327.0 436.0
237775404476.0 484.0
237778624045.0 517.0
238044199727.0 464.0
238121247703.0 553.0
238187983711.0 588.0
238273110787.0 334.0
238359493679.0 622.0
238518464699.0 595.0
238697488667.0 383.0
238861427992.0 541.0
238971292734.0 526.0
239059815017.0 384.0
239098038879.0 615.0
239369325881.0 559.0
239405223534.0 530.0
239432155018.0 565.0
239529516579.0 556.0
239627447848.0 367.0
239675201030.0 508.0
239773517898.0 542.0
239951984274.0 497.0
239968269801.0 491.0
240151034315.0 612.0
240164987740.0 629.0
240177602895.0 392.0
240296256225.0 610.0
240417092354.0 545.0
240457619457.0 554.0
240731785573.0 259.0
240756452068.0 563.0
240787712141.0 384.0
240846176110.0 604.0
240853053125.0 578.0
240866194717.0 380.0
240899140243.0 623.0
240900343435.0 334.0
240912581886.0 582.0
241112366243.0 592.0
241176834168.0 580.0
241217170477.0 432.0
241260155745.0 563.0
241291798359.0 560.0
241490280831.0 593.0
241638402621.0 563.0
241765072493.0 590.0
241771944099.0 436.0
242023749179.0 549.0
242059943406.0 497.0
242127694640.0 585.0
242265137802.0 557.0
242615416158.0 558.0
242620068786.0 584.0
242709731079.0 395.0
242851714282.0 632.0
242915832830.0 637.0
243361183424.0 356.0
243431827414.0 518.0
243457857779.0 620.0
243627080676.0 428.0
243701253427.0 358.0
243734956504.0 433.0
243836006079.0 519.0
243903592949.0 587.0
243910522926.0 606.0
243963968502.0 591.0
244013796985.0 575.0
244082919900.0 450.0
244192976996.0 131.0
244197745816.0 538.0
244214414832.0 566.0
244292571279.0 374.0
244431227312.0 604.0
244886778031.0 616.0
244972838165.0 240.0
245100053114.0 585.0
245114403767.0 609.0
245155255398.0 470.0
245220923266.0 609.0
245321483714.0 686.0
245430293597.0 471.0
245476431857.0 499.0
245671858434.0 624.0
245759037236.0 620.0
245841318793.0 436.0
245886600436.0 549.0
246055604344.0 210.0
246096235643.0 574.0
246109570732.0 387.0
246456888423.0 282.0
246474387012.0 545.0
246511430912.0 347.0
246512178638.0 602.0
246569021596.0 464.0
246629593665.0 475.0
246773945057.0 358.0
247022032965.0 513.0
247048167125.0 304.0
247061584335.0 492.0
247090354459.0 414.0
247210255335.0 625.0
247399710250.0 598.0
247462560415.0 416.0
247484978726.0 388.0
247979514370.0 490.0
248005668786.0 544.0
248174524558.0 508.0
248238604913.0 540.0
248363285727.0 347.0
248489138683.0 561.0
248495012634.0 456.0
248541234731.0 514.0
248573999735.0 548.0
248642190189.0 89.0
248919040716.0 642.0
248932109056.0 670.0
248939700365.0 544.0
248964375678.0 563.0
249097650524.0 167.0
249233779443.0 596.0
249397024047.0 392.0
249424251725.0 519.0
249483696879.0 564.0
249552208945.0 538.0
249557684891.0 360.0
249858011982.0 586.0
249912453335.0 516.0
249921021417.0 609.0
249982209374.0 381.0
250014169912.0 597.0
250093327354.0 623.0
250327427601.0 638.0
250588677840.0 601.0
250605653952.0 241.0
251062517250.0 558.0
251098286069.0 186.0
251266542325.0 590.0
251278828879.0 626.0
251453851619.0 376.0
251543970549.0 544.0
251703383834.0 625.0
251719268312.0 384.0
251721752427.0 502.0
251752576600.0 529.0
251764652424.0 474.0
251862622628.0 570.0
251973167208.0 366.0
252003372083.0 562.0
252153459868.0 416.0
252255924217.0 383.0
252390045802.0 439.0
252434521587.0 501.0
252526890297.0 586.0
252583312565.0 374.0
252616471220.0 568.0
252685066526.0 605.0
252731040149.0 562.0
252748852720.0 567.0
252818796271.0 440.0
252999588456.0 510.0
253012859069.0 549.0
253074775742.0 544.0
253179358498.0 568.0
253294370998.0 639.0
253299620751.0 585.0
253523196247.0 358.0
253608312291.0 524.0
253695046243.0 480.0
253725723529.0 276.0
253739160725.0 545.0
253809949836.0 362.0
253939726226.0 44.0
253946812953.0 338.0
253973569651.0 569.0
254135283924.0 369.0
254274320146.0 526.0
254604983922.0 556.0
254786268682.0 575.0
254793994040.0 614.0
254918798079.0 544.0
254947987199.0 619.0
255149257627.0 569.0
255193411445.0 205.0
255219622734.0 562.0
255265723032.0 539.0
255449308628.0 565.0
255452286153.0 541.0
255506427621.0 425.0
255578479318.0 575.0
255728337114.0 316.0
255733375267.0 162.0
255851903690.0 502.0
255993205522.0 410.0
256010730691.0 535.0
256020013036.0 611.0
256094821507.0 416.0
256159205664.0 402.0
256300199007.0 549.0
256314535054.0 596.0
256320775151.0 468.0
256533038598.0 544.0
256544307285.0 525.0
256619997960.0 470.0
256788760470.0 579.0
257077164405.0 585.0
257167826593.0 588.0
257488307465.0 470.0
257575403061.0 563.0
257706272867.0 567.0
257788911401.0 619.0
257930084235.0 416.0
257997872426.0 555.0
258093645414.0 629.0
258105256188.0 506.0
258157480051.0 324.0
258507089396.0 482.0
258682223543.0 533.0
258833369678.0 630.0
258895317620.0 330.0
259014451730.0 356.0
259291889784.0 634.0
259309410429.0 621.0
259506018054.0 380.0
259508509520.0 552.0
259714415064.0 603.0
259720837784.0 379.0
259787755476.0 570.0
259901564220.0 522.0
259919944939.0 426.0
259991731706.0 612.0
260150277120.0 636.0
260732126751.0 425.0
260788028653.0 526.0
260876905645.0 451.0
260926852319.0 606.0
261107775991.0 553.0
261177432812.0 378.0
261186013376.0 561.0
261218287756.0 532.0
261314248818.0 355.0
261402956696.0 429.0
261424513936.0 564.0
261429360618.0 536.0
261448943813.0 353.0
261613233927.0 502.0
261660184223.0 392.0
261843996911.0 548.0
261933316576.0 361.0
262195444054.0 574.0
262393295999.0 593.0
262431080754.0 401.0
262473016707.0 529.0
262477235296.0 576.0
262526689147.0 575.0
262572979423.0 497.0
262644106313.0 274.0
262848574797.0 391.0
262870958807.0 615.0
262882005378.0 578.0
263040451783.0 606.0
263048551617.0 352.0
263092798635.0 554.0
263189035234.0 585.0
263296923114.0 536.0
263430789052.0 485.0
263510429194.0 401.0
263694944520.0 407.0
263757530209.0 520.0
263920257318.0 602.0
263942500480.0 560.0
263997513375.0 667.0
264071183798.0 617.0
264135325968.0 476.0
264154202014.0 604.0
264200858350.0 606.0
264415310374.0 541.0
264453467859.0 398.0
264517659594.0 603.0
264547238803.0 680.0
264770948177.0 588.0
265044163594.0 588.0
265080403624.0 548.0
265119689846.0 587.0
265318228886.0 411.0
265415887335.0 559.0
265463585910.0 411.0
265576703885.0 338.0
265622156729.0 461.0
265710563944.0 567.0
265913837729.0 586.0
265963081425.0 410.0
265964924295.0 354.0
266038257283.0 559.0
266745291733.0 418.0
266887021352.0 534.0
266928793371.0 517.0
267155784606.0 529.0
267248030209.0 384.0
267292420396.0 584.0
267461344845.0 587.0
268126899409.0 581.0
268225764254.0 444.0
268310734909.0 570.0
268315780746.0 308.0
268323199613.0 665.0
268399606832.0 560.0
268416207370.0 532.0
268491545722.0 561.0
268500769844.0 510.0
268696912039.0 624.0
268701020105.0 586.0
268783063178.0 632.0
268789488457.0 518.0
268826524629.0 479.0
269342568477.0 602.0
269460919420.0 609.0
269473833378.0 501.0
269537190191.0 422.0
269596665797.0 586.0
269735698868.0 592.0
269936288083.0 321.0
269943306995.0 597.0
270027435677.0 588.0
270181035753.0 415.0
270311451877.0 611.0
270407303689.0 607.0
270565224614.0 532.0
270875117044.0 379.0
271077448387.0 399.0
271582922865.0 355.0
271669761803.0 595.0
271760609587.0 565.0
271807367497.0 529.0
272020725865.0 632.0
272415609808.0 339.0
272563866104.0 417.0
272568014536.0 628.0
272654009611.0 389.0
272715484465.0 373.0
272764012108.0 298.0
272856634530.0 413.0
273019506986.0 569.0
273054098749.0 413.0
273266350858.0 577.0
273275944682.0 530.0
273277264446.0 554.0
273281090510.0 560.0
273308175810.0 415.0
273370654244.0 665.0
273518061318.0 601.0
273522366496.0 603.0
273774238809.0 583.0
273810829797.0 624.0
273909063595.0 483.0
273914391890.0 607.0
273921723567.0 312.0
274009665394.0 362.0
274052608059.0 615.0
274100178559.0 550.0
274117805112.0 605.0
274146542121.0 695.0
274198418661.0 480.0
274216136109.0 607.0
274451498360.0 600.0
274498392198.0 492.0
274548382786.0 385.0
274646954254.0 447.0
274722998491.0 582.0
274749677582.0 568.0
274845884734.0 278.0
275003980646.0 402.0
275054427107.0 336.0
275129649261.0 553.0
275435140765.0 486.0
275622099688.0 418.0
275667148069.0 418.0
275868354511.0 101.0
275963010165.0 545.0
275986466599.0 597.0
275999292902.0 558.0
276031416559.0 595.0
276294843874.0 511.0
276558138194.0 599.0
276926603158.0 579.0
277046465264.0 550.0
277321399396.0 544.0
277393718299.0 577.0
277571646312.0 594.0
277704950036.0 607.0
277796768896.0 569.0
277800362865.0 521.0
277899419133.0 530.0
278108163503.0 175.0
278199271057.0 188.0
278542422590.0 489.0
278583178593.0 610.0
278712985610.0 549.0
278749450704.0 469.0
278882927200.0 545.0
279162083871.0 432.0
279174275075.0 613.0
279232057561.0 469.0
279324241818.0 556.0
279471944413.0 560.0
279891443792.0 500.0
279940201480.0 307.0
279950249657.0 573.0
280273651142.0 563.0
280311604173.0 518.0
280351366300.0 520.0
280452836938.0 512.0
280661002284.0 314.0
280973958324.0 460.0
280978460805.0 305.0
281029004786.0 566.0
281082800350.0 573.0
281325810962.0 600.0
281409156299.0 585.0
281434114104.0 640.0
281798176336.0 599.0
282084014995.0 561.0
282143810709.0 611.0
282152744271.0 465.0
282172840055.0 557.0
282219277500.0 388.0
282264910860.0 581.0
282274095967.0 492.0
282405140691.0 586.0
282417178813.0 333.0
282437436153.0 526.0
282563263519.0 510.0
282781749119.0 605.0
282978375671.0 589.0
283061183515.0 572.0
283151243535.0 506.0
283244824062.0 582.0
283355496458.0 613.0
283430796786.0 449.0
283553147241.0 411.0
283604427791.0 438.0
283746215082.0 588.0
283891171320.0 365.0
284059215270.0 506.0
284115134952.0 558.0
284259974171.0 623.0
284475209213.0 551.0
284476470469.0 574.0
284497526813.0 358.0
284524787255.0 519.0
284591931762.0 416.0
284604722186.0 581.0
284670106067.0 555.0
284744933108.0 247.0
284946616308.0 538.0
285028791226.0 592.0
285052569203.0 562.0
285147350891.0 591.0
285216983945.0 638.0
285442172503.0 590.0
285782840778.0 566.0
285862305938.0 625.0
285953520836.0 496.0
285995549588.0 561.0
286047538496.0 438.0
286069191278.0 515.0
286131292194.0 538.0
286208399943.0 602.0
286379475115.0 580.0
286393162345.0 577.0
286466879366.0 653.0
286764695542.0 595.0
286814598157.0 567.0
286908678038.0 628.0
286956540642.0 525.0
287003153931.0 138.0
287059413354.0 407.0
287175352840.0 630.0
287226166993.0 599.0
287339382365.0 637.0
287363187555.0 582.0
287390994231.0 584.0
287399427077.0 613.0
287427408998.0 511.0
287539383818.0 627.0
287569273450.0 509.0
287686422525.0 557.0
287718427767.0 577.0
287946483954.0 567.0
287950889706.0 324.0
288260268726.0 571.0
288403678258.0 593.0
288532866551.0 615.0
288541578390.0 565.0
288591088355.0 309.0
288621566248.0 388.0
288638074993.0 594.0
288648657967.0 546.0
288664593257.0 394.0
288671696393.0 632.0
288942505244.0 656.0
289003591987.0 631.0
289530807781.0 552.0
289773581259.0 491.0
290048336195.0 562.0
290096635595.0 521.0
290121817435.0 502.0
290142304194.0 573.0
290311214700.0 597.0
290361832692.0 513.0
290388150782.0 404.0
290456157749.0 613.0
290478457097.0 348.0
290500782762.0 390.0
290556201263.0 554.0
290841277252.0 592.0
290890670480.0 274.0
290899773498.0 584.0
290984692304.0 585.0
291027472862.0 570.0
291159580189.0 573.0
291335570842.0 333.0
291555871047.0 529.0
291644861198.0 564.0
291769844427.0 462.0
291869539412.0 522.0
291893606362.0 535.0
292048802340.0 540.0
292260460755.0 481.0
292395926374.0 159.0
292458574696.0 631.0
292493700089.0 347.0
292696642089.0 366.0
292855535595.0 583.0
292859039371.0 523.0
292882787689.0 364.0
292926918195.0 238.0
293367088136.0 559.0
293852450889.0 511.0
293905196787.0 399.0
294106852424.0 530.0
294532470158.0 267.0
294678840570.0 400.0
294720839851.0 352.0
294729253934.0 539.0
294782802723.0 453.0
294873845483.0 545.0
294970254525.0 540.0
295015319689.0 466.0
295028465269.0 560.0
295058684797.0 157.0
295142536510.0 386.0
295278135098.0 495.0
295341551038.0 422.0
295409880704.0 604.0
295516303852.0 152.0
295520281275.0 532.0
295610681755.0 446.0
295632356442.0 474.0
295651912877.0 551.0
295693413014.0 598.0
295887882020.0 600.0
295937849448.0 417.0
295996239158.0 571.0
296055568481.0 611.0
296147807069.0 559.0
296415753723.0 375.0
296450485946.0 515.0
296659369249.0 440.0
296766932056.0 633.0
296785911416.0 490.0
296800185468.0 589.0
296832329396.0 490.0
296847870001.0 588.0
296887652851.0 487.0
297002635116.0 404.0
297005254128.0 598.0
297012697089.0 603.0
297016582452.0 498.0
297026304004.0 394.0
297104960975.0 576.0
297214495295.0 572.0
297248408219.0 417.0
297270746414.0 592.0
297311063716.0 439.0
297324840877.0 589.0
297365061114.0 584.0
297445319585.0 604.0
297585933761.0 532.0
297654946400.0 365.0
297731150278.0 590.0
297769733664.0 236.0
297996246215.0 503.0
298238625071.0 573.0
298301585531.0 677.0
298536724659.0 325.0
298683702925.0 618.0
298696855945.0 556.0
298740437119.0 548.0
299003965559.0 606.0
299005943377.0 552.0
299037845432.0 240.0
299085523585.0 618.0
299091113891.0 388.0
299229977807.0 370.0
299570217996.0 514.0
299763694813.0 263.0
300069979562.0 510.0
300199037729.0 591.0
300346465094.0 424.0
300414328470.0 562.0
300536485499.0 475.0
300539700074.0 614.0
300658782769.0 495.0
300856713046.0 596.0
300887467865.0 460.0
301002256220.0 466.0
301026849077.0 614.0
301095905085.0 488.0
301113802119.0 508.0
301251623248.0 571.0
301355330545.0 350.0
301589899251.0 360.0
301739794307.0 573.0
301948058405.0 491.0
302057532788.0 389.0
302098423128.0 549.0
302142494318.0 600.0
302208360313.0 452.0
302276721247.0 653.0
302332262767.0 204.0
302832972573.0 472.0
302842416442.0 576.0
303196069202.0 476.0
303399048248.0 42.0
303564270436.0 578.0
303697038541.0 444.0
303765171407.0 592.0
303867349934.0 391.0
304118790022.0 396.0
304193880503.0 603.0
304227118833.0 588.0
304236209621.0 636.0
304286651933.0 587.0
304315395736.0 588.0
304489026549.0 396.0
304530737109.0 385.0
304645654643.0 585.0
304678146970.0 668.0
304870877831.0 457.0
305181383379.0 517.0
305364443092.0 315.0
305374389849.0 566.0
305404067980.0 434.0
305484776190.0 582.0
305509804201.0 411.0
305562388262.0 451.0
305676987508.0 597.0
305898322499.0 292.0
305968649606.0 443.0
306289158848.0 534.0
306462721666.0 547.0
306739840438.0 417.0
306742092477.0 408.0
306789275287.0 535.0
306924992633.0 580.0
306937995554.0 589.0
307328378028.0 612.0
307363713879.0 545.0
307446041883.0 634.0
307497799511.0 606.0
307901734757.0 546.0
307985162511.0 658.0
308043465186.0 504.0
308116363647.0 482.0
308325284996.0 603.0
308395360236.0 587.0
308509213284.0 688.0
308735056893.0 448.0
308860726818.0 546.0
308883965393.0 457.0
308997628492.0 358.0
308998124514.0 583.0
309178527186.0 577.0
309352465617.0 273.0
309441929151.0 615.0
309525098435.0 583.0
309627011353.0 581.0
309656637411.0 415.0
309744066285.0 358.0
309841222200.0 541.0
309845359300.0 598.0
309893958726.0 281.0
310081103750.0 519.0
310132442713.0 621.0
310219188354.0 523.0
310316185444.0 592.0
310438026178.0 654.0
310485497271.0 526.0
310672960879.0 588.0
310708949962.0 416.0
310745601956.0 557.0
310773821905.0 574.0
310850220695.0 308.0
310919547365.0 660.0
310994502393.0 493.0
311061902227.0 295.0
311132292842.0 519.0
311215161236.0 610.0
311225585561.0 423.0
311271996355.0 560.0
311436301503.0 507.0
311460456547.0 580.0
311514119078.0 552.0
311578057663.0 433.0
311726929511.0 585.0
311827030438.0 462.0
311880608726.0 551.0
311934717169.0 509.0
312023594457.0 491.0
312093034868.0 350.0
312161847424.0 381.0
312244750346.0 573.0
312526156352.0 293.0
312538051952.0 467.0
312650734790.0 494.0
312710897212.0 441.0
312764815261.0 539.0
312784110057.0 586.0
312789866826.0 368.0
312888993501.0 599.0
312995976218.0 561.0
313183246111.0 571.0
313204518990.0 468.0
313294815475.0 585.0
313319591782.0 446.0
313414697327.0 434.0
313449191735.0 451.0
313451223780.0 414.0
313526193438.0 461.0
313693865927.0 657.0
313695013154.0 518.0
313715921179.0 579.0
313814377409.0 511.0
313877238601.0 425.0
314639765416.0 603.0
314939127954.0 500.0
314981383226.0 556.0
315103147862.0 358.0
315113411466.0 580.0
315350348583.0 578.0
315545094278.0 445.0
315587318936.0 607.0
315590225132.0 552.0
315638366040.0 561.0
315708394130.0 369.0
315892215433.0 571.0
315919061647.0 591.0
316073009193.0 323.0
316101599808.0 397.0
316858347314.0 410.0
317168332696.0 409.0
317351160665.0 530.0
317403164082.0 517.0
317618759523.0 679.0
317847279760.0 433.0
317932331042.0 590.0
318084695851.0 580.0
318447152707.0 385.0
318502110582.0 583.0
318805506225.0 522.0
318896050602.0 447.0
318897325297.0 545.0
318906822407.0 484.0
318923447852.0 584.0
318969981576.0 551.0
319116443015.0 608.0
319123272186.0 589.0
319225616100.0 519.0
319288041065.0 471.0
319381258623.0 331.0
319479139615.0 616.0
319501419984.0 563.0
319597510209.0 584.0
319723434762.0 607.0
319731256552.0 434.0
319830869116.0 433.0
319901979999.0 623.0
320444645952.0 610.0
320454118961.0 574.0
320595886827.0 477.0
320691965015.0 515.0
320753657223.0 545.0
320765261025.0 256.0
320778052803.0 421.0
320827366481.0 580.0
320871951598.0 412.0
320951778260.0 488.0
321180985839.0 583.0
321259916871.0 232.0
321379202954.0 618.0
321658325220.0 573.0
321770173388.0 511.0
322044951633.0 496.0
322084212353.0 575.0
322261244736.0 429.0
322527445292.0 541.0
322583285708.0 560.0
322595549843.0 527.0
322671198886.0 660.0
322751362791.0 683.0
322888022008.0 589.0
322961878811.0 636.0
322974073621.0 567.0
323126104488.0 367.0
323247758693.0 382.0
323364925221.0 398.0
323393015494.0 607.0
323447154895.0 613.0
323542848154.0 661.0
323691086525.0 291.0
323853821591.0 455.0
323869942352.0 554.0
323948808227.0 582.0
324004295275.0 551.0
324036041629.0 543.0
324049387240.0 554.0
324217985674.0 586.0
324279840817.0 361.0
324325559309.0 548.0
324343505642.0 576.0
324367066249.0 643.0
324377482079.0 358.0
324475049336.0 290.0
324516759254.0 417.0
324710977156.0 336.0
325071499287.0 422.0
325175390133.0 509.0
325209340132.0 552.0
325237379019.0 540.0
325312099084.0 495.0
325328753847.0 560.0
325451604148.0 361.0
325487543356.0 243.0
325680886762.0 624.0
326118137905.0 368.0
326133140945.0 573.0
326228704474.0 481.0
326447568885.0 562.0
326632104239.0 461.0
326644956201.0 436.0
326826765732.0 568.0
326971066226.0 560.0
327314277767.0 600.0
327319693089.0 534.0
327418129274.0 351.0
327430931307.0 487.0
327771655517.0 578.0
327790924810.0 542.0
328135318158.0 606.0
328212695461.0 402.0
328215405966.0 555.0
328468121446.0 579.0
328612458082.0 643.0
328661470725.0 592.0
328888800734.0 385.0
329135794000.0 570.0
329335107463.0 461.0
329341966392.0 364.0
329415154720.0 420.0
329796747478.0 366.0
329929309484.0 543.0
329972034631.0 593.0
330156926083.0 326.0
330288202300.0 586.0
330401027728.0 355.0
330460966201.0 586.0
330693222224.0 383.0
330732451649.0 153.0
330735757674.0 561.0
331175176274.0 548.0
331237953776.0 385.0
331342820059.0 626.0
331477206341.0 614.0
331541874470.0 349.0
331820599042.0 497.0
332159452631.0 533.0
332288392961.0 650.0
332309623939.0 570.0
332417887692.0 406.0
332429564311.0 151.0
332523949599.0 377.0
332547208745.0 503.0
332770489702.0 608.0
332957129168.0 545.0
332959425969.0 505.0
333086414166.0 654.0
333196890040.0 583.0
333287009080.0 295.0
333380877414.0 525.0
333514393036.0 537.0
333526435518.0 613.0
333568553279.0 292.0
333732829496.0 583.0
333811517149.0 561.0
333881150770.0 557.0
333927374903.0 423.0
333949449653.0 248.0
334035392164.0 602.0
334145187848.0 595.0
334165835594.0 327.0
334178003407.0 544.0
334413706975.0 579.0
334538977304.0 481.0
334552319673.0 501.0
334629718343.0 563.0
334712255660.0 580.0
334771841999.0 199.0
334822328853.0 416.0
334945130759.0 496.0
334948155479.0 601.0
334949132782.0 597.0
335067904787.0 588.0
335271899315.0 448.0
335297100436.0 543.0
335305245553.0 193.0
335393066624.0 410.0
335403932698.0 547.0
335414896113.0 593.0
335523708789.0 587.0
335912211537.0 634.0
336016887850.0 537.0
336077458944.0 364.0
336102312579.0 301.0
336138934561.0 582.0
336375005175.0 636.0
336394434133.0 589.0
336408798596.0 456.0
336437480470.0 584.0
336566721657.0 561.0
336728727780.0 247.0
336808661820.0 595.0
337048982438.0 553.0
337077625452.0 619.0
337219299429.0 593.0
337507230717.0 375.0
337619711938.0 574.0
337709391080.0 610.0
337903684279.0 536.0
338222412543.0 602.0
338444868256.0 553.0
338457255200.0 505.0
338580599023.0 479.0
338603095899.0 402.0
338836183256.0 342.0
338849334684.0 697.0
338904453394.0 612.0
338956341558.0 492.0
339196601582.0 566.0
339224452836.0 572.0
339318258208.0 632.0
339543192533.0 534.0
339644514048.0 529.0
339943241988.0 479.0
339952154295.0 526.0
340014698334.0 591.0
340108395218.0 251.0
340206320017.0 587.0
340332867128.0 574.0
340391200506.0 599.0
340455225097.0 488.0
340496450128.0 379.0
340625409631.0 491.0
340640226480.0 401.0
340956868224.0 436.0
341010813312.0 237.0
341075276159.0 513.0
341075959906.0 506.0
341245674063.0 551.0
341315394097.0 298.0
341320222533.0 602.0
341406979743.0 601.0
341440985725.0 447.0
341469952713.0 573.0
341470714609.0 364.0
341593118052.0 529.0
341621271874.0 560.0
341748244080.0 306.0
342225583264.0 572.0
342284487277.0 229.0
342722986828.0 555.0
342751517655.0 527.0
342856813122.0 328.0
342915415301.0 487.0
342938991881.0 568.0
343085527700.0 452.0
343109249720.0 603.0
343270338219.0 598.0
343277452377.0 438.0
343306488565.0 521.0
343589412469.0 543.0
343764891765.0 605.0
343780103412.0 351.0
344048043351.0 392.0
344284425459.0 636.0
344414035676.0 364.0
344483861702.0 545.0
344615760008.0 631.0
344640932226.0 584.0
344663811980.0 630.0
344675048161.0 583.0
344815672447.0 557.0
344944447896.0 523.0
345117658292.0 578.0
345217069842.0 550.0
345253922850.0 567.0
345331649335.0 347.0
345364228462.0 621.0
345392068463.0 623.0
345408983045.0 22.0
345518094227.0 236.0
345552259816.0 607.0
346151607764.0 609.0
346184126325.0 591.0
346288687611.0 516.0
346314493504.0 497.0
346458620473.0 591.0
346532799161.0 460.0
346618519361.0 414.0
346649254178.0 616.0
346890254744.0 568.0
346912672273.0 554.0
347204644012.0 576.0
347299116388.0 159.0
347550693255.0 594.0
347553287329.0 661.0
347662906965.0 534.0
347701836604.0 457.0
347731346648.0 521.0
347749808304.0 518.0
347928161286.0 618.0
348052240065.0 557.0
348072122611.0 547.0
348282758192.0 568.0
348735643075.0 462.0
348751139179.0 551.0
348751260025.0 588.0
348897548787.0 270.0
348987505780.0 324.0
349343210614.0 562.0
349595629082.0 583.0
349603618632.0 473.0
349614461269.0 64.0
349997088288.0 635.0
350023747772.0 524.0
350063547772.0 606.0
350084969015.0 613.0
350311280277.0 618.0
350444207557.0 370.0
350853009037.0 586.0
350858870175.0 501.0
351017256028.0 514.0
351215599714.0 543.0
351348837518.0 427.0
351465138181.0 584.0
351531062965.0 549.0
351629683299.0 504.0
351675798169.0 522.0
352133101076.0 605.0
352479050499.0 582.0
352499869569.0 599.0
352508513140.0 691.0
352591704668.0 592.0
352917096015.0 361.0
352998315824.0 499.0
353055130668.0 571.0
353069287918.0 534.0
353193817525.0 626.0
353231995015.0 375.0
353354393237.0 607.0
353412207953.0 584.0
353551277659.0 518.0
353575260205.0 364.0
353681821943.0 238.0
353749641201.0 544.0
353771118971.0 444.0
353820848298.0 633.0
353857141333.0 577.0
354126606339.0 591.0
354145893167.0 375.0
354192797679.0 562.0
354244329076.0 406.0
354323610217.0 613.0
354347594976.0 388.0
354714243508.0 560.0
354746340321.0 573.0
354835017788.0 368.0
354911116288.0 571.0
354950936668.0 603.0
354972859942.0 539.0
355035440109.0 542.0
355121653357.0 476.0
355129543948.0 560.0
355148967492.0 587.0
355254372389.0 447.0
355307149776.0 609.0
355350220193.0 523.0
355620857595.0 553.0
355661174925.0 149.0
355848781618.0 579.0
356056464945.0 346.0
356312369827.0 500.0
356491875116.0 561.0
356530109334.0 482.0
356692073169.0 619.0
356834519806.0 571.0
356966400721.0 572.0
357094163248.0 591.0
357244290321.0 531.0
357383110234.0 303.0
357702053252.0 546.0
357715642979.0 508.0
357847293678.0 374.0
357935546863.0 603.0
358021399576.0 514.0
358091215258.0 574.0
358465071673.0 576.0
358720961836.0 464.0
358780220839.0 652.0
358795128161.0 678.0
358807098698.0 507.0
358863639961.0 584.0
359055944625.0 610.0
359211110629.0 555.0
359238261234.0 540.0
359269673294.0 514.0
359289485570.0 420.0
359392546600.0 597.0
359581002697.0 530.0
359720190161.0 360.0
359823755890.0 520.0
360213216521.0 542.0
360428476415.0 467.0
360544657450.0 578.0
360566493990.0 593.0
360568635091.0 535.0
360734224124.0 636.0
360744792349.0 571.0
360782096538.0 503.0
360828490850.0 567.0
360931196634.0 582.0
360933641173.0 501.0
360942981099.0 336.0
361106365642.0 414.0
361106493766.0 275.0
361138151467.0 565.0
361152850193.0 609.0
361372764914.0 248.0
361414621148.0 547.0
361675908092.0 445.0
361818740537.0 436.0
361867453019.0 609.0
361888670981.0 423.0
362347147275.0 529.0
362369612255.0 606.0
362378110291.0 222.0
362497896286.0 655.0
362532178700.0 648.0
362593476262.0 266.0
362606790940.0 607.0
362676375948.0 536.0
362697695369.0 316.0
362713534803.0 592.0
362758998289.0 327.0
362788534524.0 569.0
362834904032.0 640.0
363132371333.0 504.0
363144035849.0 546.0
363176435797.0 524.0
363217215998.0 566.0
363248567422.0 561.0
363274823684.0 517.0
363399614157.0 538.0
363468008484.0 556.0
363622626913.0 565.0
363743711583.0 307.0
363840611828.0 513.0
363878442975.0 509.0
363914562534.0 580.0
364142837212.0 650.0
364182897842.0 391.0
364347810724.0 573.0
364537998126.0 527.0
364546167766.0 478.0
364689731782.0 568.0
364722950532.0 392.0
365358426452.0 433.0
365376211123.0 374.0
365506841928.0 503.0
365550507042.0 561.0
365665120227.0 529.0
365668485574.0 398.0
365828900491.0 525.0
365965518736.0 574.0
366243205662.0 631.0
366436320464.0 482.0
366449386077.0 450.0
366660553375.0 119.0
366667853507.0 574.0
366687625778.0 639.0
366747972624.0 508.0
366871836528.0 585.0
366914225410.0 534.0
367028364808.0 606.0
367102870643.0 396.0
367166326949.0 401.0
367211022715.0 560.0
367252710918.0 529.0
367467628631.0 492.0
367693845048.0 580.0
367755085789.0 623.0
368128598180.0 613.0
368149929417.0 530.0
368294013250.0 605.0
368535994170.0 582.0
368655103877.0 603.0
368655976288.0 549.0
368710131645.0 401.0
369004151147.0 600.0
369062479234.0 583.0
369256863443.0 591.0
369258808846.0 483.0
369287668821.0 362.0
369390999146.0 462.0
369423455389.0 580.0
369578082947.0 466.0
369672790571.0 604.0
369726286347.0 641.0
369750483031.0 543.0
369778755731.0 687.0
370000033519.0 622.0
370144025718.0 643.0
370326626932.0 367.0
370434153608.0 643.0
370484562667.0 572.0
370547163854.0 571.0
370723012070.0 384.0
370739464550.0 397.0
370835512437.0 287.0
370880135138.0 481.0
370933824907.0 430.0
371010320651.0 611.0
371261983337.0 525.0
371388571229.0 396.0
371478840986.0 580.0
371507133848.0 517.0
371682029038.0 267.0
371780171757.0 504.0
371780845952.0 466.0
371793925198.0 498.0
371875933334.0 638.0
371973516500.0 633.0
371991846591.0 590.0
372121594356.0 624.0
372160704886.0 564.0
372301887015.0 544.0
372407843256.0 438.0
372494332061.0 473.0
372545838936.0 560.0
372618479272.0 285.0
372643901776.0 596.0
372695402286.0 420.0
372717476467.0 634.0
372743014969.0 429.0
372886454739.0 390.0
372997087902.0 285.0
372997762486.0 600.0
373221485243.0 606.0
373507044667.0 480.0
373568158401.0 446.0
373750238667.0 451.0
373772973238.0 304.0
373873170724.0 310.0
373886010245.0 490.0
374109670459.0 373.0
374558509278.0 569.0
374716963650.0 669.0
374788250470.0 433.0
374812179156.0 678.0
374944753172.0 460.0
375000189231.0 425.0
375040875687.0 570.0
375172429856.0 513.0
375311666992.0 569.0
375346107559.0 617.0
375654599434.0 653.0
375757841276.0 540.0
375837015596.0 347.0
375875966524.0 598.0
375886880069.0 373.0
375899598011.0 602.0
375912589656.0 623.0
375931625118.0 552.0
376112189432.0 520.0
376129796271.0 465.0
376144177858.0 491.0
376145174452.0 559.0
376355754136.0 123.0
376410195352.0 530.0
376451292417.0 545.0
376474377636.0 457.0
376478975823.0 533.0
376733042980.0 682.0
376886754953.0 563.0
376917603147.0 414.0
376924079573.0 460.0
376982518987.0 513.0
377035351680.0 412.0
377430598617.0 569.0
377653037495.0 558.0
377731481664.0 481.0
377774277920.0 554.0
377846698538.0 525.0
377997242721.0 598.0
378133645023.0 574.0
378337481582.0 442.0
378342817246.0 556.0
378353112408.0 504.0
378539458675.0 548.0
378585794161.0 430.0
378621414662.0 507.0
378993352421.0 336.0
379158390912.0 535.0
379285013355.0 396.0
379378458052.0 261.0
379437693975.0 389.0
379599320729.0 496.0
379730692040.0 588.0
379789806752.0 445.0
379864891503.0 390.0
379866234617.0 494.0
379892831032.0 542.0
379905778749.0 618.0
380023048791.0 601.0
380081745935.0 596.0
380211508327.0 566.0
380268499491.0 668.0
380338142459.0 611.0
380547981171.0 517.0
380562547391.0 367.0
380770665340.0 567.0
381189268353.0 510.0
381296951381.0 552.0
381476570814.0 573.0
381493748533.0 562.0
381525433088.0 651.0
381709204572.0 616.0
382362568795.0 436.0
382404462995.0 614.0
382561721388.0 602.0
382617134544.0 412.0
382696097646.0 360.0
382848439674.0 592.0
382905754932.0 617.0
383205116792.0 491.0
383277609361.0 666.0
383349925119.0 403.0
383573886171.0 396.0
383633216447.0 511.0
383737020173.0 635.0
383844607586.0 343.0
383917784790.0 531.0
384095404362.0 585.0
384118177394.0 179.0
384259284907.0 587.0
384383970100.0 632.0
384410331083.0 430.0
384421888193.0 567.0
384456921217.0 566.0
384489833138.0 498.0
384620389465.0 538.0
384711141467.0 576.0
384770099760.0 615.0
384773039550.0 615.0
384857564890.0 563.0
384955429405.0 532.0
385210915456.0 530.0
385277772276.0 594.0
385292704080.0 565.0
385294116278.0 541.0
385377173908.0 431.0
385529517015.0 175.0
385616710098.0 375.0
385859890370.0 500.0
385877038767.0 165.0
385934524555.0 421.0
385986971942.0 479.0
386005296305.0 518.0
386104237651.0 520.0
386114331392.0 623.0
386163274623.0 608.0
386419370676.0 527.0
386445362190.0 538.0
386467617406.0 390.0
386472532107.0 447.0
386708725511.0 514.0
386735669409.0 329.0
386826986725.0 588.0
386849825329.0 522.0
387185404204.0 615.0
387196953636.0 543.0
387397358559.0 529.0
387444150098.0 421.0
387480015854.0 392.0
387499324944.0 610.0
387537900233.0 394.0
387647857386.0 565.0
387680349008.0 527.0
387768399720.0 588.0
387892435155.0 527.0
387997223906.0 628.0
388013116029.0 564.0
388028984604.0 545.0
388031967337.0 616.0
388128430581.0 561.0
388165413403.0 536.0
388265659718.0 571.0
388293082721.0 556.0
388407393561.0 610.0
388505378119.0 433.0
388532812188.0 590.0
388595285046.0 645.0
388647925299.0 684.0
388907491811.0 435.0
389160336799.0 565.0
389366827797.0 542.0
389369328333.0 539.0
389691935290.0 582.0
389800464920.0 615.0
390152959902.0 662.0
390155525895.0 596.0
390210499574.0 413.0
390333159562.0 582.0
390384208511.0 597.0
390386604412.0 596.0
390479213433.0 514.0
390489645203.0 593.0
390505833080.0 456.0
390529636639.0 550.0
390629506155.0 492.0
390796354477.0 529.0
390859110927.0 688.0
390935060640.0 511.0
391193483947.0 557.0
391217252898.0 497.0
391323679201.0 500.0
391357494325.0 667.0
391376116887.0 543.0
391636333783.0 366.0
391666080156.0 533.0
392000003096.0 609.0
392033076321.0 263.0
392183365558.0 591.0
392183699435.0 599.0
392187937148.0 408.0
392525369272.0 290.0
392565491416.0 573.0
392583455871.0 599.0
392583653141.0 604.0
392707346143.0 501.0
392731542761.0 583.0
393077550108.0 555.0
393085754645.0 371.0
393094988658.0 557.0
393294885488.0 591.0
393423323810.0 520.0
393495782588.0 468.0
393544127728.0 575.0
393552141264.0 615.0
393576992898.0 293.0
394009522316.0 314.0
394101511840.0 611.0
394105451706.0 512.0
394206770927.0 512.0
394414033860.0 408.0
394712790861.0 592.0
394739342473.0 487.0
395058931240.0 555.0
395066641029.0 547.0
395186481240.0 456.0
395264426630.0 518.0
395408157240.0 542.0
395665854697.0 550.0
396115946073.0 245.0
396241505737.0 606.0
396253737605.0 130.0
396280381175.0 589.0
396330143131.0 544.0
396373255773.0 408.0
396511903106.0 573.0
396563327074.0 353.0
396619587648.0 521.0
396720679711.0 491.0
