50185489.0 361.0
500589230.0 498.0
553558142.0 547.0
630880258.0 498.0
732314835.0 579.0
789269258.0 567.0
853909358.0 555.0
1037833745.0 565.0
1055252202.0 590.0
1218193589.0 308.0
1431755795.0 550.0
1460268750.0 340.0
1486450461.0 408.0
1487971941.0 425.0
1557310002.0 585.0
1701446751.0 521.0
1735743969.0 582.0
1837661130.0 351.0
1941069683.0 375.0
1980819902.0 565.0
2094717833.0 356.0
2199755861.0 558.0
2331373748.0 376.0
2341975839.0 451.0
2394881190.0 631.0
2421683775.0 595.0
2423650238.0 545.0
2434731001.0 374.0
2562124641.0 413.0
2742032589.0 588.0
2747824258.0 403.0
2783918201.0 413.0
2979618114.0 410.0
3048657833.0 514.0
3190596173.0 555.0
3306718686.0 489.0
3315848658.0 582.0
3354571206.0 478.0
3356230910.0 470.0
3420803388.0 574.0
3485922031.0 593.0
3533779497.0 602.0
3566236369.0 537.0
3567884271.0 526.0
3716855818.0 503.0
3724683974.0 405.0
3893661379.0 540.0
4013234176.0 430.0
4081343015.0 383.0
4198662329.0 482.0
4288269262.0 562.0
4321269213.0 631.0
4404538051.0 429.0
4462688780.0 569.0
4545769235.0 341.0
4821335295.0 177.0
4921425766.0 559.0
5314500198.0 415.0
5364399370.0 475.0
5469626953.0 450.0
5639054645.0 567.0
5756933163.0 572.0
5827109243.0 541.0
5829304257.0 392.0
5892553549.0 565.0
5919964510.0 587.0
6184450641.0 394.0
6214405083.0 460.0
6267590763.0 553.0
6388560124.0 636.0
6416669018.0 469.0
6462297248.0 576.0
6581565532.0 542.0
6657602494.0 509.0
6686337136.0 545.0
6750903249.0 192.0
6866124570.0 382.0
6919778734.0 363.0
6992053840.0 460.0
7001596887.0 520.0
7019524090.0 408.0
7035033813.0 453.0
7140699928.0 410.0
7536187448.0 389.0
7571377730.0 268.0
7727350817.0 296.0
8082511492.0 468.0
8379271712.0 586.0
8611252583.0 321.0
8682236716.0 556.0
8701638674.0 379.0
8742150105.0 605.0
8968052716.0 426.0
8988498701.0 375.0
9082871159.0 609.0
9114228498.0 602.0
9144225496.0 351.0
9250842078.0 594.0
9368947399.0 610.0
9386878621.0 580.0
9433965773.0 430.0
9437405755.0 579.0
9535760461.0 526.0
9598951981.0 563.0
9641981014.0 456.0
9756818442.0 514.0
9783032718.0 427.0
9912480021.0 558.0
10127290698.0 600.0
10228035824.0 486.0
10306530980.0 438.0
10339336012.0 331.0
10353485518.0 444.0
10499637491.0 526.0
10553143583.0 615.0
10561931564.0 564.0
10619262923.0 378.0
10655531330.0 469.0
10758751737.0 431.0
10804766899.0 500.0
10856944763.0 488.0
10888142831.0 311.0
10968434646.0 394.0
11104262057.0 604.0
11137717943.0 631.0
11281559037.0 379.0
11311502984.0 370.0
11476067486.0 360.0
11596274239.0 512.0
11849072394.0 536.0
12009415764.0 413.0
12243024895.0 304.0
12335853719.0 563.0
12431685880.0 449.0
12667270471.0 476.0
12698693305.0 419.0
12732213044.0 584.0
12747658430.0 534.0
12799976236.0 214.0
12907699519.0 529.0
13012437899.0 336.0
13057001077.0 596.0
13075730089.0 425.0
13142437004.0 585.0
13150457523.0 105.0
13232629432.0 438.0
13252284721.0 357.0
13292924366.0 563.0
13341693064.0 385.0
13393719670.0 569.0
13395876818.0 531.0
13413320933.0 538.0
13416548465.0 618.0
13468971649.0 515.0
13484413501.0 566.0
13487126907.0 247.0
13655721740.0 428.0
13763427244.0 386.0
13813940256.0 291.0
13826408382.0 599.0
13933186573.0 291.0
13974598089.0 554.0
14036225809.0 304.0
14052054963.0 481.0
14102847972.0 534.0
14352409028.0 470.0
14595736478.0 591.0
14738327274.0 457.0
14855744369.0 548.0
14957962627.0 498.0
15028845259.0 466.0
15108839727.0 544.0
15114822546.0 568.0
15146220289.0 509.0
15236395989.0 560.0
15774670881.0 323.0
16012347087.0 535.0
16069938299.0 446.0
16139578902.0 397.0
16288780660.0 529.0
16363048565.0 396.0
16496825273.0 464.0
16562422504.0 380.0
16610115747.0 545.0
16726687375.0 562.0
16883321462.0 376.0
16883405797.0 589.0
16905339230.0 454.0
17058469702.0 426.0
17123708117.0 606.0
17234014940.0 496.0
17236059961.0 574.0
17348878735.0 604.0
17559690700.0 448.0
17584857486.0 430.0
17641134622.0 572.0
18004576416.0 652.0
18041078896.0 426.0
18098391231.0 616.0
18116188187.0 401.0
18143710411.0 84.0
18215563991.0 446.0
18219099336.0 517.0
18261189296.0 592.0
18342488464.0 605.0
18457722214.0 594.0
18521541853.0 454.0
18591986153.0 313.0
18964819989.0 527.0
18968778270.0 529.0
19134399439.0 608.0
19377670593.0 553.0
19631859533.0 357.0
19752756404.0 581.0
19767317584.0 463.0
19842147298.0 583.0
19867515423.0 500.0
20067667568.0 559.0
20103302723.0 584.0
20237353627.0 577.0
20269220540.0 572.0
20395354222.0 589.0
20429688097.0 591.0
20466341763.0 410.0
20496259903.0 400.0
20613852686.0 513.0
20635194795.0 458.0
20705619963.0 210.0
21083942690.0 428.0
21096674591.0 514.0
21166291248.0 350.0
21416363716.0 569.0
21461670343.0 531.0
21463926570.0 453.0
21504913644.0 620.0
21572112452.0 475.0
21780057903.0 522.0
21846014026.0 317.0
21871703256.0 504.0
21924120580.0 145.0
21930985932.0 538.0
22190924302.0 586.0
22264753071.0 411.0
22417107480.0 590.0
22452502374.0 542.0
22636098894.0 411.0
22732514712.0 578.0
22927923492.0 385.0
23041283862.0 599.0
23054127898.0 627.0
23143351669.0 346.0
23174221659.0 550.0
23192463918.0 566.0
23254486585.0 474.0
23382439088.0 602.0
23435621696.0 501.0
23471110134.0 581.0
23532308748.0 551.0
23538285860.0 433.0
23691257178.0 416.0
23726289118.0 448.0
23908246187.0 184.0
23975725875.0 518.0
24012269721.0 527.0
24054173835.0 366.0
24127106128.0 520.0
24185509194.0 604.0
24248561462.0 453.0
24306295007.0 586.0
24328476843.0 576.0
24528900858.0 228.0
24579561891.0 491.0
24604877073.0 535.0
24624902937.0 547.0
24751819543.0 558.0
24817808340.0 567.0
24887501949.0 474.0
25163625729.0 486.0
25258278614.0 346.0
25319523801.0 564.0
25400743715.0 521.0
25473090465.0 433.0
25540621941.0 414.0
25662572090.0 605.0
25771525560.0 473.0
25918854328.0 386.0
26142304916.0 587.0
26284955959.0 616.0
26314752989.0 583.0
26359003111.0 614.0
26661797873.0 314.0
26751078856.0 268.0
26774530359.0 552.0
26910946860.0 515.0
26986563600.0 573.0
27038540196.0 604.0
27043088325.0 624.0
27128998292.0 405.0
27316219811.0 577.0
27381153947.0 355.0
27406844120.0 477.0
27482008468.0 508.0
27803795639.0 590.0
27837898172.0 386.0
27858574677.0 579.0
27922981295.0 546.0
27972947845.0 390.0
28042598690.0 542.0
28254588670.0 542.0
28261152712.0 599.0
28453158723.0 398.0
28583227702.0 452.0
28736610133.0 605.0
28750686217.0 401.0
28816292598.0 576.0
28915938995.0 548.0
28959562777.0 590.0
29042764416.0 343.0
29131960170.0 476.0
29172745237.0 568.0
29204576785.0 405.0
29215973460.0 426.0
29218366453.0 499.0
29220511004.0 344.0
29310749116.0 627.0
29319041583.0 472.0
29711041913.0 133.0
29714799215.0 610.0
29738325465.0 465.0
29822489151.0 575.0
29843376432.0 420.0
29916213423.0 364.0
30049234944.0 465.0
30056641978.0 631.0
30065496166.0 374.0
30139985640.0 427.0
30153817406.0 566.0
30173488578.0 538.0
30471457998.0 449.0
30570248823.0 594.0
30590335031.0 559.0
30827513472.0 545.0
30837687263.0 615.0
30841151521.0 473.0
30948117527.0 451.0
31131308920.0 563.0
31171406677.0 631.0
31248925727.0 621.0
31338902782.0 432.0
31472917054.0 521.0
31521914105.0 513.0
31533792600.0 569.0
31540514949.0 346.0
31716962815.0 580.0
31750629077.0 473.0
31889134541.0 306.0
31985227022.0 496.0
31985591173.0 480.0
32101053529.0 391.0
32190330822.0 420.0
32434238271.0 569.0
32481118408.0 441.0
32534507311.0 405.0
32603044362.0 313.0
32650776580.0 616.0
32675849754.0 547.0
32704532234.0 276.0
32900689845.0 539.0
32952918463.0 370.0
32984413871.0 500.0
33028617606.0 406.0
33036161723.0 526.0
33088820902.0 487.0
33153766283.0 535.0
33232073197.0 184.0
33264464397.0 541.0
33354551918.0 480.0
33368738662.0 411.0
33384050891.0 539.0
33397737529.0 528.0
33539945150.0 404.0
33543711768.0 411.0
33655781291.0 361.0
33753966826.0 600.0
33936253861.0 360.0
33976282285.0 580.0
34102871581.0 596.0
34126268168.0 539.0
34158447920.0 536.0
34552030795.0 547.0
34606530888.0 479.0
34628399136.0 336.0
34737803359.0 618.0
34807039590.0 471.0
34863724985.0 521.0
35048585431.0 572.0
35119208098.0 453.0
35153099231.0 453.0
35585774767.0 564.0
35642857637.0 552.0
35887716628.0 407.0
35973484647.0 387.0
35975060637.0 540.0
36113892174.0 541.0
36261836106.0 510.0
36713821591.0 170.0
36757980982.0 345.0
36788820733.0 634.0
36810714997.0 468.0
37235319086.0 615.0
37289590942.0 576.0
37637216209.0 432.0
37645106069.0 385.0
37685590056.0 392.0
37920425631.0 378.0
37950615280.0 588.0
37955875635.0 572.0
37957315703.0 564.0
38009108700.0 580.0
38064185328.0 596.0
38154690472.0 524.0
38169170597.0 553.0
38207901911.0 586.0
38227915530.0 372.0
38318968962.0 614.0
38328952686.0 584.0
38365998659.0 595.0
38426249635.0 332.0
38517402458.0 111.0
38725802324.0 618.0
38827608426.0 650.0
38836948818.0 567.0
38883390411.0 452.0
38890427697.0 624.0
39000193309.0 533.0
39018284339.0 592.0
39044450556.0 607.0
39109309412.0 574.0
39126387985.0 208.0
39282020435.0 342.0
39590081429.0 423.0
39658746073.0 597.0
39665860192.0 215.0
39764000888.0 496.0
39856447465.0 474.0
39945294232.0 586.0
40009125617.0 530.0
40123437449.0 438.0
40134528652.0 441.0
40197316928.0 434.0
40384806428.0 400.0
40654658186.0 581.0
40667384504.0 392.0
40734025382.0 559.0
40738646332.0 86.0
40824903384.0 597.0
41056101003.0 497.0
41146486648.0 602.0
41287056117.0 394.0
41330438924.0 605.0
41564846582.0 608.0
41787678131.0 378.0
41828861002.0 517.0
41830055739.0 99.0
41834809278.0 579.0
42106406486.0 480.0
42201336247.0 598.0
42211197617.0 396.0
42431216350.0 536.0
42438133407.0 473.0
42496943562.0 559.0
42537766101.0 151.0
42640264249.0 587.0
42664850426.0 520.0
42678121600.0 560.0
42685864860.0 594.0
42867460322.0 544.0
42977818775.0 250.0
43116170310.0 655.0
43121659711.0 568.0
43172762019.0 573.0
43253664610.0 638.0
43482281706.0 601.0
43529695583.0 540.0
43580378213.0 422.0
43838885740.0 358.0
44004422760.0 424.0
44026824594.0 448.0
44045114158.0 546.0
44061742506.0 367.0
44129872899.0 578.0
44380628056.0 553.0
44421758137.0 437.0
44599061085.0 564.0
44631420720.0 609.0
45162750842.0 509.0
45170054442.0 595.0
45188116174.0 431.0
45302618836.0 539.0
45376671813.0 631.0
45399822627.0 387.0
45528673005.0 534.0
45641783335.0 189.0
45781343569.0 482.0
45897402986.0 438.0
46056078860.0 284.0
46161352200.0 292.0
46196768806.0 439.0
46361535195.0 272.0
46434138950.0 291.0
46442710068.0 482.0
46455646497.0 567.0
46505752170.0 483.0
46531331721.0 491.0
46864578061.0 387.0
46865163476.0 373.0
46893344847.0 410.0
47097379231.0 532.0
47129630105.0 416.0
47297233243.0 442.0
47299080128.0 375.0
47347127697.0 505.0
47636904437.0 551.0
47666962219.0 606.0
47821515955.0 354.0
47866298226.0 603.0
47937693853.0 425.0
47977096691.0 585.0
48110951909.0 543.0
48358648863.0 506.0
48390316237.0 572.0
48567765121.0 615.0
48758155137.0 526.0
48770004001.0 579.0
48817930449.0 490.0
48904227612.0 397.0
49007342850.0 565.0
49151346255.0 579.0
49456032317.0 472.0
49525382228.0 433.0
49541690049.0 574.0
49633583711.0 670.0
49643935264.0 193.0
49654150181.0 470.0
49681054806.0 383.0
49727929579.0 419.0
49844100608.0 523.0
49952127799.0 622.0
50135468171.0 569.0
50434740163.0 571.0
50537511365.0 571.0
50587514357.0 529.0
50688218493.0 472.0
50733724055.0 526.0
50735743615.0 63.0
50860050910.0 626.0
50884875715.0 451.0
51069146734.0 496.0
51142402551.0 501.0
51274764778.0 315.0
51448215739.0 520.0
51595416263.0 430.0
51738085269.0 377.0
51857912172.0 403.0
51871760497.0 437.0
51891801439.0 528.0
51892583055.0 431.0
51930209341.0 375.0
52055936501.0 400.0
52079553079.0 522.0
52124686045.0 549.0
52131276230.0 560.0
52174117685.0 587.0
52209142079.0 526.0
52210265335.0 564.0
52288000324.0 182.0
52317438382.0 351.0
52428059644.0 528.0
52465253728.0 514.0
52628116753.0 572.0
52744369867.0 521.0
52851084621.0 341.0
52891517560.0 479.0
53325426384.0 522.0
53336991354.0 416.0
53349897849.0 543.0
53352318705.0 475.0
53466887044.0 354.0
53621731442.0 546.0
53723879318.0 498.0
53740322552.0 584.0
53802552905.0 442.0
53899324307.0 404.0
53932131150.0 466.0
54078963202.0 415.0
54101680527.0 410.0
54107410994.0 389.0
54265822530.0 476.0
54544406914.0 591.0
54550597833.0 549.0
54567444542.0 382.0
54812895225.0 74.0
54862346823.0 594.0
54904577751.0 590.0
54997019464.0 408.0
55074037930.0 424.0
55310994799.0 486.0
55332343895.0 632.0
55477902079.0 444.0
55546400829.0 254.0
55570217543.0 472.0
55794068892.0 597.0
55797943600.0 604.0
56135276161.0 362.0
56143422339.0 505.0
56195887261.0 576.0
56326353245.0 599.0
56329286386.0 570.0
56473425643.0 566.0
56578678063.0 543.0
56616267608.0 555.0
56624125773.0 467.0
56765069283.0 555.0
56860599746.0 635.0
56933035413.0 570.0
57111753529.0 588.0
57238823343.0 506.0
57398432393.0 549.0
57518764119.0 574.0
57582461225.0 215.0
57642986428.0 431.0
57694257383.0 450.0
57701531556.0 620.0
57737098907.0 138.0
58015705777.0 476.0
58082846446.0 367.0
58190285997.0 393.0
58244782973.0 536.0
58549037089.0 444.0
58763991670.0 487.0
58876962366.0 594.0
58972440645.0 444.0
59096879795.0 428.0
59131031468.0 448.0
59290978371.0 388.0
59293608719.0 465.0
59466579466.0 393.0
59665600110.0 599.0
59687662757.0 439.0
59779765401.0 604.0
59973045218.0 545.0
59995161231.0 384.0
60098510426.0 178.0
60392719312.0 466.0
60423215701.0 466.0
60707696693.0 146.0
60718278725.0 573.0
60731781271.0 416.0
60738721502.0 544.0
60814749189.0 316.0
60991383578.0 170.0
61258132999.0 399.0
61285192520.0 190.0
61476832231.0 524.0
61580569044.0 428.0
61626132324.0 269.0
61757905650.0 632.0
61809859693.0 558.0
61870831356.0 488.0
61906141708.0 509.0
62030870245.0 395.0
62032125987.0 413.0
62168475837.0 582.0
62187494889.0 564.0
62247129989.0 563.0
62585688667.0 544.0
62627270608.0 625.0
62825413576.0 397.0
63003707609.0 659.0
63074191579.0 472.0
63121504486.0 422.0
63228869789.0 75.0
63415823333.0 579.0
63427981956.0 502.0
63446470019.0 633.0
63594117257.0 432.0
63598636468.0 555.0
63634916510.0 167.0
63759529641.0 452.0
63828453646.0 415.0
63864585613.0 451.0
64082233622.0 585.0
64084720172.0 396.0
64156743989.0 215.0
64166412528.0 541.0
64218228099.0 421.0
64261329107.0 562.0
64496912475.0 468.0
64535312802.0 581.0
64656323801.0 559.0
64754033910.0 625.0
64771715513.0 534.0
64898105320.0 70.0
64926800644.0 441.0
64995683015.0 397.0
65212881079.0 475.0
65214612360.0 507.0
65362651334.0 573.0
65400912377.0 456.0
65412017682.0 596.0
65777805520.0 438.0
65806433898.0 554.0
65841300201.0 410.0
65856684691.0 361.0
65876261916.0 558.0
66239476839.0 261.0
66321605787.0 337.0
66405534080.0 463.0
66457764318.0 306.0
66574965648.0 383.0
66649158503.0 626.0
66661131467.0 388.0
66722015442.0 568.0
66816130494.0 604.0
66908167201.0 547.0
67179253334.0 501.0
67181187355.0 606.0
67201645646.0 591.0
67249845233.0 383.0
67306145568.0 569.0
67339894577.0 562.0
67542313168.0 536.0
67569360453.0 440.0
67619532103.0 537.0
67696796293.0 626.0
67819387058.0 440.0
67863296046.0 364.0
67885878945.0 379.0
67926787881.0 468.0
67973804274.0 402.0
68049444053.0 606.0
68067062554.0 374.0
68081392228.0 578.0
68158706977.0 204.0
68203094028.0 487.0
68275490066.0 423.0
68343497251.0 573.0
68451275089.0 556.0
68566719417.0 507.0
68721045749.0 507.0
68770877004.0 563.0
68924283588.0 220.0
68924497132.0 534.0
69087169053.0 428.0
69108767481.0 555.0
69140268463.0 583.0
69148956683.0 528.0
69166477392.0 548.0
69308885600.0 393.0
69341275717.0 577.0
69455172594.0 582.0
69460647582.0 497.0
69538803535.0 498.0
69605427610.0 505.0
69622029736.0 365.0
69658604040.0 555.0
69732926208.0 431.0
69748310853.0 544.0
69777405349.0 372.0
69870693647.0 227.0
70069660691.0 502.0
70149476786.0 382.0
70217927142.0 396.0
70254912722.0 463.0
70363906577.0 565.0
70433071687.0 569.0
70445985479.0 479.0
70494705513.0 528.0
70515451959.0 439.0
70574791438.0 568.0
70747961557.0 597.0
70867621660.0 557.0
71081757303.0 543.0
71114747941.0 616.0
71219676128.0 600.0
71231476345.0 344.0
71352817870.0 580.0
71460191536.0 402.0
71586585728.0 531.0
71736530405.0 503.0
71814180988.0 562.0
71824794434.0 506.0
71942453430.0 338.0
72005710620.0 467.0
72029182727.0 225.0
72091333579.0 271.0
72161106154.0 629.0
72255312909.0 637.0
72678159208.0 273.0
72682487385.0 497.0
72711176478.0 600.0
72735984320.0 377.0
72742599958.0 571.0
72817722305.0 504.0
72931984006.0 559.0
73014429880.0 435.0
73132195375.0 427.0
73220175540.0 469.0
73353674454.0 572.0
73367757955.0 593.0
73419121095.0 456.0
73425511996.0 389.0
73438946096.0 378.0
73561733956.0 469.0
73584992082.0 616.0
73987763435.0 541.0
73995853522.0 458.0
74302240429.0 367.0
74308019492.0 383.0
74460432489.0 173.0
74487484407.0 483.0
74496006120.0 517.0
74582702621.0 611.0
74694902147.0 589.0
74748743016.0 245.0
74831648951.0 286.0
74920545370.0 632.0
75043547124.0 566.0
75098138668.0 592.0
75115494307.0 588.0
75279420164.0 504.0
75331057018.0 522.0
75418908622.0 406.0
75442421688.0 370.0
75478890385.0 306.0
75636184813.0 447.0
75723722677.0 506.0
75799066870.0 495.0
75817343624.0 586.0
76394189636.0 407.0
76421279647.0 391.0
76650690142.0 582.0
76704799806.0 494.0
76732936619.0 508.0
76899957154.0 438.0
76913742682.0 588.0
77129311044.0 478.0
77173788282.0 616.0
77240411502.0 582.0
77268152301.0 541.0
77276943084.0 459.0
77396492720.0 288.0
77435322606.0 467.0
77486798277.0 529.0
77615476898.0 543.0
77639104198.0 345.0
77690924940.0 498.0
77799795739.0 584.0
77800837813.0 600.0
77815442444.0 613.0
77879429234.0 580.0
77945349707.0 487.0
78110307039.0 585.0
78161266753.0 542.0
78294641972.0 512.0
78352384494.0 544.0
78478600889.0 400.0
78530159782.0 412.0
78602738690.0 531.0
78669186159.0 460.0
78852725013.0 582.0
78874751284.0 422.0
78955305031.0 574.0
78970621120.0 545.0
78979935216.0 557.0
78987079517.0 610.0
79024948936.0 608.0
79159046103.0 369.0
79227192489.0 569.0
79296959594.0 565.0
79333576263.0 546.0
79377547512.0 444.0
79498506940.0 412.0
79666693412.0 609.0
79702001937.0 552.0
80013719029.0 521.0
80148575845.0 362.0
80178109148.0 548.0
80301585910.0 497.0
80305326062.0 548.0
80343670113.0 364.0
80355497899.0 378.0
80364745335.0 569.0
80588418995.0 390.0
80662067632.0 602.0
80690401530.0 158.0
80786866262.0 444.0
80870638164.0 614.0
80954218600.0 629.0
81135458238.0 580.0
81221409031.0 560.0
81303182663.0 528.0
81459318282.0 404.0
81467939262.0 196.0
81898642859.0 373.0
82227253826.0 457.0
82231244576.0 546.0
82261199964.0 432.0
82274353593.0 427.0
82368288378.0 342.0
82463526920.0 475.0
82516285035.0 342.0
82546823863.0 178.0
82712431578.0 442.0
82821465664.0 550.0
82851647265.0 560.0
82863074085.0 592.0
82876914602.0 635.0
82880748214.0 445.0
82880768210.0 592.0
82956976267.0 493.0
83020067956.0 565.0
83047007384.0 419.0
83197499274.0 568.0
83308693912.0 523.0
83327002404.0 173.0
83377195579.0 578.0
83575723863.0 409.0
83579055581.0 544.0
83582826843.0 384.0
83737475248.0 433.0
83765727570.0 381.0
83819244832.0 352.0
83967957464.0 460.0
84026464782.0 615.0
84039506356.0 389.0
84177796547.0 575.0
84216347465.0 558.0
84226010657.0 401.0
84235170903.0 563.0
84529701884.0 515.0
84551187661.0 567.0
84620676144.0 304.0
84690514933.0 484.0
84864764125.0 557.0
84901288878.0 563.0
85017923670.0 618.0
85039394495.0 529.0
85250988156.0 394.0
85258788551.0 445.0
85330346077.0 577.0
85364926914.0 610.0
85458382147.0 580.0
85481892492.0 594.0
85522795559.0 575.0
85589565945.0 454.0
85719809542.0 387.0
85808085233.0 587.0
85858086660.0 326.0
86122940650.0 393.0
86200610053.0 278.0
86249588744.0 569.0
86635441307.0 505.0
86899335473.0 518.0
86948149576.0 456.0
87004254830.0 442.0
87248756541.0 440.0
87325579724.0 296.0
87338629325.0 268.0
87365884108.0 555.0
87367757436.0 436.0
87475399619.0 476.0
87554272747.0 518.0
87677702284.0 494.0
87706776007.0 554.0
87770286565.0 377.0
87828345025.0 608.0
87843416385.0 594.0
88016665533.0 550.0
88040882916.0 551.0
88069868687.0 563.0
88194703188.0 574.0
88218359788.0 430.0
88259618884.0 546.0
88281847706.0 568.0
88416561633.0 580.0
88612020614.0 436.0
88627023071.0 463.0
88629575261.0 444.0
88634701061.0 408.0
88642734254.0 544.0
88678193626.0 377.0
88811579129.0 158.0
88830278620.0 174.0
88864028543.0 540.0
88901633287.0 560.0
89031164807.0 371.0
89355381832.0 350.0
89595106191.0 393.0
89690084220.0 570.0
89699767240.0 263.0
89813079832.0 607.0
89819908919.0 399.0
89852674675.0 578.0
90040306536.0 424.0
90201789902.0 584.0
90229794012.0 628.0
90236701496.0 581.0
90269915410.0 473.0
90394402102.0 244.0
90596074891.0 450.0
90756258062.0 367.0
90885613285.0 561.0
90968912867.0 566.0
91000345499.0 250.0
91201056300.0 576.0
91237061653.0 542.0
91240021920.0 139.0
91350610168.0 377.0
91637088514.0 516.0
91646258075.0 470.0
91663300139.0 370.0
91768732249.0 404.0
91780479103.0 583.0
91890596286.0 603.0
91905857932.0 524.0
92298667283.0 567.0
92586393788.0 572.0
92590021554.0 543.0
92617763529.0 430.0
92636309287.0 601.0
92696863469.0 595.0
92771690391.0 574.0
92884308847.0 431.0
92982625382.0 599.0
93013813105.0 194.0
93024632564.0 541.0
93050347496.0 486.0
93082238512.0 476.0
93084000609.0 564.0
93115282961.0 370.0
93121738740.0 176.0
93236850291.0 586.0
93243025078.0 212.0
93541739245.0 521.0
93728028801.0 596.0
93888664404.0 576.0
93908248950.0 433.0
93920691758.0 585.0
93933100426.0 535.0
94347292370.0 403.0
94540756774.0 580.0
94560135589.0 292.0
94741158637.0 220.0
94913868301.0 565.0
94918047062.0 523.0
95061272364.0 353.0
95334630670.0 276.0
95430452959.0 239.0
95586840421.0 545.0
95701146296.0 587.0
95731756374.0 600.0
95773422005.0 629.0
95932337530.0 546.0
95938935980.0 600.0
96371632930.0 598.0
96481522771.0 632.0
96549094599.0 395.0
96585506034.0 407.0
96693123022.0 495.0
96786993444.0 582.0
96982744979.0 430.0
97000985061.0 434.0
97762558248.0 562.0
97777158768.0 486.0
97928453631.0 592.0
97937518384.0 417.0
97955448851.0 484.0
98204341613.0 578.0
98249790014.0 562.0
98349254646.0 564.0
98400564941.0 514.0
98534743826.0 440.0
98554501829.0 595.0
98558829442.0 371.0
98606066853.0 392.0
98654578878.0 506.0
98668672176.0 415.0
98729045723.0 590.0
98792590625.0 446.0
98806770626.0 454.0
99007683889.0 401.0
99124899886.0 386.0
99137363714.0 394.0
99609069865.0 539.0
99624637518.0 442.0
99797256757.0 597.0
99843145446.0 424.0
99852482507.0 388.0
100198408099.0 431.0
100322930538.0 530.0
100352806901.0 584.0
100444345542.0 171.0
100661456135.0 584.0
100665708896.0 305.0
100717558932.0 533.0
100750243579.0 618.0
100863874534.0 548.0
100883701395.0 630.0
100934032539.0 394.0
100958713431.0 558.0
101013418918.0 330.0
101062402761.0 391.0
101131991594.0 600.0
101144543459.0 345.0
101261797712.0 590.0
101284269422.0 460.0
101285735539.0 629.0
101413391651.0 581.0
101633273148.0 553.0
101682958615.0 596.0
101748795870.0 549.0
101801645826.0 409.0
101862165420.0 570.0
101890064803.0 571.0
101907463029.0 575.0
102035877521.0 602.0
102100683450.0 176.0
102220762424.0 424.0
102284886574.0 546.0
102312384069.0 160.0
102863364505.0 591.0
102884249410.0 566.0
102911493630.0 509.0
103020904312.0 518.0
103076424089.0 548.0
103102869999.0 508.0
103156489504.0 627.0
103238267413.0 280.0
103256590381.0 490.0
103426297997.0 536.0
103436720792.0 538.0
103566042266.0 577.0
103582660638.0 489.0
103689840909.0 571.0
103736549039.0 495.0
103738507880.0 582.0
103925114550.0 576.0
103953324954.0 538.0
104108249508.0 345.0
104155580762.0 355.0
104239789814.0 519.0
104283126693.0 623.0
104376176649.0 487.0
104405509795.0 584.0
104540014149.0 158.0
104676206359.0 541.0
104722584682.0 576.0
104790751646.0 430.0
104830786779.0 477.0
104852888602.0 380.0
105034105335.0 531.0
105183918743.0 326.0
105376477215.0 313.0
105388361200.0 379.0
105530953882.0 591.0
105595390986.0 477.0
105698298683.0 559.0
105877828031.0 158.0
105940702208.0 550.0
105941003141.0 576.0
106327741538.0 487.0
106434590678.0 443.0
106443306679.0 562.0
106513849126.0 603.0
106560801070.0 260.0
106619199466.0 371.0
106764710034.0 397.0
107041689271.0 420.0
107094304018.0 285.0
107126706233.0 443.0
107174035250.0 552.0
107210556639.0 425.0
107238066734.0 577.0
107260498595.0 588.0
107263500631.0 522.0
107271517979.0 419.0
107623276049.0 578.0
107677143737.0 387.0
107711189395.0 557.0
107819382286.0 350.0
107866273275.0 441.0
107897065098.0 258.0
107897887515.0 577.0
107991381856.0 553.0
108009483016.0 577.0
108037270578.0 415.0
108251621284.0 596.0
108291157024.0 399.0
108338705014.0 598.0
108355259565.0 520.0
108405252377.0 549.0
108524426769.0 545.0
108612209308.0 278.0
108689002032.0 563.0
108699922643.0 211.0
108761657749.0 385.0
108824276294.0 585.0
108872699440.0 306.0
108941796481.0 473.0
108957561765.0 560.0
109018359770.0 572.0
109137323687.0 394.0
109238055081.0 398.0
109416124288.0 557.0
109450011431.0 516.0
109584905469.0 593.0
109667492792.0 607.0
109688128869.0 531.0
109817760622.0 424.0
109974637463.0 589.0
110115522443.0 554.0
110149592558.0 396.0
110251602498.0 545.0
110398852299.0 400.0
110576200779.0 632.0
110583355349.0 408.0
110827608986.0 375.0
110834344263.0 539.0
110955573018.0 564.0
111154586224.0 578.0
111288515370.0 396.0
111458499036.0 543.0
111524264084.0 462.0
111702036034.0 421.0
111724186011.0 398.0
111756368208.0 535.0
111779557272.0 618.0
111945981551.0 610.0
111977903071.0 343.0
112188792451.0 566.0
112194393122.0 515.0
112241299620.0 604.0
112272229207.0 529.0
112390990678.0 576.0
112474086868.0 598.0
112627477366.0 576.0
112928752120.0 531.0
113123317334.0 413.0
113123628379.0 599.0
113224441490.0 538.0
113264746604.0 359.0
113402829219.0 430.0
113602448638.0 613.0
113603932681.0 342.0
113854121446.0 250.0
113943273721.0 549.0
114012603379.0 429.0
114038130829.0 541.0
114088631325.0 584.0
114177859195.0 529.0
114279674582.0 322.0
114709680777.0 626.0
114835815543.0 547.0
114848504622.0 552.0
115357896029.0 551.0
115417774609.0 447.0
115578507555.0 441.0
115771725302.0 356.0
115866990221.0 608.0
116100210791.0 405.0
116220794982.0 490.0
116233561802.0 349.0
116394232251.0 405.0
116412001859.0 546.0
116636586316.0 464.0
116698255784.0 595.0
117137617925.0 556.0
117210103878.0 545.0
117264300967.0 362.0
117316645549.0 519.0
117483131838.0 580.0
117583092159.0 400.0
117584672075.0 598.0
117783727885.0 586.0
117795941462.0 418.0
117828919243.0 362.0
118080278474.0 535.0
118212940596.0 382.0
118264617387.0 614.0
118266446533.0 389.0
118310239832.0 536.0
118462087483.0 601.0
118509919777.0 455.0
118620764404.0 410.0
118700768851.0 279.0
118825754155.0 456.0
118914357099.0 367.0
119056209888.0 580.0
119457336010.0 562.0
119475543028.0 576.0
119498049371.0 550.0
119596231047.0 551.0
119600433807.0 117.0
119605104578.0 375.0
119607913476.0 486.0
119624896831.0 245.0
119666747884.0 574.0
119741856573.0 603.0
119996617500.0 599.0
119999791910.0 547.0
120261575210.0 440.0
120388244807.0 592.0
120439904511.0 384.0
120589298661.0 451.0
120596191152.0 608.0
120597113192.0 250.0
120798336348.0 409.0
120861263858.0 131.0
120994821152.0 384.0
121233596115.0 444.0
121307873283.0 538.0
121326648469.0 272.0
121351104771.0 605.0
121411256783.0 431.0
121517088680.0 443.0
121548321177.0 537.0
121577094771.0 412.0
121655784141.0 574.0
121687646329.0 418.0
121703040037.0 509.0
121920562846.0 419.0
121973408091.0 610.0
122062720788.0 585.0
122073575089.0 544.0
122085494445.0 428.0
122119948601.0 536.0
122406801371.0 578.0
122504759600.0 483.0
122581774803.0 552.0
122589758471.0 462.0
122647278967.0 580.0
122684013370.0 431.0
122776817404.0 489.0
122810247509.0 538.0
122827388617.0 616.0
122970415937.0 492.0
122987386865.0 454.0
122989516125.0 548.0
123086921920.0 325.0
123220451615.0 605.0
123389888204.0 594.0
123447537055.0 257.0
123457163439.0 397.0
123480409220.0 479.0
123568961931.0 572.0
123752073668.0 564.0
123754539938.0 593.0
123795947504.0 471.0
123886687367.0 375.0
123915556752.0 437.0
123932218479.0 582.0
123991137363.0 312.0
124026359993.0 596.0
124111828049.0 512.0
124287743258.0 443.0
124487465548.0 585.0
124504987306.0 586.0
124618462214.0 559.0
124729956122.0 361.0
124909293828.0 562.0
124931695782.0 365.0
125005533656.0 479.0
125304999359.0 391.0
125418384193.0 397.0
125422822349.0 483.0
125451484445.0 405.0
125537749971.0 587.0
125572130485.0 625.0
125692315704.0 221.0
125761482494.0 596.0
125797742673.0 388.0
125864011651.0 405.0
125926229113.0 237.0
126225679118.0 353.0
126417853853.0 614.0
126519426909.0 483.0
126537795884.0 401.0
126637771816.0 527.0
126825472348.0 595.0
126843032870.0 512.0
126869147026.0 447.0
127082492546.0 458.0
127201198587.0 239.0
127284393276.0 552.0
127329355022.0 337.0
127346318856.0 431.0
127510882168.0 384.0
127549899374.0 608.0
127558007550.0 582.0
127613985839.0 494.0
127630801929.0 480.0
127690793992.0 587.0
127692378324.0 401.0
127802448937.0 587.0
127815008431.0 589.0
127988951759.0 604.0
128138865011.0 358.0
128152550808.0 459.0
128221961144.0 473.0
128314816971.0 553.0
128319423840.0 457.0
128338117343.0 611.0
128404871725.0 546.0
128437292296.0 399.0
128458658146.0 608.0
128509831580.0 562.0
128582612681.0 452.0
128583157216.0 532.0
128667382499.0 614.0
128748092261.0 437.0
128838997163.0 467.0
128974291333.0 512.0
129137275101.0 429.0
129162328210.0 568.0
129394084188.0 602.0
129408563930.0 441.0
129519391996.0 583.0
129532558903.0 520.0
129747293536.0 621.0
129978862710.0 558.0
130116133331.0 604.0
130132513289.0 370.0
130139112539.0 594.0
130139117590.0 496.0
130173524785.0 371.0
130232243011.0 589.0
130379143808.0 407.0
130426913046.0 496.0
130633883510.0 483.0
130681528485.0 433.0
130692891381.0 447.0
130892032875.0 567.0
130975590609.0 499.0
131125316870.0 574.0
131246730494.0 469.0
131310121655.0 523.0
131312747242.0 608.0
131359333955.0 248.0
131412611848.0 548.0
131510855814.0 540.0
131567490833.0 583.0
131666657611.0 391.0
131694011641.0 614.0
131724945889.0 560.0
131953258588.0 553.0
132138420369.0 502.0
132191962717.0 371.0
132264926712.0 339.0
132307385794.0 392.0
132396503326.0 557.0
132486089457.0 423.0
132586118594.0 607.0
132634533373.0 547.0
132701196924.0 557.0
132761400418.0 247.0
132763591661.0 593.0
132770753030.0 372.0
132820609381.0 569.0
132829604964.0 420.0
132869556996.0 522.0
133015434876.0 558.0
133153559654.0 555.0
133308129690.0 583.0
133370055561.0 381.0
133520943047.0 365.0
133625862642.0 471.0
133671647384.0 480.0
133698424016.0 593.0
133756570380.0 405.0
133864131003.0 322.0
133877057022.0 503.0
133984360626.0 389.0
134024795224.0 649.0
134451844111.0 274.0
134666038759.0 540.0
134768337956.0 292.0
134919652591.0 591.0
135153856569.0 463.0
135174094303.0 427.0
135217005876.0 366.0
135236580531.0 446.0
135420013940.0 374.0
135475961632.0 505.0
135821844603.0 428.0
135822313350.0 510.0
135888095594.0 552.0
135943574025.0 537.0
136047389516.0 517.0
136063055973.0 580.0
136152734035.0 506.0
136178618171.0 454.0
136234716812.0 472.0
136261513330.0 539.0
136268136452.0 339.0
136389307096.0 535.0
136448216241.0 378.0
136479418368.0 584.0
136839829583.0 492.0
137106976776.0 509.0
137149215783.0 421.0
137325292871.0 555.0
137470628619.0 607.0
137498879181.0 531.0
137523815988.0 602.0
137780077595.0 673.0
137963279911.0 437.0
138262487995.0 448.0
138373180170.0 561.0
138384151020.0 599.0
138423354367.0 263.0
138518347964.0 437.0
138650719133.0 577.0
138745853958.0 385.0
138814385525.0 481.0
138818723988.0 425.0
138933043991.0 510.0
138974157755.0 512.0
139104008584.0 597.0
139474884858.0 542.0
139686321625.0 586.0
139962193943.0 368.0
140028037449.0 196.0
140108630514.0 468.0
140112095749.0 541.0
140466461667.0 537.0
140722035697.0 162.0
140736730840.0 374.0
140940825314.0 567.0
140945838627.0 453.0
140996877558.0 537.0
141002313138.0 604.0
141225091193.0 527.0
141344653874.0 389.0
141500298682.0 509.0
141668964197.0 569.0
141761110529.0 496.0
141910740133.0 554.0
141970581013.0 384.0
142118663867.0 430.0
142151539750.0 568.0
142455067857.0 552.0
142496992198.0 385.0
142510469810.0 606.0
142563705583.0 575.0
142732768503.0 420.0
142796051522.0 447.0
142802950424.0 492.0
142837978131.0 270.0
143195172718.0 579.0
143237672757.0 568.0
143349891682.0 501.0
143635580979.0 593.0
143752775533.0 330.0
143961506837.0 400.0
144150157563.0 581.0
144162732247.0 102.0
144266037066.0 505.0
144303972721.0 597.0
144340956292.0 151.0
144361298010.0 517.0
144421974781.0 383.0
144619640533.0 359.0
144651820162.0 280.0
144910325485.0 509.0
145047486367.0 545.0
145065574711.0 363.0
145081916059.0 382.0
145113010220.0 419.0
145241050748.0 236.0
145250230169.0 418.0
145374395184.0 375.0
145434490459.0 73.0
145484664200.0 592.0
145607210975.0 546.0
145667293339.0 553.0
145717582359.0 667.0
145862439583.0 547.0
146031447322.0 524.0
146110215617.0 561.0
146164059200.0 537.0
146456221211.0 340.0
146503989105.0 379.0
146527750467.0 555.0
146620964928.0 573.0
146645042777.0 426.0
146674159213.0 608.0
146746218339.0 520.0
146822449707.0 593.0
146861461440.0 564.0
146870483955.0 500.0
146960084333.0 300.0
146987820955.0 409.0
147060894342.0 516.0
147118653950.0 394.0
147262280850.0 568.0
147275121501.0 407.0
147283366284.0 418.0
147388955632.0 577.0
147435391229.0 583.0
147440809434.0 597.0
147603621676.0 596.0
147612590231.0 475.0
147708755333.0 456.0
147740329832.0 576.0
147805876853.0 384.0
147838591738.0 521.0
147856430912.0 584.0
147909617355.0 277.0
147956555209.0 427.0
148157495069.0 469.0
148180768402.0 544.0
148201317323.0 565.0
148257806391.0 583.0
148259024370.0 328.0
148361530575.0 257.0
148428017868.0 535.0
148441315857.0 554.0
148481300373.0 475.0
148516085533.0 410.0
148605479292.0 473.0
148633280943.0 376.0
148684209409.0 405.0
148743278383.0 573.0
148847186812.0 553.0
148902761081.0 547.0
148939946641.0 314.0
149188150383.0 612.0
149312691094.0 416.0
149455723279.0 595.0
149839141620.0 520.0
149980049954.0 555.0
150028146379.0 422.0
150179818546.0 366.0
150193445831.0 469.0
150422029864.0 413.0
150468404136.0 573.0
150530533805.0 537.0
150553868929.0 451.0
150631385904.0 610.0
150684390784.0 431.0
150692119048.0 508.0
150718883441.0 609.0
150813169821.0 344.0
150923237490.0 511.0
150923807117.0 643.0
151212360668.0 554.0
151390872067.0 458.0
151589454647.0 541.0
151844364492.0 423.0
151884364465.0 402.0
151967380428.0 363.0
152062859205.0 523.0
152231419955.0 316.0
152287671044.0 365.0
152355285831.0 472.0
152411703386.0 390.0
152418326701.0 499.0
152447570494.0 358.0
152457754352.0 597.0
152473856214.0 519.0
152633836776.0 561.0
152705386907.0 407.0
152901156954.0 540.0
152983063328.0 550.0
153244340642.0 529.0
153292631682.0 551.0
153406116116.0 414.0
153525198896.0 307.0
153701074325.0 546.0
153815642934.0 575.0
153887381730.0 437.0
153901920897.0 575.0
154271867499.0 442.0
154388844373.0 463.0
154463926243.0 469.0
154560566463.0 593.0
154608130537.0 564.0
154805559349.0 583.0
154966020434.0 611.0
155028417073.0 283.0
155100953934.0 366.0
155120996222.0 573.0
155364242125.0 599.0
155423069511.0 510.0
155467791257.0 564.0
155558857585.0 333.0
155590110718.0 514.0
155591920301.0 570.0
155710983554.0 414.0
155878793737.0 602.0
156249149314.0 329.0
157059048805.0 388.0
157131491741.0 615.0
157219940638.0 449.0
157303171189.0 289.0
157369683321.0 78.0
157445469488.0 440.0
157553868455.0 592.0
157569761935.0 322.0
157590411193.0 539.0
157609330961.0 441.0
157684398724.0 565.0
157758467344.0 646.0
157868046358.0 429.0
157951946058.0 445.0
157981505905.0 91.0
158076503170.0 657.0
158190651896.0 607.0
158288105932.0 577.0
158449379293.0 631.0
158716892764.0 540.0
158809667896.0 469.0
158867205369.0 345.0
158875644248.0 425.0
158902315262.0 553.0
159010892970.0 521.0
159161856068.0 396.0
159196567689.0 489.0
159219174564.0 516.0
159253339889.0 406.0
159404464032.0 557.0
159566471562.0 260.0
159598229387.0 583.0
159610515647.0 461.0
159612461301.0 571.0
159646018656.0 588.0
159783021761.0 552.0
159790895357.0 496.0
159925321592.0 398.0
159927787541.0 486.0
160169640859.0 534.0
160331036356.0 418.0
160550792993.0 501.0
160694323709.0 452.0
160762140407.0 466.0
161136615218.0 625.0
161225157035.0 529.0
161625977290.0 366.0
161850245071.0 498.0
161861914420.0 570.0
161921614155.0 586.0
161969960220.0 470.0
162022438609.0 591.0
162074510028.0 431.0
162088501046.0 552.0
162172633482.0 297.0
162315282766.0 471.0
162357772584.0 359.0
162450060292.0 491.0
162455312320.0 542.0
162471182315.0 419.0
162491698204.0 552.0
162501545110.0 146.0
162543887574.0 562.0
162614379637.0 527.0
162703594656.0 379.0
162755965906.0 395.0
162852960116.0 480.0
162855250426.0 498.0
162858593829.0 490.0
162882283463.0 516.0
162927474503.0 579.0
163019256242.0 499.0
163160043047.0 555.0
163413464627.0 566.0
163525857888.0 326.0
163599758483.0 625.0
163751083408.0 529.0
163851894470.0 514.0
163869310680.0 638.0
163893860090.0 628.0
163974159162.0 486.0
164037471957.0 430.0
164088547767.0 222.0
164395028561.0 626.0
164455798503.0 516.0
164460208973.0 281.0
164549142711.0 459.0
164735487939.0 604.0
164943973371.0 521.0
165038268599.0 234.0
165102311763.0 584.0
165147628557.0 648.0
165203770025.0 617.0
165277071124.0 398.0
165307860720.0 443.0
165595757973.0 544.0
165742062786.0 416.0
165757566955.0 586.0
165858623582.0 564.0
166151888759.0 385.0
166157791241.0 605.0
166178749962.0 404.0
166215513090.0 431.0
166245668081.0 477.0
166335484621.0 588.0
166375006597.0 191.0
166432562357.0 408.0
166473746816.0 516.0
166590430031.0 362.0
166639691189.0 548.0
166706354830.0 266.0
166707474326.0 463.0
166922323184.0 535.0
167007363409.0 593.0
167045969378.0 515.0
167110447250.0 654.0
167113507397.0 504.0
167295818642.0 533.0
167407321319.0 500.0
167463325803.0 559.0
167727234423.0 380.0
168036429262.0 427.0
168091231487.0 578.0
168150829728.0 551.0
168226107869.0 531.0
168239702554.0 596.0
168311007008.0 478.0
168316581015.0 549.0
168322130202.0 586.0
168349116493.0 554.0
168567081320.0 657.0
168587399079.0 371.0
168647918145.0 363.0
168698650783.0 494.0
168726116639.0 374.0
168942620623.0 603.0
169052576316.0 575.0
169241067722.0 594.0
169398440869.0 347.0
169467713825.0 579.0
169614837223.0 552.0
169723198632.0 566.0
169796979156.0 361.0
169837457454.0 372.0
169850121273.0 405.0
169877776511.0 583.0
170094975529.0 381.0
170212556921.0 437.0
170268974834.0 524.0
170305919019.0 365.0
170374351666.0 578.0
170473004815.0 454.0
170619272497.0 397.0
170664669390.0 631.0
170677305599.0 574.0
170685945075.0 456.0
170763541683.0 547.0
170821066848.0 512.0
170844132493.0 523.0
170978808960.0 451.0
171081062632.0 535.0
171084917606.0 436.0
171126548519.0 67.0
171469993302.0 557.0
171524878435.0 479.0
171564954149.0 527.0
171723610032.0 470.0
171737495724.0 449.0
171897440106.0 555.0
171995033833.0 500.0
172008219220.0 594.0
172025661088.0 292.0
172060631712.0 464.0
172097821703.0 487.0
172196686099.0 488.0
172248049801.0 629.0
172319287270.0 513.0
172424843929.0 387.0
172556393673.0 583.0
172621847754.0 483.0
172713969787.0 560.0
172735811692.0 424.0
172791541024.0 596.0
172908584945.0 309.0
172909646783.0 539.0
173090989807.0 580.0
173145136240.0 576.0
173332264541.0 532.0
173381318139.0 418.0
173496858743.0 437.0
173499875727.0 467.0
173532360769.0 530.0
173590112622.0 591.0
173623984847.0 592.0
173648411022.0 508.0
173871970355.0 425.0
173873795434.0 583.0
173885644704.0 588.0
173889536500.0 494.0
173892249855.0 573.0
173895498198.0 535.0
174056772015.0 652.0
174077057686.0 428.0
174113674416.0 549.0
174193685144.0 519.0
174289410813.0 455.0
174322077157.0 459.0
174436919050.0 425.0
174442239557.0 533.0
174464605223.0 594.0
174539994467.0 597.0
174669661154.0 478.0
174670647896.0 352.0
174674101732.0 497.0
174700155658.0 388.0
174728498583.0 528.0
174733822869.0 508.0
174775320704.0 589.0
174889006939.0 595.0
174912253949.0 469.0
174936337788.0 559.0
174964001397.0 537.0
175094616968.0 560.0
175112205468.0 500.0
175149463944.0 172.0
175166838185.0 550.0
175257800935.0 490.0
175278277898.0 393.0
175406749777.0 621.0
175554848490.0 471.0
175563066951.0 412.0
175623601911.0 529.0
175797961639.0 370.0
175996900536.0 575.0
176083884225.0 316.0
176331894049.0 467.0
176410387874.0 570.0
176615147053.0 495.0
176630184956.0 491.0
176694662754.0 563.0
176814172679.0 543.0
176843893043.0 592.0
177162186680.0 464.0
177267711867.0 551.0
177362824670.0 574.0
177537942277.0 345.0
177633394504.0 548.0
177739934835.0 514.0
177783334478.0 287.0
177878290168.0 426.0
177920115652.0 379.0
177958137973.0 434.0
177979198352.0 223.0
178052748127.0 531.0
178193366672.0 525.0
178433238407.0 311.0
178502877229.0 455.0
178651065036.0 560.0
178687055010.0 575.0
178912502113.0 460.0
178952853381.0 245.0
178978587350.0 362.0
179125765575.0 392.0
179196634562.0 281.0
179205396915.0 490.0
179509674368.0 637.0
179661202224.0 405.0
179666774623.0 453.0
179808456925.0 531.0
180038276585.0 421.0
180041966548.0 626.0
180062392539.0 508.0
180171782890.0 564.0
180287974678.0 517.0
180450310845.0 275.0
180521924221.0 538.0
180652612636.0 364.0
180666467216.0 554.0
180913146771.0 398.0
181050802279.0 505.0
181216696347.0 414.0
181220362988.0 555.0
181272037191.0 593.0
181361658074.0 499.0
181428794222.0 446.0
181526179322.0 494.0
181773607083.0 389.0
181960617080.0 139.0
181981568679.0 578.0
182051753559.0 155.0
182098400967.0 447.0
182105595881.0 419.0
182145785660.0 509.0
182330746790.0 430.0
182386887383.0 433.0
182431852691.0 559.0
182647299207.0 395.0
182698799297.0 431.0
182862209060.0 593.0
182941638545.0 573.0
182943339176.0 566.0
183127202503.0 536.0
183201842656.0 299.0
183218855047.0 502.0
183384757199.0 544.0
183447024742.0 322.0
183450290609.0 535.0
183455511871.0 602.0
183550301188.0 569.0
183829757469.0 314.0
183849704747.0 600.0
184044974241.0 544.0
184128218633.0 377.0
184166763945.0 515.0
184262101054.0 579.0
184500959328.0 555.0
184527845945.0 482.0
184739809443.0 416.0
185106586317.0 596.0
185179757673.0 378.0
185182169255.0 504.0
185186030343.0 635.0
185202789883.0 334.0
185219035745.0 582.0
185638230130.0 367.0
185716419963.0 565.0
185805977578.0 578.0
186156853647.0 414.0
186195008533.0 579.0
186262904731.0 361.0
186337357351.0 437.0
186472049962.0 589.0
186502574820.0 484.0
186502615403.0 578.0
186557411148.0 418.0
186565164545.0 405.0
186708779926.0 395.0
186818583464.0 524.0
186834657056.0 499.0
186866128040.0 501.0
187003353568.0 584.0
187169586141.0 569.0
187248868064.0 581.0
187276510353.0 584.0
187305785601.0 619.0
187381957252.0 414.0
187420601362.0 497.0
187573233385.0 619.0
187612366988.0 476.0
187888581624.0 393.0
187891646137.0 572.0
188027337922.0 412.0
188113235903.0 501.0
188129566069.0 636.0
188364137589.0 553.0
188372860594.0 311.0
188379906439.0 450.0
188518780673.0 575.0
188548295814.0 387.0
188638267025.0 597.0
188743933981.0 352.0
188837622927.0 507.0
188906873170.0 611.0
188956789688.0 423.0
188999912234.0 332.0
189106964759.0 600.0
189176111611.0 423.0
189413063606.0 589.0
189455485777.0 443.0
189510617635.0 587.0
189542192564.0 532.0
189557071269.0 618.0
189740485088.0 423.0
189769096659.0 580.0
189898018336.0 583.0
190000665152.0 595.0
190051807249.0 473.0
190261273761.0 381.0
190430358680.0 569.0
190485534360.0 221.0
190512374568.0 562.0
190533916959.0 558.0
190562195677.0 503.0
190565549181.0 229.0
190796416925.0 552.0
190812954789.0 382.0
190956352760.0 586.0
190973517830.0 577.0
190993404980.0 395.0
191086184091.0 585.0
191209540741.0 534.0
191231051952.0 403.0
191244925535.0 530.0
191319403307.0 602.0
191334710627.0 411.0
191435571070.0 538.0
191477544879.0 524.0
191592857572.0 489.0
191828436026.0 396.0
191878414463.0 420.0
191893626576.0 439.0
191952778236.0 424.0
192043590331.0 404.0
192369746033.0 481.0
192471954034.0 488.0
192614532553.0 566.0
192741768209.0 460.0
192834281640.0 500.0
192897098925.0 440.0
192946799662.0 530.0
192951981372.0 405.0
193023779483.0 435.0
193181137889.0 469.0
193248757484.0 432.0
193267915247.0 599.0
193538480691.0 541.0
193564336098.0 472.0
193581837383.0 304.0
193927972310.0 196.0
194024221695.0 571.0
194138270126.0 413.0
194146908700.0 552.0
194290629017.0 408.0
194454019111.0 606.0
194679086743.0 300.0
194749604375.0 582.0
194843189473.0 461.0
194856989455.0 392.0
194886458009.0 566.0
195054374456.0 582.0
195078369940.0 543.0
195083324846.0 378.0
195140765153.0 445.0
195428154036.0 441.0
195548538626.0 609.0
195704521634.0 552.0
195863456922.0 407.0
195997998162.0 500.0
196127594297.0 564.0
196143219824.0 538.0
196245382965.0 93.0
196246833936.0 479.0
196438025216.0 424.0
196511783469.0 582.0
196563811490.0 502.0
196588004766.0 411.0
196784123723.0 587.0
197004039903.0 572.0
197239062758.0 538.0
197286994437.0 455.0
197387515869.0 495.0
197393028321.0 298.0
197401517390.0 575.0
197425360827.0 539.0
197441333467.0 587.0
197837065760.0 422.0
197839398835.0 347.0
197989916219.0 604.0
198049610912.0 405.0
198137435858.0 541.0
198167694663.0 588.0
198216924214.0 431.0
198247389451.0 558.0
198318731459.0 545.0
198391695655.0 595.0
198500584184.0 372.0
198602228285.0 486.0
198699515917.0 410.0
198727075168.0 537.0
198751860995.0 606.0
198927555651.0 387.0
198979461223.0 572.0
199061308056.0 436.0
199088253462.0 523.0
199190332611.0 603.0
199257930021.0 363.0
199278077282.0 156.0
199310404409.0 595.0
199545093281.0 497.0
199826091421.0 380.0
199850748122.0 406.0
199885898778.0 478.0
200026351571.0 288.0
200126429073.0 317.0
200197181748.0 599.0
200212293008.0 603.0
200240273279.0 424.0
200297152244.0 568.0
200348267271.0 558.0
200408357696.0 457.0
200569160629.0 410.0
200701257363.0 467.0
200940491401.0 488.0
200997186940.0 634.0
201026344285.0 410.0
201088449212.0 588.0
201129213011.0 365.0
201231998441.0 450.0
201430569632.0 414.0
201878882388.0 557.0
202076637894.0 590.0
202102598235.0 450.0
202316688846.0 568.0
202472905816.0 194.0
202474225164.0 565.0
202498059489.0 583.0
202618263465.0 573.0
202813515075.0 542.0
202873403188.0 598.0
202922583910.0 360.0
202931119029.0 266.0
203043376961.0 565.0
203097627937.0 345.0
203168718103.0 336.0
203546969171.0 596.0
203719144438.0 399.0
203795721581.0 565.0
203946372112.0 542.0
204055791531.0 577.0
204110611990.0 402.0
204334039003.0 561.0
204494227171.0 468.0
204506266364.0 522.0
204534325309.0 343.0
204707519903.0 364.0
204718955901.0 429.0
204725275479.0 448.0
204842270557.0 472.0
204892893278.0 584.0
204895689387.0 550.0
204962371472.0 459.0
205010486216.0 576.0
205222275723.0 84.0
205319912813.0 418.0
205342000921.0 602.0
205387499857.0 576.0
205453556642.0 545.0
205553052796.0 336.0
205610729686.0 628.0
205888639001.0 357.0
206048941433.0 532.0
206055839054.0 554.0
206100018675.0 590.0
206101138073.0 465.0
206332968178.0 413.0
206461255455.0 581.0
206654296275.0 591.0
206772242794.0 447.0
206943641170.0 326.0
207032769099.0 618.0
207051584837.0 397.0
207090075518.0 373.0
207111125300.0 531.0
207196825518.0 598.0
207399198812.0 443.0
207399779082.0 551.0
207408554356.0 571.0
207463122723.0 212.0
207504284058.0 538.0
207550717898.0 326.0
207551198885.0 548.0
207578359907.0 545.0
207639462999.0 593.0
207996116450.0 597.0
208094884092.0 442.0
208150553480.0 531.0
208227472670.0 396.0
208264325680.0 404.0
208370135564.0 495.0
208488986596.0 394.0
208534098941.0 568.0
208590553192.0 587.0
208711109525.0 392.0
208737152395.0 337.0
209147384986.0 513.0
209244252398.0 453.0
209294560975.0 388.0
209342153524.0 506.0
209598227292.0 566.0
209842730349.0 578.0
209914277318.0 133.0
210030606869.0 479.0
210051444351.0 532.0
210057574471.0 348.0
210156512352.0 565.0
210204146153.0 563.0
210258690613.0 380.0
210464087654.0 334.0
210505770414.0 554.0
210545852506.0 407.0
210598203097.0 220.0
210721282546.0 436.0
210810151609.0 576.0
210832957565.0 420.0
210884759319.0 534.0
210947004823.0 472.0
210988044433.0 396.0
211046026767.0 526.0
211084893554.0 423.0
211223695111.0 437.0
211307723384.0 386.0
211313688666.0 386.0
211391931248.0 303.0
211617418005.0 572.0
211709239344.0 545.0
211737600651.0 452.0
211747662454.0 512.0
211790154040.0 509.0
211805277661.0 599.0
211836019692.0 436.0
211965545647.0 481.0
212123300992.0 611.0
212189743426.0 564.0
212257724157.0 415.0
212260372698.0 517.0
212327113898.0 650.0
212386726414.0 558.0
212398963686.0 406.0
212463983659.0 513.0
212553993119.0 584.0
212883728634.0 406.0
213123458270.0 376.0
213146499038.0 352.0
213266279917.0 544.0
213306296213.0 555.0
213420036901.0 569.0
213429587065.0 456.0
213510448669.0 526.0
213571591655.0 591.0
213665262056.0 430.0
213693459230.0 413.0
213781187114.0 420.0
213795707207.0 451.0
213808912223.0 537.0
213950178433.0 595.0
214008305440.0 608.0
214284399103.0 389.0
214645243558.0 548.0
214658609187.0 547.0
214758321538.0 502.0
214856183760.0 439.0
214934685160.0 327.0
214996541789.0 354.0
215046624127.0 642.0
215090797604.0 494.0
215106546362.0 323.0
215107842236.0 463.0
215122858500.0 530.0
215156644084.0 463.0
215299190223.0 578.0
215371331607.0 612.0
215470831523.0 566.0
215643417759.0 379.0
215778495799.0 280.0
215976800532.0 555.0
216031620395.0 384.0
216259956460.0 585.0
216379131228.0 407.0
216494328199.0 576.0
216573683650.0 432.0
216632613952.0 594.0
216775028891.0 584.0
216850234955.0 484.0
216910643703.0 130.0
217034390595.0 348.0
217055825163.0 480.0
217149857990.0 539.0
217156330264.0 262.0
217256923269.0 475.0
217323113711.0 410.0
217340517359.0 417.0
217439466858.0 551.0
217507458794.0 564.0
217612126256.0 270.0
217724821866.0 522.0
217762906169.0 465.0
217768090879.0 173.0
217847440849.0 526.0
217993137248.0 436.0
218108266942.0 461.0
218173913331.0 293.0
218308260509.0 461.0
218335918585.0 644.0
218377877946.0 360.0
218465994617.0 470.0
218561179815.0 456.0
218770093000.0 560.0
218788589595.0 412.0
218932130443.0 568.0
218942286177.0 548.0
218958355385.0 427.0
219084965101.0 628.0
219161679755.0 469.0
219429424518.0 432.0
219578673777.0 436.0
219820943074.0 548.0
219996572081.0 594.0
220006484476.0 597.0
220072363974.0 447.0
220114975471.0 536.0
220138261514.0 217.0
220179924542.0 544.0
220205144342.0 441.0
220265641914.0 414.0
220529057801.0 581.0
220728833395.0 365.0
220916397764.0 609.0
220993016139.0 407.0
221049861362.0 526.0
221108465453.0 540.0
221242982678.0 213.0
221479588115.0 497.0
221485150733.0 464.0
221770777542.0 362.0
222020350009.0 514.0
222054569786.0 600.0
222143241023.0 367.0
222172454451.0 179.0
222215351877.0 589.0
222498271745.0 592.0
222945442560.0 545.0
223036089532.0 242.0
223128630734.0 575.0
223470027245.0 606.0
223516623489.0 434.0
223568179740.0 558.0
223571373314.0 486.0
223731850854.0 562.0
223791521730.0 467.0
223809653595.0 567.0
223826277959.0 537.0
224035099486.0 289.0
224128110425.0 434.0
224143385261.0 464.0
224200916529.0 424.0
224248475106.0 584.0
224249197830.0 558.0
224310679648.0 380.0
224398104718.0 551.0
224399693600.0 590.0
224441983833.0 373.0
224570169845.0 499.0
224589995118.0 408.0
224706715664.0 472.0
224779068820.0 619.0
224965308242.0 571.0
225004577766.0 541.0
225143918366.0 155.0
225145823231.0 479.0
225217560838.0 593.0
225327599097.0 531.0
225336649943.0 583.0
225365930060.0 608.0
225380950252.0 516.0
225421823162.0 435.0
225511985782.0 318.0
225677677904.0 611.0
225687838102.0 588.0
225867964826.0 601.0
225960881816.0 461.0
226014602807.0 415.0
226023820821.0 347.0
226092070945.0 431.0
226441249622.0 526.0
226481576705.0 387.0
226535175495.0 569.0
226562800020.0 586.0
226761538841.0 545.0
226783911619.0 465.0
227010737584.0 241.0
227055028383.0 415.0
227198969509.0 544.0
227243832585.0 399.0
227322570115.0 499.0
227429350444.0 595.0
227490378346.0 262.0
227497435650.0 556.0
227567996029.0 380.0
227695747480.0 474.0
227760792830.0 585.0
228035202502.0 515.0
228039948376.0 439.0
228052773400.0 221.0
228261179331.0 340.0
228364295038.0 290.0
228424819694.0 547.0
228512899268.0 427.0
228542694633.0 336.0
228765420588.0 571.0
228810178577.0 599.0
228975675153.0 494.0
229124939070.0 549.0
229209787657.0 602.0
229581642008.0 275.0
229690581915.0 541.0
229755838086.0 377.0
229781630261.0 609.0
229849858758.0 594.0
229904720944.0 365.0
229958342509.0 549.0
229965607750.0 386.0
230243010561.0 577.0
230352665911.0 472.0
230388357768.0 523.0
230408905755.0 276.0
230732024435.0 482.0
230792980643.0 612.0
231153020770.0 486.0
231294219261.0 537.0
231331193656.0 605.0
231359994125.0 541.0
231404004662.0 534.0
231512125736.0 507.0
231524358465.0 503.0
231530643886.0 317.0
231560295923.0 534.0
231586942365.0 217.0
231610408067.0 593.0
231613160980.0 384.0
231630710179.0 456.0
231848744324.0 599.0
231917765373.0 511.0
231992649069.0 507.0
232100981915.0 462.0
232205746923.0 594.0
232293763356.0 646.0
232343651384.0 519.0
232725045728.0 564.0
232756364541.0 551.0
232833432161.0 534.0
232870972729.0 397.0
232873573981.0 312.0
233248749827.0 532.0
233369838940.0 541.0
233413918427.0 599.0
233436664126.0 519.0
233436833286.0 493.0
233445254655.0 419.0
233449457431.0 270.0
233697826386.0 403.0
233742344987.0 605.0
233768385436.0 408.0
233902649097.0 475.0
234029485046.0 492.0
234096258506.0 447.0
234129103959.0 616.0
234183342903.0 542.0
234265300357.0 384.0
234321859351.0 570.0
234324391230.0 521.0
234502993540.0 524.0
234511115519.0 345.0
234590786596.0 591.0
234671450606.0 395.0
234698343253.0 502.0
234792719932.0 596.0
234843776193.0 319.0
235281227334.0 575.0
235380941782.0 569.0
235432606760.0 573.0
235556928895.0 573.0
235767494438.0 391.0
235875631324.0 371.0
235940877184.0 510.0
236095877373.0 580.0
236169720143.0 529.0
236369398976.0 457.0
236379436236.0 532.0
236468042917.0 614.0
236579073399.0 533.0
236615287522.0 385.0
236666079690.0 572.0
236682726239.0 526.0
236699041404.0 174.0
236707275839.0 329.0
236819652846.0 334.0
236924394727.0 622.0
236975053725.0 486.0
237033241510.0 319.0
237100420586.0 479.0
237206135925.0 602.0
237402507070.0 384.0
237899141362.0 544.0
238408297436.0 498.0
238559598697.0 524.0
238584093943.0 547.0
238677426993.0 276.0
238693078967.0 550.0
238717227466.0 548.0
238877727780.0 408.0
238924323744.0 612.0
238944277893.0 528.0
238998803963.0 398.0
239195508345.0 385.0
239235334161.0 441.0
239280842796.0 326.0
239441319081.0 556.0
239557686762.0 556.0
239566337420.0 542.0
239606716262.0 465.0
239610700135.0 497.0
239815285121.0 571.0
239819149424.0 566.0
239893808878.0 548.0
239920943498.0 581.0
239928772617.0 408.0
239949823790.0 304.0
240268700017.0 552.0
240290377189.0 135.0
240522439050.0 591.0
240580968933.0 510.0
240595549949.0 546.0
241027428205.0 375.0
241169367010.0 580.0
241176918572.0 509.0
241185861021.0 136.0
241230580901.0 266.0
241253089766.0 468.0
241277176260.0 459.0
241348825386.0 611.0
241537270508.0 567.0
241587641798.0 397.0
241877808139.0 317.0
241950159361.0 396.0
242077019583.0 308.0
242141665899.0 572.0
242172551663.0 577.0
242483641585.0 597.0
242604498010.0 404.0
242644137412.0 538.0
243001155001.0 583.0
243181729228.0 255.0
243252484845.0 512.0
243290808325.0 411.0
243437356235.0 530.0
243492835841.0 525.0
243495483212.0 361.0
243602696178.0 379.0
243626486924.0 595.0
243649308636.0 589.0
243748151979.0 448.0
243918046369.0 588.0
244102818562.0 495.0
244133783889.0 453.0
244192737632.0 397.0
244194323720.0 548.0
244226387628.0 189.0
244366720896.0 490.0
244434128898.0 441.0
244536043788.0 516.0
244648647954.0 378.0
244712056040.0 592.0
244743425007.0 351.0
244780469696.0 453.0
245126089291.0 573.0
245232324616.0 629.0
245390059054.0 425.0
245469224118.0 275.0
245499157054.0 601.0
245509256749.0 525.0
245554418896.0 566.0
245599859808.0 523.0
245638820812.0 439.0
245692813976.0 573.0
245786433622.0 434.0
245889962949.0 371.0
245965889527.0 552.0
246009940161.0 587.0
246020245920.0 440.0
246025990938.0 521.0
246116926667.0 404.0
246154252113.0 390.0
246343322585.0 577.0
246353086528.0 470.0
246514860756.0 473.0
246638208064.0 518.0
246669560495.0 505.0
246710474827.0 400.0
246725194613.0 364.0
246793225342.0 444.0
246855681940.0 512.0
246880408136.0 416.0
246909071828.0 200.0
246950992261.0 587.0
247103274153.0 512.0
247134986368.0 487.0
247242642679.0 381.0
247769324530.0 550.0
247887970622.0 569.0
247913745523.0 518.0
247921558196.0 412.0
248024277615.0 505.0
248099812591.0 331.0
248125477978.0 554.0
248209578686.0 603.0
248225754788.0 500.0
248257984719.0 345.0
248267545211.0 379.0
248288581466.0 379.0
248369127575.0 498.0
248380286673.0 599.0
248480753341.0 234.0
248572440158.0 239.0
248668847962.0 554.0
248691159949.0 374.0
248793488390.0 363.0
248842035102.0 602.0
248889660652.0 543.0
248932345880.0 577.0
248936917690.0 512.0
248949287266.0 404.0
249043055841.0 534.0
249137111823.0 410.0
249392236441.0 568.0
249458580855.0 173.0
249493802229.0 495.0
249509105142.0 385.0
249520372153.0 542.0
249849045420.0 480.0
249939869190.0 522.0
250023206478.0 311.0
250039113395.0 404.0
250120561367.0 362.0
250583896671.0 547.0
250609417656.0 468.0
250651209919.0 362.0
250687107311.0 428.0
250715151431.0 208.0
250832754348.0 483.0
250843803733.0 225.0
251354254613.0 577.0
251528218967.0 557.0
251544333805.0 505.0
251576176275.0 526.0
251734700153.0 559.0
251860534163.0 598.0
251904084151.0 432.0
251951464476.0 554.0
252005259311.0 378.0
252419557773.0 555.0
252529047025.0 452.0
252671685705.0 518.0
252822700581.0 371.0
253015905248.0 485.0
253252166792.0 514.0
253567329810.0 383.0
253623859929.0 578.0
253645409351.0 576.0
253948909194.0 538.0
253997662498.0 433.0
254030505491.0 629.0
254248257724.0 546.0
254288213391.0 461.0
254346740852.0 391.0
254398059543.0 599.0
254555439087.0 554.0
254724981814.0 361.0
254828947797.0 338.0
254969353154.0 574.0
254993927983.0 334.0
255002515901.0 410.0
255026323997.0 392.0
255041829289.0 458.0
255103529661.0 272.0
255303685763.0 394.0
255322853113.0 468.0
255466042299.0 534.0
255607841154.0 607.0
255624821742.0 589.0
255708866530.0 362.0
255730605829.0 418.0
255865016139.0 388.0
255955200053.0 584.0
255955903073.0 526.0
256005619611.0 593.0
256054433591.0 558.0
256178044628.0 536.0
256247117806.0 415.0
256284367888.0 614.0
256404429510.0 568.0
256567213407.0 549.0
256744714623.0 282.0
256877849983.0 399.0
257101939438.0 615.0
257281267647.0 485.0
257313217959.0 522.0
257380537983.0 433.0
257382855986.0 355.0
257528049643.0 569.0
257622479888.0 537.0
257651086708.0 584.0
257849620490.0 450.0
257900036626.0 362.0
257914019102.0 112.0
257967804514.0 385.0
257981401882.0 578.0
257995157628.0 500.0
258045886772.0 483.0
258376661443.0 431.0
258515565714.0 393.0
258660611495.0 606.0
258914091626.0 355.0
259091922584.0 578.0
259136161101.0 398.0
259212774169.0 510.0
259243437436.0 408.0
259499351938.0 571.0
259547669271.0 536.0
259641729433.0 512.0
259740495248.0 531.0
259830683806.0 610.0
259904824704.0 517.0
259938326003.0 361.0
259977347916.0 617.0
259984863796.0 631.0
260012021027.0 458.0
260035753473.0 580.0
260132333396.0 333.0
260167066227.0 474.0
260170895657.0 186.0
260273886788.0 560.0
260407229795.0 514.0
260507923912.0 405.0
260617332351.0 361.0
261035136174.0 389.0
261041679452.0 317.0
261136190983.0 632.0
261187892325.0 434.0
261208820146.0 555.0
261246550817.0 228.0
261350957497.0 542.0
261359351178.0 506.0
261381129060.0 83.0
261388087221.0 442.0
261531464167.0 599.0
261558164041.0 609.0
261638573805.0 600.0
262019339449.0 362.0
262099529727.0 241.0
262155159254.0 597.0
262287421692.0 572.0
262835278994.0 418.0
263241453635.0 511.0
263303707027.0 284.0
263325282122.0 581.0
263378616731.0 335.0
263396664819.0 314.0
263419012618.0 584.0
263766318751.0 443.0
263787806876.0 496.0
263854377349.0 524.0
263907005611.0 420.0
264258922602.0 282.0
264356373189.0 434.0
264446138098.0 537.0
264843587188.0 495.0
264843638136.0 477.0
264872104405.0 507.0
264994761610.0 582.0
265041064054.0 521.0
265100523283.0 539.0
265148499200.0 551.0
265214945350.0 431.0
265254556701.0 507.0
265374363446.0 446.0
265508381186.0 607.0
265624084559.0 513.0
265704434198.0 274.0
265819999541.0 588.0
265890479781.0 568.0
265892603209.0 549.0
265917991287.0 543.0
265958443508.0 533.0
266046984885.0 423.0
266278057005.0 430.0
266315747435.0 415.0
266491868632.0 440.0
266542266458.0 152.0
266571093974.0 460.0
266584660805.0 560.0
266861412432.0 584.0
266902411827.0 560.0
266948999179.0 619.0
267082841819.0 526.0
267347199765.0 534.0
267561507982.0 346.0
267588151897.0 524.0
267618109582.0 431.0
267673299676.0 527.0
267722192830.0 577.0
267724178674.0 387.0
267812474518.0 422.0
268095203194.0 450.0
268118865061.0 588.0
268422692568.0 455.0
268436353113.0 472.0
268647942668.0 534.0
268848134544.0 351.0
268848174530.0 583.0
268982503412.0 422.0
269206610893.0 524.0
269214272120.0 431.0
269316508970.0 417.0
269633088334.0 146.0
269760667476.0 474.0
269831664501.0 464.0
269924705318.0 572.0
269960953885.0 572.0
270021925358.0 387.0
270137178316.0 500.0
270158003491.0 597.0
270211200534.0 406.0
270245591543.0 435.0
270268380324.0 426.0
270365826209.0 364.0
270391715157.0 601.0
270621403757.0 600.0
270741366118.0 471.0
271187721185.0 415.0
271247014763.0 561.0
271301834698.0 395.0
271414378720.0 339.0
271540454040.0 575.0
271591040732.0 592.0
271690820716.0 461.0
272114999339.0 580.0
272333116350.0 576.0
272348281826.0 502.0
272571719831.0 232.0
272590758779.0 232.0
272650493793.0 395.0
272884724206.0 597.0
272967256949.0 584.0
272978930910.0 441.0
272998629077.0 470.0
273201321501.0 488.0
273241546190.0 405.0
273254357608.0 590.0
273309826353.0 498.0
273382386832.0 565.0
273465156062.0 397.0
273761110094.0 443.0
273767150800.0 264.0
273767324401.0 528.0
273872836790.0 396.0
273907261054.0 44.0
274050765517.0 549.0
274145670127.0 554.0
274301829747.0 555.0
274596570978.0 571.0
274597407565.0 464.0
274681119507.0 459.0
274725936353.0 446.0
274766271245.0 556.0
274789312871.0 609.0
274794962764.0 577.0
274822918457.0 483.0
274927166467.0 359.0
275100738063.0 588.0
275146257649.0 602.0
275164808853.0 307.0
275218546854.0 612.0
275252531147.0 482.0
275313095534.0 606.0
275420077239.0 470.0
275499779045.0 592.0
275547446874.0 395.0
275718182276.0 297.0
275788330601.0 578.0
275833501338.0 488.0
275866543639.0 500.0
275884378634.0 414.0
275888368097.0 523.0
275890140663.0 270.0
276148447950.0 631.0
276196530268.0 532.0
276204258570.0 575.0
276250069281.0 594.0
276369291820.0 117.0
276401194864.0 519.0
276408616415.0 453.0
276556239759.0 553.0
276580135771.0 609.0
276583144985.0 481.0
276638032993.0 596.0
276731841758.0 564.0
276796496147.0 644.0
276872215598.0 410.0
276880118759.0 611.0
276988132148.0 574.0
277086859474.0 451.0
277116471963.0 383.0
277174051437.0 217.0
277176629903.0 263.0
277180739482.0 637.0
277282529185.0 448.0
277299263754.0 414.0
277419139630.0 373.0
277456556073.0 589.0
277493968612.0 552.0
277591274438.0 402.0
277608817130.0 552.0
277629167264.0 595.0
277679237175.0 590.0
277679482346.0 243.0
277698661730.0 552.0
277811610282.0 457.0
277824320542.0 537.0
278109467944.0 435.0
278372095149.0 315.0
278543670294.0 611.0
278574817320.0 359.0
278686811020.0 383.0
278969795879.0 555.0
279193675300.0 287.0
279322555751.0 568.0
279486488025.0 595.0
279494963257.0 487.0
279514634829.0 609.0
279533613439.0 584.0
279543379335.0 596.0
279661327776.0 498.0
279813574097.0 611.0
279974816403.0 614.0
280001293340.0 388.0
280163884252.0 177.0
280306563728.0 556.0
280337098360.0 614.0
280396331614.0 542.0
280442388779.0 587.0
280536529967.0 484.0
280987590672.0 229.0
281039177693.0 531.0
281101512733.0 543.0
281204649779.0 485.0
281209763007.0 594.0
281452431665.0 442.0
281533057808.0 400.0
281552487140.0 442.0
281717186796.0 520.0
281863490175.0 136.0
282000872863.0 414.0
282336455977.0 447.0
282361255578.0 594.0
282456031564.0 529.0
282508477087.0 443.0
282534285926.0 540.0
282573983068.0 361.0
282588349058.0 546.0
283086545772.0 657.0
283179377378.0 341.0
283272346011.0 593.0
283313552285.0 511.0
283992476364.0 579.0
284004961640.0 354.0
284005354719.0 601.0
284061448316.0 606.0
284266845130.0 208.0
284358757164.0 384.0
284600798189.0 595.0
284626705333.0 581.0
284649689521.0 359.0
284719778965.0 467.0
284755090864.0 323.0
284760297425.0 476.0
284795908969.0 348.0
284894092692.0 594.0
285007364395.0 420.0
285009966876.0 437.0
285050746192.0 492.0
285315231163.0 353.0
285369176780.0 393.0
285396796282.0 572.0
285576970622.0 433.0
285638514012.0 377.0
286028943164.0 468.0
286299792121.0 606.0
286579692067.0 578.0
286744940778.0 611.0
286863542029.0 471.0
286883018963.0 350.0
287073380330.0 447.0
287162682279.0 372.0
287214251290.0 533.0
287223291522.0 580.0
287545879096.0 413.0
287701064205.0 535.0
287764540812.0 618.0
288023035828.0 363.0
288104774550.0 506.0
288304327084.0 601.0
288499431226.0 231.0
288646146722.0 300.0
288836877191.0 559.0
288961959507.0 499.0
289309637289.0 533.0
289735213654.0 457.0
289852624029.0 413.0
289991327642.0 536.0
290029661233.0 501.0
290072513331.0 442.0
290080657071.0 477.0
290196728605.0 538.0
290237777816.0 271.0
290244973075.0 528.0
290327358410.0 413.0
290352991637.0 560.0
290400534763.0 216.0
290621879361.0 276.0
290677070529.0 519.0
290694194982.0 481.0
290713684554.0 573.0
291045741013.0 566.0
291084258753.0 545.0
291226132891.0 527.0
291361342687.0 410.0
291365792805.0 511.0
291368974712.0 566.0
291429890515.0 580.0
291435788410.0 532.0
291445892473.0 640.0
291470811215.0 630.0
291528030824.0 240.0
291573743246.0 573.0
291650693439.0 421.0
291668248467.0 557.0
291806503284.0 487.0
291861731730.0 473.0
291924317024.0 520.0
291974026672.0 129.0
292038442156.0 619.0
292178847215.0 443.0
292205236664.0 579.0
292210446191.0 579.0
292277717419.0 602.0
292385902867.0 573.0
292822865593.0 607.0
292883025134.0 136.0
293053839798.0 368.0
293255315177.0 574.0
293330018465.0 594.0
293361182768.0 623.0
293482534582.0 499.0
293516342691.0 374.0
293669325523.0 603.0
293753243311.0 256.0
293807715029.0 394.0
293902184329.0 284.0
293947464746.0 582.0
293989584657.0 554.0
294107552338.0 497.0
294145813577.0 608.0
294149032300.0 443.0
294176675029.0 383.0
294625780039.0 599.0
294719521884.0 345.0
294758152993.0 547.0
294784803079.0 461.0
295027681196.0 268.0
295155123615.0 433.0
295188917577.0 436.0
