48336089.0 282.0
62167370.0 296.0
123111883.0 500.0
141815825.0 506.0
256921931.0 485.0
326669732.0 541.0
446224877.0 603.0
484916750.0 222.0
488776166.0 549.0
686800504.0 415.0
729065717.0 467.0
791770977.0 431.0
795047467.0 428.0
1091844680.0 435.0
1147482912.0 205.0
1205402814.0 571.0
1282782874.0 421.0
1289792267.0 230.0
1378480188.0 242.0
1397501655.0 205.0
1502404795.0 566.0
1517395134.0 548.0
1801348952.0 181.0
1957087551.0 420.0
2054956213.0 91.0
2102055488.0 525.0
2399724297.0 91.0
2611731473.0 223.0
2635613875.0 479.0
2929370907.0 528.0
3153449332.0 335.0
3187347328.0 604.0
3226883616.0 501.0
3362211124.0 624.0
3413128595.0 480.0
3455709931.0 555.0
3523481514.0 596.0
3547643155.0 206.0
3624885776.0 196.0
3748137557.0 229.0
3947707338.0 467.0
4032882922.0 233.0
4107753453.0 612.0
4175640135.0 350.0
4367816248.0 384.0
4503922599.0 572.0
4743781573.0 162.0
4751312696.0 452.0
4810591401.0 579.0
4945836559.0 117.0
5017420673.0 339.0
5185369874.0 394.0
5262689244.0 565.0
5267457537.0 615.0
5341931884.0 261.0
5375938938.0 460.0
5382478188.0 621.0
5382626620.0 637.0
5402487515.0 64.0
5540586286.0 415.0
5571933924.0 258.0
5592618353.0 601.0
5643882996.0 514.0
5761734206.0 427.0
5792054515.0 636.0
5823176511.0 278.0
5840530488.0 407.0
5843362624.0 588.0
5886784426.0 159.0
5901918248.0 376.0
5936743180.0 546.0
6044294008.0 154.0
6141505324.0 517.0
6247341921.0 555.0
6331023007.0 637.0
6379128045.0 206.0
6449958737.0 245.0
6581230573.0 203.0
6600132746.0 76.0
6621873364.0 505.0
6645404472.0 206.0
6685882292.0 258.0
6921615302.0 423.0
7095740931.0 431.0
7107452178.0 262.0
7302626564.0 287.0
7464153096.0 609.0
7464512029.0 386.0
7514870770.0 544.0
7581037241.0 491.0
7615483505.0 594.0
7968974132.0 268.0
8000988056.0 448.0
8045430426.0 505.0
8084223164.0 263.0
8146668090.0 198.0
8163798291.0 258.0
8183331814.0 573.0
8337538301.0 494.0
8386870331.0 466.0
8445393180.0 235.0
8538446221.0 229.0
8540250423.0 256.0
8977421971.0 554.0
9101330160.0 251.0
9138133040.0 427.0
9374657208.0 355.0
9470800831.0 572.0
9569605923.0 78.0
9606414104.0 317.0
9782165477.0 236.0
10336964449.0 581.0
10339997746.0 578.0
10366361734.0 190.0
10485782953.0 598.0
10553095001.0 602.0
10580851971.0 460.0
10586538463.0 258.0
10645195339.0 603.0
10650019344.0 592.0
10662557994.0 324.0
10794218981.0 586.0
10814536010.0 552.0
10848082253.0 543.0
10922596741.0 271.0
10936594252.0 579.0
10959525049.0 430.0
11075753443.0 402.0
11115713186.0 618.0
11166472240.0 466.0
11285628505.0 510.0
11412100963.0 386.0
11476109446.0 481.0
11509030381.0 573.0
11680121845.0 462.0
11684273814.0 250.0
11830432810.0 535.0
12177053432.0 561.0
12205140214.0 176.0
12292022954.0 250.0
12301224362.0 527.0
12303758607.0 262.0
12349752852.0 595.0
12355670076.0 148.0
12362803436.0 587.0
12471389380.0 504.0
12508097778.0 568.0
12599129452.0 511.0
12621688636.0 341.0
12710731016.0 235.0
12715467554.0 452.0
12820129310.0 595.0
12880863353.0 278.0
12884090549.0 218.0
12902635487.0 581.0
13207620253.0 434.0
13259850664.0 484.0
13315620387.0 212.0
13324136743.0 207.0
13435723161.0 341.0
13437873974.0 582.0
13463195358.0 347.0
13501249763.0 518.0
13566438702.0 326.0
13700208045.0 525.0
13728231423.0 558.0
13775702242.0 342.0
13780452960.0 438.0
13934041289.0 149.0
13952956386.0 558.0
13954976708.0 550.0
13988913870.0 269.0
14319130881.0 556.0
14340065052.0 557.0
14377551088.0 446.0
14386030672.0 142.0
14393798201.0 460.0
14402797731.0 336.0
14417403615.0 251.0
14433536119.0 315.0
14537236387.0 400.0
14736684269.0 517.0
14743429086.0 263.0
14816561951.0 536.0
14858848552.0 596.0
14918365018.0 441.0
14959646782.0 625.0
14968248040.0 192.0
14972812106.0 245.0
14997902854.0 261.0
15031546173.0 601.0
15197714153.0 511.0
15228328764.0 603.0
15257724243.0 121.0
15430011502.0 560.0
15431991556.0 582.0
15623593124.0 504.0
15657088746.0 144.0
15729221280.0 268.0
15729365818.0 196.0
15926966278.0 215.0
15929758111.0 455.0
15960505338.0 230.0
16086683544.0 423.0
16202025894.0 612.0
16279118867.0 603.0
16328911870.0 469.0
16359353658.0 223.0
16383063338.0 585.0
16519042454.0 559.0
16541973620.0 614.0
16632879445.0 594.0
16676888205.0 112.0
16687519418.0 552.0
16767084766.0 329.0
16858337357.0 591.0
16922802217.0 593.0
16939328223.0 582.0
17037914281.0 621.0
17107612008.0 577.0
17251321394.0 468.0
17309876973.0 605.0
17317224346.0 533.0
17366203117.0 513.0
17502890277.0 440.0
17507581135.0 472.0
17586665872.0 635.0
17687219428.0 478.0
17688875129.0 562.0
17714168675.0 230.0
17878171208.0 149.0
18099073228.0 221.0
18339436516.0 590.0
18370624108.0 536.0
18410352773.0 608.0
18687218069.0 235.0
19013754870.0 591.0
19105646378.0 179.0
19124852188.0 654.0
19332439058.0 625.0
19358022311.0 408.0
19417830124.0 340.0
19537841509.0 353.0
19590684048.0 584.0
19620080347.0 426.0
19784071494.0 644.0
19917289714.0 441.0
19932498186.0 254.0
20310290572.0 518.0
20322040284.0 340.0
20324078042.0 384.0
20357934505.0 90.0
20363264564.0 629.0
20499901233.0 498.0
20539005184.0 581.0
20601341163.0 410.0
20719260367.0 571.0
20849606367.0 505.0
20872241484.0 359.0
20910265354.0 337.0
20941094858.0 531.0
21055952371.0 463.0
21083465880.0 559.0
21333191732.0 298.0
21394164487.0 311.0
21450302174.0 601.0
21576178351.0 211.0
21609090336.0 425.0
21632925624.0 657.0
21643258161.0 416.0
21699809616.0 563.0
21758706251.0 605.0
21778568532.0 324.0
21848194916.0 561.0
21959511981.0 527.0
22002611277.0 353.0
22218423937.0 509.0
22315859481.0 506.0
22336868252.0 425.0
22338992956.0 577.0
22357009232.0 109.0
22436577558.0 480.0
22616167971.0 222.0
22681931724.0 465.0
22685937157.0 478.0
22721931492.0 617.0
22791574906.0 595.0
22791789226.0 515.0
22948336747.0 222.0
22991308670.0 289.0
23135417784.0 570.0
23248342503.0 555.0
23268178690.0 467.0
23407561267.0 444.0
23436764521.0 194.0
23541865567.0 444.0
23617561287.0 404.0
23652342297.0 180.0
23728532333.0 238.0
23740940367.0 413.0
23762529678.0 640.0
23926185536.0 494.0
23933847084.0 479.0
24086918210.0 227.0
24256100561.0 219.0
24389863347.0 448.0
24418718774.0 538.0
24529399688.0 461.0
24582973090.0 382.0
24585155983.0 521.0
24657716042.0 574.0
24737161160.0 638.0
24767384053.0 547.0
24800084999.0 369.0
24885788648.0 262.0
25153923672.0 556.0
25175202052.0 329.0
25303617178.0 264.0
25409338640.0 197.0
25433864447.0 459.0
25448177638.0 611.0
25493487133.0 400.0
25645438335.0 262.0
25813763014.0 298.0
25847092093.0 594.0
25858121514.0 585.0
25863184482.0 269.0
25876306052.0 328.0
25928958871.0 536.0
25937130237.0 409.0
25965827852.0 588.0
26085185134.0 449.0
26118538165.0 531.0
26161163429.0 416.0
26161747143.0 443.0
26286061118.0 220.0
26317181180.0 416.0
26364851507.0 596.0
26615212906.0 640.0
26731990634.0 619.0
26775964331.0 226.0
26856090010.0 418.0
26879740099.0 458.0
27142514910.0 644.0
27182376901.0 382.0
27470153486.0 572.0
27626541120.0 518.0
27655121121.0 502.0
27762934465.0 444.0
27864409134.0 235.0
27871480273.0 566.0
27899454763.0 255.0
27938410448.0 195.0
28052011129.0 469.0
28096435184.0 170.0
28286809106.0 131.0
28311205219.0 612.0
28337460532.0 453.0
28400401942.0 593.0
28850070579.0 645.0
29053500669.0 649.0
29421033397.0 508.0
29623800101.0 594.0
29662188341.0 262.0
29758318132.0 312.0
29936064455.0 577.0
29959000723.0 519.0
30002573171.0 587.0
30004879691.0 594.0
30149247544.0 204.0
30162205477.0 212.0
30255690862.0 555.0
30258332596.0 437.0
30301038299.0 535.0
30338134117.0 237.0
30349353054.0 118.0
30404771757.0 216.0
30480989090.0 388.0
30482323684.0 631.0
30506873980.0 454.0
30510727615.0 154.0
30563272224.0 287.0
30599124310.0 545.0
30698278231.0 337.0
30896140595.0 593.0
30918043690.0 327.0
30941651886.0 519.0
31014070329.0 503.0
31073420611.0 440.0
31132335453.0 467.0
31154480241.0 254.0
31189691238.0 216.0
31284774288.0 344.0
31505575205.0 598.0
31560734834.0 370.0
31627562072.0 270.0
31690108188.0 349.0
31707286516.0 330.0
31739375318.0 582.0
31795674375.0 189.0
31950345768.0 246.0
32226461401.0 173.0
32241578824.0 527.0
32352540512.0 500.0
32505389587.0 220.0
32665837932.0 340.0
32779538040.0 592.0
32779949264.0 216.0
32857162229.0 579.0
32863104292.0 346.0
32925356517.0 470.0
32946671015.0 364.0
32975044282.0 259.0
33041336914.0 443.0
33051502911.0 425.0
33055189123.0 592.0
33080832388.0 620.0
33121947076.0 389.0
33171153952.0 598.0
33317499153.0 420.0
33322580263.0 474.0
33353067500.0 377.0
33477626710.0 327.0
33501585029.0 656.0
33505575226.0 615.0
33654638610.0 564.0
33701259828.0 312.0
33786031758.0 578.0
34027038116.0 371.0
34032027239.0 632.0
34040805907.0 264.0
34057265041.0 246.0
34114680942.0 566.0
34230880536.0 586.0
34312285502.0 190.0
34313877311.0 311.0
34319775789.0 600.0
34398253438.0 303.0
34440489794.0 380.0
34479165312.0 569.0
34486806265.0 561.0
34492782928.0 247.0
34570517201.0 92.0
34632008164.0 479.0
34700003223.0 156.0
34712295932.0 584.0
34805546194.0 608.0
34833689931.0 541.0
34929810617.0 422.0
35025137494.0 473.0
35026805732.0 367.0
35071806608.0 436.0
35079858747.0 630.0
35118712275.0 532.0
35357483767.0 457.0
35357666666.0 454.0
35447695992.0 642.0
35467812730.0 621.0
35497422377.0 74.0
35536206673.0 83.0
35751685861.0 579.0
35901790180.0 469.0
35981361262.0 251.0
36005368006.0 385.0
36117129613.0 124.0
36152096387.0 430.0
36186249779.0 623.0
36213549800.0 110.0
36246691014.0 514.0
36333868761.0 570.0
36417202861.0 419.0
36521428791.0 406.0
36552661119.0 612.0
36680941468.0 377.0
36787456692.0 631.0
36984168302.0 469.0
37031114582.0 233.0
37031520318.0 656.0
37058787775.0 520.0
37253364368.0 495.0
37316470474.0 582.0
37421331447.0 406.0
37535713409.0 402.0
37558908412.0 347.0
37603918266.0 509.0
37643979035.0 211.0
37685634050.0 474.0
37789506504.0 584.0
38038557452.0 510.0
38078783264.0 535.0
38115319674.0 359.0
38122582026.0 570.0
38248151877.0 619.0
38278944774.0 487.0
38318069378.0 420.0
38327616718.0 312.0
38390826832.0 580.0
38467041472.0 279.0
38530518016.0 266.0
38562308372.0 629.0
38575311323.0 241.0
38829598897.0 454.0
38943175940.0 465.0
38951831370.0 593.0
38977915381.0 188.0
38986839153.0 200.0
39101157170.0 403.0
39140549032.0 233.0
39212745949.0 561.0
39229611041.0 439.0
39343840390.0 364.0
39597962982.0 373.0
39665789200.0 225.0
39849640181.0 500.0
39901015574.0 521.0
39950775408.0 570.0
40028145166.0 423.0
40095239515.0 254.0
40138278793.0 457.0
40361053164.0 387.0
40452195989.0 390.0
40458794590.0 525.0
40708665333.0 366.0
40838798108.0 468.0
41002594439.0 362.0
41083409409.0 465.0
41232235116.0 141.0
41243670839.0 254.0
41320348511.0 249.0
41344044457.0 607.0
41417285165.0 368.0
41456775870.0 517.0
41542826182.0 120.0
41563478299.0 565.0
41567388097.0 556.0
41616087466.0 431.0
41655810687.0 221.0
41980237229.0 225.0
41992155458.0 338.0
42061994785.0 350.0
42124268141.0 232.0
42253133553.0 449.0
42269621109.0 489.0
42367803522.0 562.0
42500844207.0 276.0
42517592727.0 380.0
42614839250.0 452.0
42631364240.0 576.0
42700705717.0 92.0
42818743586.0 211.0
42884396094.0 561.0
43047247811.0 487.0
43057700901.0 156.0
43101665769.0 579.0
43211651807.0 189.0
43217693284.0 576.0
43244777901.0 487.0
43268273157.0 531.0
43284235450.0 352.0
43333914333.0 572.0
43592235884.0 511.0
43625506744.0 479.0
43682627975.0 596.0
43692194749.0 439.0
43736818106.0 538.0
43775320136.0 415.0
43926594900.0 551.0
44144911941.0 435.0
44197737634.0 185.0
44263809345.0 345.0
44467586111.0 287.0
44603522048.0 350.0
44696438891.0 252.0
44785667981.0 445.0
44805295585.0 444.0
45092861342.0 594.0
45203206807.0 345.0
45394712382.0 569.0
45460248270.0 91.0
45470283165.0 495.0
45497393975.0 520.0
45542858469.0 273.0
45579826108.0 268.0
45816496565.0 479.0
45840604761.0 560.0
46064141013.0 446.0
46176796535.0 590.0
46224643008.0 207.0
46289413541.0 440.0
46344338469.0 573.0
46431048672.0 402.0
46449498807.0 527.0
46476539806.0 585.0
46571885251.0 506.0
46585326617.0 601.0
46637508120.0 278.0
46648425061.0 430.0
46874372886.0 535.0
46956438273.0 569.0
47269219399.0 491.0
47369800222.0 588.0
47456411444.0 310.0
47491971912.0 377.0
47556662299.0 440.0
47608676879.0 213.0
47757805613.0 342.0
47908157222.0 530.0
47936488902.0 465.0
48036692378.0 232.0
48226196285.0 558.0
48483745729.0 581.0
48554768063.0 577.0
48608952967.0 425.0
48633564441.0 186.0
48801079071.0 575.0
48843419683.0 466.0
48947737101.0 125.0
49194385914.0 290.0
49201593836.0 233.0
49205357916.0 544.0
49389795056.0 458.0
49483550180.0 383.0
49489367505.0 521.0
49500349322.0 613.0
49528858601.0 230.0
49567044116.0 266.0
49710775641.0 635.0
49721135338.0 341.0
49742259533.0 270.0
49743031851.0 520.0
49768953263.0 391.0
49797876831.0 582.0
49877956313.0 230.0
49976301536.0 291.0
50214453215.0 342.0
50273789443.0 403.0
50395437085.0 221.0
50400193146.0 583.0
50467732429.0 501.0
50608873985.0 396.0
50617856378.0 540.0
50807227748.0 437.0
50826241471.0 431.0
50903499874.0 552.0
50971757920.0 387.0
51017197983.0 245.0
51054493880.0 258.0
51061294970.0 390.0
51105389423.0 296.0
51264151689.0 432.0
51280084636.0 385.0
51328825322.0 494.0
51394761214.0 405.0
51426224330.0 577.0
51430716581.0 214.0
51476654518.0 574.0
51503162855.0 221.0
51682266531.0 364.0
51738706133.0 401.0
51751874202.0 573.0
51771357226.0 239.0
51866931823.0 643.0
51894682657.0 329.0
52006431181.0 236.0
52028276424.0 378.0
52194446833.0 151.0
52238883086.0 591.0
52262009862.0 210.0
52376635667.0 380.0
52541244368.0 235.0
52620303655.0 277.0
52629593633.0 64.0
52756018879.0 422.0
52793733529.0 518.0
52837140553.0 224.0
52872695147.0 220.0
52982173098.0 604.0
53009732364.0 368.0
53010466126.0 163.0
53014424977.0 369.0
53018661278.0 590.0
53044844232.0 337.0
53123850299.0 611.0
53173051906.0 577.0
53191438767.0 397.0
53235037023.0 240.0
53339833826.0 561.0
53345668180.0 136.0
53376740691.0 513.0
53378445154.0 242.0
53397053386.0 429.0
53759084671.0 186.0
53878825900.0 442.0
53993792348.0 556.0
54079903350.0 465.0
54326379677.0 278.0
54340756473.0 399.0
54543755574.0 157.0
54609153732.0 486.0
54661223129.0 149.0
54699408690.0 319.0
54845321242.0 417.0
55039043344.0 258.0
55097487207.0 137.0
55168026445.0 432.0
55345717048.0 273.0
55368878680.0 247.0
55447136784.0 519.0
55474938122.0 244.0
55485899539.0 568.0
55524612095.0 598.0
55584811769.0 212.0
56179417877.0 610.0
56233972464.0 248.0
56271458259.0 554.0
56393189249.0 554.0
56857376115.0 303.0
56973412856.0 532.0
57077265176.0 498.0
57120827486.0 90.0
57210302218.0 382.0
57296292266.0 605.0
57326258212.0 301.0
57377482821.0 663.0
57458081762.0 559.0
57522095119.0 583.0
57628986997.0 249.0
57666265186.0 437.0
57705185307.0 612.0
57708847524.0 277.0
57769727123.0 540.0
57918853337.0 165.0
57919295051.0 456.0
57935317572.0 505.0
57974122231.0 288.0
57991028091.0 591.0
58050093658.0 256.0
58130216403.0 215.0
58133181781.0 596.0
58151251262.0 588.0
58272599087.0 242.0
58283572801.0 231.0
58396379449.0 336.0
58465405682.0 581.0
58530280227.0 607.0
58551400913.0 543.0
58560689879.0 562.0
58638066469.0 319.0
58676704999.0 516.0
58688056808.0 626.0
58727234574.0 487.0
58808807445.0 552.0
58831424320.0 446.0
58898043023.0 567.0
59021892979.0 211.0
59081450804.0 480.0
59147712964.0 592.0
59150900725.0 336.0
59283971312.0 290.0
59383077976.0 152.0
59391281182.0 464.0
59455091999.0 249.0
59570165982.0 152.0
59572723273.0 237.0
59628220926.0 574.0
59735312143.0 234.0
59786719807.0 588.0
59801592729.0 541.0
59875157934.0 414.0
59981992787.0 377.0
59991773297.0 485.0
60075182524.0 209.0
60090150528.0 266.0
60251906980.0 579.0
60303457314.0 238.0
60379918672.0 502.0
60402027241.0 224.0
60559094310.0 508.0
60585316496.0 540.0
60673094464.0 478.0
60689319509.0 437.0
60880456949.0 578.0
60885471346.0 593.0
60923896471.0 273.0
61075416922.0 304.0
61113342336.0 225.0
61178411438.0 575.0
61315274766.0 534.0
61490747980.0 606.0
61515904646.0 256.0
61601116191.0 492.0
61710763238.0 569.0
61727583215.0 475.0
61775410168.0 583.0
61841302213.0 210.0
61857378459.0 509.0
61989046910.0 176.0
62013601766.0 537.0
62090915128.0 240.0
62135384631.0 372.0
62167285126.0 403.0
62183264872.0 253.0
62188442876.0 358.0
62338398674.0 454.0
62561442578.0 372.0
62651190638.0 59.0
62698711397.0 487.0
62869779081.0 296.0
62888506587.0 428.0
62961700960.0 562.0
63049491910.0 332.0
63113176025.0 417.0
63398230436.0 459.0
63514569697.0 504.0
63537425047.0 504.0
63582836551.0 227.0
63827616686.0 619.0
63844027591.0 534.0
63921596814.0 581.0
63930850446.0 255.0
64107873019.0 371.0
64233085723.0 601.0
64260849459.0 191.0
64298586627.0 558.0
64396631688.0 88.0
64529159130.0 370.0
64672775565.0 437.0
64723492513.0 630.0
64966403119.0 226.0
65091736297.0 480.0
65211150309.0 220.0
65212549922.0 254.0
65354622993.0 434.0
65389662794.0 387.0
65471418217.0 181.0
65530005002.0 229.0
65532733538.0 398.0
65547084613.0 154.0
65616703217.0 590.0
65699526350.0 440.0
65762976095.0 623.0
65816616094.0 435.0
65955297562.0 242.0
65984206538.0 231.0
66002632603.0 544.0
66091410521.0 583.0
66224339757.0 665.0
66261825167.0 565.0
66345867137.0 405.0
66387559377.0 251.0
66388492026.0 377.0
66390927963.0 622.0
66392428819.0 582.0
66496528477.0 515.0
66527502665.0 512.0
66638144693.0 432.0
66648320862.0 461.0
66732388356.0 220.0
66759000375.0 142.0
66849530875.0 431.0
66939768457.0 287.0
66948144926.0 630.0
67050400394.0 447.0
67097696084.0 573.0
67191980355.0 231.0
67232472686.0 587.0
67305457571.0 247.0
67455025410.0 489.0
67484057590.0 480.0
67556924437.0 196.0
67596613396.0 149.0
67615713588.0 327.0
67657326475.0 454.0
67728928374.0 452.0
67876768327.0 308.0
67937880988.0 588.0
67968688067.0 422.0
67979863956.0 554.0
68053235647.0 610.0
68128242008.0 566.0
68128704737.0 252.0
68288613327.0 51.0
68351805625.0 447.0
68496595814.0 449.0
68667099701.0 313.0
68791200758.0 611.0
68856982873.0 233.0
68908645155.0 252.0
68956411118.0 466.0
69001793831.0 601.0
69029752432.0 599.0
69089314791.0 478.0
69126920575.0 185.0
69167741740.0 240.0
69279128057.0 589.0
69346060846.0 369.0
69359112788.0 185.0
69386927533.0 610.0
69400932745.0 421.0
69402367347.0 221.0
69581355207.0 276.0
69684382124.0 173.0
69734057989.0 596.0
69768706403.0 621.0
69773104840.0 112.0
69889392308.0 526.0
70058105699.0 230.0
70062060329.0 272.0
70077982743.0 499.0
70087757249.0 458.0
70108906404.0 402.0
70513592404.0 449.0
70533156019.0 187.0
70546396338.0 396.0
70583029524.0 401.0
70689852486.0 265.0
70740928840.0 222.0
70871216325.0 546.0
70879147855.0 143.0
70891032126.0 255.0
70929756712.0 468.0
70936363834.0 283.0
71032488252.0 579.0
71255191132.0 533.0
71300702407.0 298.0
71462302646.0 318.0
71534995357.0 456.0
71604017347.0 89.0
71654519247.0 618.0
71695752840.0 472.0
71764062199.0 649.0
71822621090.0 242.0
72022932542.0 484.0
72069879337.0 113.0
72131567617.0 485.0
72138408551.0 526.0
72153473154.0 546.0
72195296604.0 470.0
72216924076.0 372.0
72450885500.0 597.0
72614199553.0 338.0
72663946898.0 433.0
72755817694.0 235.0
72916873900.0 239.0
72949071132.0 506.0
73017955250.0 409.0
73082234145.0 241.0
73230589748.0 364.0
73291723119.0 153.0
73355887168.0 252.0
73438352506.0 503.0
73473158379.0 387.0
73718236538.0 213.0
73921481785.0 398.0
73940585617.0 460.0
73999714652.0 214.0
74124775244.0 436.0
74364805165.0 563.0
74713189826.0 582.0
74821597382.0 381.0
74858060342.0 470.0
74960296437.0 520.0
75123218082.0 549.0
75192842867.0 123.0
75240566759.0 253.0
75247357552.0 581.0
75414480626.0 456.0
75495235245.0 599.0
75602296587.0 468.0
75613248906.0 211.0
75615550847.0 291.0
75624839614.0 477.0
75834695303.0 352.0
75871341796.0 567.0
75902399464.0 348.0
75932501449.0 171.0
75936184180.0 230.0
75968774869.0 470.0
75977291329.0 277.0
76164535123.0 603.0
76201511447.0 201.0
76231165626.0 245.0
76337320138.0 527.0
76379021576.0 494.0
76416603900.0 203.0
76423006553.0 206.0
76433131395.0 535.0
76449235486.0 571.0
76449605797.0 472.0
76473919597.0 593.0
76500085626.0 208.0
76512547522.0 471.0
76521771215.0 572.0
76651095239.0 566.0
76684001380.0 586.0
76701586395.0 540.0
76929386199.0 214.0
77147860232.0 566.0
77319024632.0 547.0
77351237755.0 399.0
77661099138.0 189.0
77668130763.0 533.0
77821698492.0 585.0
77828276275.0 295.0
77843567293.0 617.0
77869929883.0 608.0
77910286631.0 384.0
78019554358.0 453.0
78064668350.0 112.0
78134582997.0 218.0
78184590224.0 610.0
78318779899.0 472.0
78327347296.0 410.0
78415835688.0 518.0
78519175246.0 259.0
78776932753.0 508.0
78777337815.0 546.0
78787352298.0 483.0
78808314963.0 579.0
78813045365.0 467.0
78827504131.0 606.0
78845783448.0 82.0
78860937534.0 474.0
78865452853.0 631.0
78927309172.0 604.0
78966422175.0 225.0
79009081294.0 402.0
79058132466.0 303.0
79073452947.0 575.0
79078881577.0 630.0
79133181157.0 589.0
79256300367.0 221.0
79409312128.0 331.0
79598069074.0 647.0
79685864482.0 236.0
79713023123.0 428.0
79819706203.0 478.0
79864172326.0 245.0
79898000011.0 558.0
79912099932.0 389.0
79997243412.0 275.0
80047624305.0 551.0
80239760421.0 419.0
80246913972.0 540.0
80268974479.0 419.0
80361029136.0 123.0
80388665876.0 544.0
80481165207.0 543.0
80664644642.0 230.0
80667204914.0 504.0
80726331311.0 628.0
80765974394.0 568.0
80794087305.0 301.0
80869426574.0 267.0
80924461619.0 226.0
80969967382.0 596.0
81064689157.0 562.0
81439872510.0 226.0
81530651926.0 241.0
81573059820.0 277.0
81640794451.0 251.0
81806705666.0 507.0
82142445394.0 157.0
82280314648.0 156.0
82363740568.0 604.0
82386446454.0 573.0
82591491260.0 624.0
82625983695.0 585.0
82762404762.0 642.0
83130875995.0 238.0
83206302687.0 229.0
83332623964.0 313.0
83343496241.0 274.0
83500618316.0 426.0
83560782099.0 162.0
83675207075.0 277.0
83708831807.0 439.0
83914380072.0 231.0
84188383945.0 610.0
84198732041.0 290.0
84427567320.0 618.0
84621106450.0 411.0
84653602545.0 583.0
84724908574.0 471.0
84751128355.0 531.0
84833354688.0 384.0
84935216049.0 465.0
85016516920.0 356.0
85057320869.0 610.0
85074017714.0 623.0
85084501714.0 402.0
85226197994.0 89.0
85229197783.0 594.0
85278016676.0 497.0
85280683136.0 491.0
85386566602.0 193.0
85698224345.0 605.0
86033875093.0 584.0
86242797716.0 487.0
86366220092.0 646.0
86465223045.0 280.0
86469652276.0 597.0
86590622389.0 401.0
86660081484.0 569.0
86739363223.0 242.0
86814655473.0 206.0
86837534267.0 516.0
87064304953.0 364.0
87189645528.0 513.0
87219766319.0 589.0
87384604500.0 581.0
87825301305.0 563.0
87930518244.0 410.0
87968439315.0 406.0
88129876335.0 389.0
88157751368.0 466.0
88246899858.0 384.0
88442211483.0 433.0
88455935251.0 585.0
88457564113.0 609.0
88507208729.0 308.0
88534636099.0 407.0
88537658617.0 361.0
88545200049.0 520.0
88598823357.0 579.0
88610359002.0 612.0
88679844050.0 364.0
88679902447.0 542.0
88748166135.0 567.0
88848169713.0 166.0
88856409402.0 563.0
89036993851.0 75.0
89106013330.0 611.0
89126123113.0 482.0
89234859374.0 271.0
89387803398.0 180.0
89558149877.0 573.0
89700863122.0 374.0
89858587484.0 562.0
89910118775.0 607.0
89939733717.0 283.0
90056278751.0 233.0
90098006460.0 583.0
90232614574.0 336.0
90427815972.0 394.0
90740924026.0 573.0
90755384452.0 406.0
90850563055.0 493.0
90873972838.0 601.0
90982734978.0 600.0
91038403305.0 345.0
91160976397.0 531.0
91246503582.0 548.0
91388462906.0 627.0
91460721904.0 214.0
91532179719.0 247.0
91605386768.0 532.0
91674672979.0 255.0
91679186197.0 402.0
91688244705.0 603.0
91717374993.0 519.0
91754482697.0 277.0
91780471373.0 568.0
91804572452.0 547.0
91817594298.0 615.0
91877716940.0 471.0
92030337757.0 62.0
92045711474.0 561.0
92072131406.0 347.0
92153766677.0 479.0
92218791913.0 522.0
92271855495.0 363.0
92287264499.0 73.0
92399136294.0 341.0
92434560510.0 122.0
92437872407.0 272.0
92493199477.0 578.0
92757329645.0 644.0
92888520054.0 276.0
93068814731.0 577.0
93158877788.0 509.0
93179907250.0 475.0
93188972848.0 580.0
93209036589.0 590.0
93216523026.0 408.0
93235942584.0 606.0
93258301848.0 242.0
93595806752.0 194.0
93614799230.0 577.0
93620975264.0 521.0
93701514846.0 220.0
93837832165.0 403.0
93857630940.0 586.0
93916843088.0 473.0
93936897102.0 253.0
94120272830.0 489.0
94160209390.0 293.0
94442939898.0 444.0
94509673570.0 558.0
94545166843.0 387.0
94552281975.0 268.0
95026745624.0 619.0
95071112960.0 320.0
95096787262.0 166.0
95213768600.0 471.0
95242109385.0 601.0
95320911298.0 544.0
95329250462.0 387.0
95352756505.0 250.0
95366759690.0 87.0
95487861221.0 563.0
95516378011.0 392.0
95708010783.0 268.0
95933481510.0 605.0
96058388417.0 456.0
96060955740.0 400.0
96276884378.0 238.0
96363649191.0 381.0
96377970083.0 579.0
96472974552.0 278.0
96682489953.0 397.0
96843772762.0 530.0
96894892093.0 580.0
96952976291.0 296.0
97005353864.0 613.0
97010212101.0 231.0
97052631037.0 294.0
97067938799.0 515.0
97149206248.0 269.0
97191257857.0 560.0
97290501742.0 547.0
97354101236.0 568.0
97423923517.0 141.0
97610269967.0 499.0
97686365644.0 404.0
97701659113.0 187.0
97788288015.0 227.0
97868378041.0 231.0
98027817724.0 311.0
98050792521.0 268.0
98056945088.0 278.0
98096011182.0 580.0
98163336223.0 420.0
98259718817.0 553.0
98420705244.0 423.0
98442623881.0 203.0
98456476475.0 548.0
98514544849.0 575.0
98542462825.0 247.0
98548420348.0 431.0
98559774519.0 506.0
98568512490.0 246.0
98652881817.0 359.0
98652959956.0 186.0
98691760067.0 148.0
98767730904.0 224.0
98770358372.0 356.0
98807580625.0 527.0
98811717006.0 586.0
98832152746.0 347.0
98849813090.0 571.0
98891939914.0 431.0
99073452305.0 563.0
99090912936.0 576.0
99119690731.0 210.0
99185246342.0 286.0
99261200651.0 562.0
99305685021.0 436.0
99338054332.0 455.0
99353401436.0 340.0
99388642587.0 273.0
99448188100.0 512.0
99486689320.0 418.0
99492459201.0 328.0
99512177949.0 493.0
99523816586.0 260.0
99837431312.0 240.0
100030596026.0 455.0
100092834579.0 605.0
100107449512.0 443.0
100144197297.0 586.0
100286161954.0 360.0
100387976465.0 459.0
100388661302.0 112.0
100515291063.0 424.0
100527679436.0 448.0
100552132597.0 573.0
100760031473.0 456.0
100804964065.0 255.0
100858362960.0 344.0
100958330959.0 603.0
101087002496.0 563.0
101150521466.0 250.0
101213614279.0 548.0
101268079993.0 500.0
101414729467.0 550.0
101596771740.0 432.0
101659890996.0 107.0
101760273860.0 233.0
101811460000.0 594.0
101847294473.0 444.0
101981407896.0 611.0
102096378119.0 579.0
102122591284.0 558.0
102135628358.0 589.0
102197014570.0 139.0
102291063614.0 563.0
102299181036.0 544.0
102308550397.0 560.0
102375701040.0 446.0
102440038992.0 228.0
102536724577.0 236.0
102546953179.0 200.0
102623544939.0 419.0
102697453474.0 211.0
102762821908.0 301.0
102800498057.0 473.0
102801871125.0 179.0
102885450039.0 548.0
103106613098.0 531.0
103115992731.0 420.0
103120300157.0 566.0
103145721871.0 307.0
103158617884.0 256.0
103228715921.0 257.0
103315977959.0 559.0
103525983308.0 502.0
103658102660.0 387.0
103668062185.0 173.0
103675409882.0 617.0
103706970410.0 366.0
103799222725.0 234.0
103849390668.0 423.0
103951301327.0 99.0
103979066218.0 565.0
103988424556.0 423.0
104333433015.0 340.0
104345794878.0 226.0
104370056241.0 484.0
104574274451.0 415.0
104618194047.0 597.0
104786907764.0 114.0
105133130380.0 266.0
105419428205.0 625.0
105432637979.0 507.0
105585062821.0 354.0
105805810314.0 645.0
105953307984.0 403.0
106036290885.0 616.0
106075013115.0 344.0
106170581520.0 548.0
106171733839.0 486.0
106394089704.0 599.0
106450114170.0 480.0
106546570497.0 459.0
106641624610.0 453.0
106876913795.0 612.0
106914532230.0 399.0
107089236515.0 587.0
107299427255.0 577.0
107448489149.0 512.0
107486865424.0 409.0
107548456058.0 222.0
107576650276.0 250.0
107728646497.0 334.0
107732122212.0 541.0
107803151421.0 522.0
107888814169.0 509.0
108056302935.0 253.0
108564783906.0 236.0
108773501034.0 253.0
108860104063.0 597.0
109013866035.0 269.0
109165488100.0 574.0
109270856004.0 93.0
109283372743.0 208.0
109284705859.0 502.0
109336958983.0 564.0
109376362570.0 412.0
109707097261.0 441.0
109719902696.0 533.0
109753394672.0 466.0
109755644766.0 600.0
109794832928.0 553.0
109913882587.0 578.0
109927763854.0 173.0
110128459507.0 459.0
110154541158.0 389.0
110210473964.0 588.0
110243353098.0 248.0
110350920851.0 438.0
110552858179.0 506.0
110671785811.0 464.0
110680526585.0 199.0
110685821345.0 258.0
110707200400.0 523.0
110726615212.0 350.0
110792373205.0 598.0
110844028923.0 236.0
110849569120.0 435.0
110943616499.0 166.0
110976556405.0 524.0
111050648389.0 114.0
111129166170.0 197.0
111186840578.0 536.0
111380231462.0 214.0
111406183931.0 498.0
111467981047.0 578.0
111473710196.0 376.0
111491482881.0 612.0
111513925237.0 152.0
111547252907.0 351.0
111554814342.0 414.0
111814905050.0 618.0
111845841308.0 566.0
112034742292.0 538.0
112039096326.0 623.0
112159600621.0 565.0
112287150396.0 464.0
112309169994.0 451.0
112366905652.0 252.0
112523058285.0 618.0
112523290983.0 398.0
112584340152.0 224.0
112590966260.0 211.0
112596153497.0 1.0
112881698793.0 372.0
112926336398.0 531.0
112927747856.0 423.0
112986474306.0 497.0
112997323309.0 458.0
113100921377.0 416.0
113104369425.0 461.0
113140853591.0 511.0
113143870315.0 156.0
113179741375.0 516.0
113421106495.0 367.0
113511582011.0 227.0
113525588861.0 148.0
113538496383.0 638.0
113616115587.0 397.0
113669943556.0 563.0
113675555530.0 377.0
113680558032.0 619.0
113700427646.0 549.0
113740687365.0 424.0
113816424461.0 611.0
113846451608.0 513.0
113853394315.0 362.0
113859470614.0 576.0
113916332723.0 312.0
113968403979.0 438.0
113975833910.0 556.0
114017042976.0 264.0
114036069204.0 249.0
114041770669.0 390.0
114145335914.0 71.0
114156676112.0 352.0
114405778911.0 418.0
114488357869.0 410.0
114592767325.0 555.0
114616064604.0 493.0
114648951907.0 215.0
114739303330.0 251.0
114790641594.0 232.0
114931757581.0 448.0
114944910467.0 406.0
114957610467.0 601.0
115039400900.0 580.0
115131949520.0 496.0
115132947721.0 375.0
115153649202.0 365.0
115189088623.0 556.0
115205825245.0 191.0
115274854519.0 306.0
115316347819.0 574.0
115364137751.0 492.0
115367079501.0 357.0
115372379095.0 306.0
115472686155.0 264.0
115608315992.0 430.0
115673744177.0 172.0
115720093648.0 647.0
115919380242.0 617.0
116027564751.0 577.0
116159423726.0 415.0
116194793718.0 546.0
116309484336.0 596.0
116316619819.0 183.0
116387375103.0 422.0
116397539741.0 508.0
116402011552.0 584.0
116455677374.0 260.0
116486583914.0 411.0
116490262890.0 435.0
116552358121.0 430.0
116566301024.0 556.0
116790732880.0 595.0
116885330075.0 435.0
117088748995.0 450.0
117185198431.0 243.0
117305285024.0 549.0
117392894569.0 421.0
117472825290.0 596.0
117532201258.0 397.0
117539635481.0 562.0
117653064996.0 607.0
117868078635.0 562.0
117957463922.0 323.0
117991254247.0 553.0
118204650969.0 427.0
118206830041.0 626.0
118220299043.0 60.0
118322626317.0 521.0
118325946564.0 208.0
118432772848.0 374.0
118457967343.0 570.0
118523439489.0 580.0
118555508889.0 551.0
118598418503.0 590.0
118658329659.0 545.0
118668177765.0 638.0
118693279640.0 568.0
118789675310.0 603.0
118948399804.0 446.0
118974449147.0 191.0
119106621654.0 236.0
119116470510.0 381.0
119254793277.0 165.0
119277356820.0 566.0
119456394744.0 221.0
119609182192.0 593.0
119611887886.0 256.0
119622916050.0 249.0
119640807680.0 445.0
119780707534.0 515.0
119897336896.0 583.0
119898793727.0 355.0
119995546371.0 206.0
120056774267.0 372.0
120100508641.0 204.0
120277767156.0 579.0
120373353273.0 557.0
120437696924.0 255.0
120446103260.0 202.0
120810670360.0 558.0
120868675082.0 187.0
120903511790.0 218.0
120941254428.0 520.0
121354113603.0 482.0
121440769495.0 573.0
121443588383.0 509.0
121450033032.0 352.0
121471018567.0 524.0
121504020127.0 194.0
121512012094.0 256.0
121554977767.0 596.0
121720756313.0 385.0
121776877360.0 255.0
121808533955.0 573.0
121839538834.0 232.0
121846534066.0 474.0
121848604726.0 588.0
121879612285.0 582.0
122016259381.0 251.0
122114712059.0 548.0
122154401201.0 567.0
122271313981.0 616.0
122278449919.0 467.0
122421646675.0 597.0
122474309881.0 540.0
122514607794.0 456.0
122531007446.0 405.0
122579001941.0 510.0
122595193804.0 238.0
122677667333.0 546.0
122729642881.0 618.0
122769984556.0 458.0
122810604438.0 602.0
122866413436.0 282.0
122892232382.0 458.0
122960697361.0 79.0
123196682045.0 575.0
123281420137.0 583.0
123296955765.0 550.0
123306349795.0 324.0
123353184369.0 82.0
123368122457.0 433.0
123424088837.0 216.0
123478389738.0 151.0
123858133064.0 518.0
123871569782.0 123.0
124211385314.0 614.0
124248982209.0 244.0
124289859371.0 228.0
124357395842.0 558.0
124370680234.0 394.0
124504184694.0 492.0
124659702608.0 227.0
124727292719.0 133.0
124903782975.0 600.0
124953502572.0 141.0
125067991665.0 262.0
125098291366.0 413.0
125117370455.0 240.0
125167070196.0 453.0
125289940012.0 438.0
125290611963.0 209.0
125387208509.0 296.0
125413474481.0 619.0
125429921905.0 297.0
125444750129.0 531.0
125465084459.0 441.0
125472365556.0 583.0
125806194130.0 94.0
125883503573.0 130.0
126083520779.0 483.0
126307905342.0 321.0
126338575927.0 591.0
126397682414.0 564.0
126429264585.0 59.0
126576151580.0 575.0
126611543086.0 181.0
126663427425.0 584.0
126843278664.0 237.0
126845401089.0 540.0
126883522391.0 586.0
126902196579.0 416.0
126965339990.0 559.0
127002550215.0 144.0
127083660717.0 258.0
127109562211.0 435.0
127136953556.0 416.0
127183276886.0 544.0
127385949837.0 298.0
127395807069.0 231.0
127592999824.0 479.0
127619434211.0 564.0
127630375978.0 379.0
127670275748.0 479.0
127688322404.0 131.0
127692631302.0 129.0
127778948968.0 208.0
127928148956.0 184.0
127959636250.0 242.0
127981442709.0 558.0
128114237129.0 494.0
128210409553.0 555.0
128239497735.0 515.0
128273409912.0 199.0
128423708887.0 472.0
128560032933.0 183.0
128597590838.0 455.0
128605572739.0 591.0
128652467882.0 293.0
128674750368.0 468.0
128780795236.0 298.0
129061973120.0 546.0
129088452440.0 568.0
129222610501.0 448.0
129319894959.0 427.0
129365542122.0 243.0
129433543689.0 541.0
129502245017.0 482.0
129509681701.0 588.0
129572217894.0 566.0
129631103303.0 394.0
129793732923.0 584.0
129948090167.0 647.0
130002047179.0 593.0
130019324589.0 579.0
130219659459.0 536.0
130310975415.0 92.0
130485624378.0 244.0
130497818620.0 251.0
130577384024.0 557.0
130629218399.0 252.0
130646368995.0 302.0
130649524454.0 133.0
130678834038.0 285.0
130919772259.0 420.0
131060113176.0 235.0
131221103069.0 438.0
131277977934.0 147.0
131279135171.0 285.0
131294075163.0 493.0
131295989595.0 368.0
131389771115.0 429.0
131554399140.0 342.0
131593130329.0 187.0
131858048744.0 213.0
131880082758.0 533.0
131896121147.0 613.0
132024162886.0 205.0
132045473170.0 553.0
132155109238.0 265.0
132188461778.0 155.0
132293352973.0 586.0
132352757455.0 468.0
132365707156.0 515.0
132399905553.0 232.0
132411625202.0 352.0
132574234256.0 209.0
132618301452.0 262.0
132658851030.0 490.0
132705065618.0 482.0
132742880634.0 129.0
132865331900.0 284.0
132955124801.0 511.0
133252146166.0 239.0
133277660451.0 326.0
133331878177.0 620.0
133378165037.0 434.0
133391434863.0 278.0
133466906064.0 469.0
133507486535.0 497.0
133573879860.0 170.0
133600003067.0 554.0
133707418622.0 643.0
133747315299.0 267.0
133751301891.0 568.0
133869225563.0 396.0
133870996925.0 270.0
133995584539.0 255.0
134035991508.0 601.0
134064916882.0 460.0
134174553630.0 94.0
134263971430.0 363.0
134373934083.0 592.0
134606161279.0 644.0
134673098127.0 289.0
134806295486.0 240.0
134995850432.0 575.0
135099100757.0 397.0
135134624740.0 276.0
135232662843.0 477.0
135243076640.0 406.0
135306815559.0 614.0
135316477656.0 219.0
135355867608.0 252.0
135390029373.0 101.0
135497030078.0 380.0
135700365680.0 441.0
135944117221.0 478.0
135979195548.0 639.0
136073251642.0 368.0
136451614395.0 607.0
136497766481.0 589.0
136520730758.0 473.0
136533406685.0 581.0
136628372358.0 425.0
136791212357.0 206.0
136798263503.0 141.0
136960241293.0 620.0
137102136632.0 443.0
137129710872.0 387.0
137152817159.0 290.0
137205819084.0 424.0
137221408366.0 207.0
137289449717.0 385.0
137506791344.0 567.0
137856180749.0 199.0
137856408185.0 397.0
137878292292.0 380.0
137918544170.0 393.0
138028133197.0 412.0
138061447095.0 222.0
138278491666.0 601.0
138357147989.0 509.0
138434626475.0 589.0
138512328023.0 214.0
138549450830.0 434.0
138628235315.0 435.0
138670918932.0 466.0
138684305713.0 553.0
138705195205.0 211.0
138741628779.0 379.0
138825629749.0 601.0
138909003594.0 598.0
138913369837.0 494.0
138917916950.0 407.0
138988758885.0 413.0
139087487066.0 239.0
139100081048.0 409.0
139114761326.0 568.0
139214294532.0 448.0
139295984392.0 579.0
139367691182.0 171.0
139472739544.0 495.0
139495759800.0 313.0
139532125852.0 506.0
139595358531.0 398.0
139634453143.0 595.0
139671601322.0 421.0
139759755348.0 324.0
139779933714.0 518.0
139955244646.0 497.0
139963643144.0 499.0
139963925240.0 261.0
140042991657.0 529.0
140052001545.0 551.0
140075626891.0 350.0
140155543834.0 296.0
140473820829.0 417.0
140534656433.0 527.0
140713990673.0 593.0
140730709903.0 239.0
140763064051.0 223.0
140803023104.0 527.0
140853993741.0 219.0
140894056089.0 430.0
141022885202.0 305.0
141116379211.0 469.0
141230979397.0 443.0
141247788863.0 191.0
141258868620.0 602.0
141272956971.0 553.0
141339724960.0 402.0
141472460230.0 375.0
141573515237.0 245.0
141586394047.0 488.0
141746794039.0 368.0
141838481118.0 406.0
141841761300.0 106.0
141879532903.0 454.0
142038842999.0 283.0
142074715686.0 485.0
142114781171.0 370.0
142294750927.0 622.0
142316388507.0 401.0
142336429760.0 571.0
142371058696.0 378.0
142374078162.0 254.0
142396523807.0 408.0
142443386170.0 433.0
142478105401.0 425.0
142530244301.0 550.0
142612999730.0 479.0
142689743629.0 234.0
142922358223.0 520.0
143083972744.0 267.0
143164548110.0 575.0
143176641600.0 203.0
143189448712.0 567.0
143312437979.0 440.0
143394714655.0 220.0
143420344488.0 594.0
143442126753.0 553.0
143447813492.0 502.0
143609398393.0 248.0
143685155682.0 276.0
143791079133.0 540.0
143970888681.0 345.0
144076889085.0 261.0
144079716393.0 492.0
144188704151.0 601.0
144306694012.0 466.0
144407336343.0 272.0
144561079367.0 509.0
144707944521.0 256.0
144786832419.0 288.0
144872890621.0 178.0
145135733714.0 473.0
145192784906.0 336.0
145436767642.0 458.0
145579982873.0 554.0
145617733307.0 222.0
145734799102.0 163.0
146165150093.0 211.0
146174052900.0 502.0
146212955750.0 96.0
146239585542.0 346.0
146247239309.0 435.0
146406794963.0 151.0
146492044412.0 370.0
146500782989.0 473.0
146630341207.0 343.0
146642016934.0 287.0
146766087883.0 380.0
146818433547.0 455.0
146863085085.0 335.0
147006944277.0 534.0
147047294257.0 236.0
147073730962.0 648.0
147162438186.0 600.0
147178452161.0 257.0
147215038057.0 403.0
147223723021.0 213.0
147231436837.0 514.0
147311511246.0 261.0
147321624355.0 279.0
147374196678.0 644.0
147477775555.0 494.0
147581054423.0 388.0
147647222340.0 254.0
147682156996.0 494.0
147720365431.0 476.0
147740737742.0 423.0
147858732218.0 227.0
148038304124.0 615.0
148195411824.0 322.0
148244322176.0 96.0
148324358649.0 397.0
148411648258.0 229.0
148426545516.0 408.0
148438348110.0 393.0
148454441091.0 532.0
148471693843.0 528.0
148480411948.0 618.0
148494263420.0 136.0
148665720274.0 156.0
148700621670.0 604.0
148749641989.0 455.0
148780328816.0 576.0
148897348379.0 290.0
149333916524.0 635.0
149504652762.0 583.0
149543943165.0 344.0
149610182842.0 193.0
149685738320.0 114.0
149929099762.0 610.0
149938397003.0 573.0
150027941895.0 463.0
150101934036.0 595.0
150281718384.0 368.0
150346442893.0 490.0
150426526681.0 324.0
150448704392.0 251.0
150470110973.0 221.0
150533411483.0 224.0
150718592943.0 471.0
150848527792.0 340.0
151000319002.0 161.0
151050439148.0 385.0
151089012756.0 480.0
151129678160.0 587.0
151243283198.0 472.0
151336705473.0 570.0
151380731702.0 578.0
151540701602.0 113.0
151664959001.0 586.0
151743062038.0 477.0
151749106379.0 625.0
151769957917.0 255.0
151781996817.0 291.0
151930385814.0 481.0
151948964222.0 97.0
151983034484.0 372.0
152012601346.0 347.0
152082004275.0 243.0
152093429433.0 436.0
152483688819.0 570.0
152485387506.0 377.0
152584539533.0 637.0
152616041243.0 259.0
152679639882.0 238.0
152715461253.0 494.0
152729232657.0 434.0
152778789425.0 410.0
152829863227.0 238.0
152896104227.0 95.0
152966009478.0 517.0
153149436753.0 479.0
153153294115.0 260.0
153208676826.0 338.0
153363735004.0 447.0
153409958935.0 490.0
153569676852.0 41.0
153618246465.0 280.0
153722786178.0 599.0
153901597182.0 226.0
153997569748.0 455.0
154168212927.0 578.0
154180838098.0 592.0
154256468130.0 543.0
154292012476.0 228.0
154295589144.0 483.0
154351159232.0 582.0
154392274091.0 545.0
154394126049.0 222.0
154506362532.0 332.0
154517885527.0 660.0
154586856681.0 347.0
154605811652.0 491.0
154706727587.0 277.0
154718964439.0 582.0
154725171663.0 472.0
154786241578.0 235.0
154950061858.0 562.0
155096976053.0 306.0
155166892652.0 252.0
155537647291.0 245.0
155605030913.0 642.0
155802204030.0 610.0
155895134407.0 569.0
155939402767.0 575.0
155948710324.0 203.0
155951684041.0 167.0
156037849099.0 599.0
156084170406.0 632.0
156191477246.0 518.0
156445380532.0 444.0
156466597950.0 558.0
156484466518.0 572.0
156742501414.0 199.0
156752955871.0 588.0
156940403559.0 404.0
156943083234.0 302.0
156944259176.0 193.0
156968468258.0 250.0
157070615847.0 443.0
157184089134.0 448.0
157242593728.0 363.0
157262203927.0 243.0
157263932418.0 534.0
157297376911.0 528.0
157472854364.0 242.0
157487676219.0 197.0
157545221166.0 531.0
157605372738.0 207.0
157765323164.0 400.0
157772066201.0 389.0
157818455277.0 409.0
157907871283.0 461.0
157927564897.0 81.0
158063720308.0 467.0
158111704845.0 105.0
158212737707.0 357.0
158312211320.0 583.0
158329793024.0 327.0
158370442241.0 519.0
158388909648.0 595.0
158695885852.0 269.0
158705391082.0 478.0
158869825551.0 350.0
158908069685.0 286.0
158918315049.0 605.0
159004181545.0 261.0
159030394041.0 367.0
159049793387.0 561.0
159298809843.0 548.0
159400716764.0 515.0
159428620828.0 614.0
159446432361.0 614.0
159478997768.0 267.0
159574475610.0 279.0
159706856826.0 614.0
159780085316.0 303.0
159797498243.0 378.0
159828571165.0 570.0
159850771081.0 599.0
159942168453.0 380.0
159985347897.0 606.0
160045557785.0 335.0
160100885447.0 434.0
160151167481.0 586.0
160236801198.0 273.0
160316842702.0 214.0
160387341956.0 615.0
160409963532.0 593.0
160418655384.0 597.0
160430850767.0 543.0
160537200902.0 466.0
160591543255.0 426.0
160627390346.0 192.0
160715661660.0 386.0
160804255843.0 233.0
160845870140.0 428.0
160926094998.0 452.0
161010804303.0 601.0
161246502439.0 515.0
161251305053.0 419.0
161316802999.0 283.0
161377546725.0 567.0
161401629783.0 243.0
161446153010.0 349.0
161508669520.0 578.0
161519736637.0 554.0
161530406833.0 271.0
161575470439.0 619.0
161613827952.0 570.0
161733840221.0 246.0
161747379434.0 593.0
161759983640.0 533.0
161820844978.0 412.0
161830148530.0 556.0
161903184906.0 174.0
161966735401.0 56.0
161986089465.0 349.0
162031983084.0 614.0
162067891510.0 609.0
162087958675.0 543.0
162263744769.0 220.0
162334054013.0 604.0
162335819227.0 248.0
162405552694.0 215.0
162407413507.0 310.0
162427062390.0 568.0
162435392509.0 566.0
162508081948.0 533.0
162681238169.0 587.0
162826705124.0 184.0
162851189012.0 624.0
162860479596.0 170.0
163010996607.0 423.0
163060605123.0 562.0
163087808088.0 214.0
163393641497.0 285.0
163457613102.0 242.0
163826931249.0 586.0
163863485554.0 563.0
163914226626.0 225.0
164050912249.0 577.0
164304797150.0 442.0
164502196781.0 401.0
164560329155.0 197.0
164643953844.0 592.0
164652223053.0 396.0
164683823584.0 462.0
164714705030.0 340.0
164733092746.0 202.0
164847738800.0 445.0
164885112648.0 604.0
164892445732.0 582.0
165021398748.0 455.0
165032437346.0 427.0
165073130833.0 496.0
165182366083.0 378.0
165292540108.0 386.0
165377558639.0 558.0
165577617683.0 380.0
165748880280.0 598.0
165758707225.0 417.0
165858195884.0 246.0
165881522177.0 425.0
165948882271.0 605.0
166019748662.0 396.0
166069311872.0 567.0
166095424514.0 287.0
166229576181.0 245.0
166273092345.0 429.0
166313684832.0 541.0
166405067565.0 226.0
166501556039.0 65.0
166527162068.0 611.0
166555389930.0 616.0
166654971620.0 595.0
166799834984.0 273.0
166890445867.0 583.0
166890825880.0 268.0
166923534250.0 417.0
167033022310.0 593.0
167067848694.0 205.0
167223008419.0 402.0
167231079411.0 248.0
167241486798.0 211.0
167373415769.0 608.0
167501363896.0 631.0
167510829831.0 497.0
167531871108.0 540.0
167532199923.0 518.0
167554949353.0 173.0
167695543279.0 616.0
167806187256.0 416.0
167829771787.0 421.0
167846920916.0 494.0
167908930430.0 244.0
167994951874.0 99.0
168175877650.0 615.0
168196296273.0 382.0
168224978768.0 437.0
168393989820.0 610.0
168447679224.0 429.0
168449268741.0 336.0
168562512347.0 472.0
168621725800.0 283.0
168632007475.0 258.0
168816425098.0 405.0
169057514166.0 586.0
169138953301.0 89.0
169139492542.0 558.0
169236198748.0 562.0
169295240996.0 558.0
169435371456.0 209.0
169468558602.0 252.0
169474881424.0 353.0
169545845080.0 604.0
169602398170.0 61.0
169642723012.0 264.0
169724393875.0 394.0
169765735694.0 291.0
169864902657.0 411.0
169872601620.0 415.0
169974517982.0 183.0
170090463665.0 191.0
170097249082.0 409.0
170142153443.0 583.0
170152847776.0 557.0
170188016020.0 438.0
170284443490.0 425.0
170307666035.0 399.0
170327935271.0 198.0
170338890542.0 77.0
170445327453.0 214.0
170454689819.0 542.0
170496289732.0 258.0
170505760647.0 464.0
170548933912.0 360.0
170725895760.0 576.0
170737589758.0 577.0
170756898955.0 321.0
170776942187.0 608.0
170845779324.0 578.0
170936912965.0 415.0
171006085021.0 312.0
171301863915.0 575.0
171326189718.0 238.0
171348057586.0 389.0
171392905062.0 231.0
171508026919.0 615.0
171514338765.0 570.0
171539177286.0 281.0
171720715016.0 555.0
171735596292.0 212.0
171765659682.0 402.0
171801496308.0 442.0
171818730307.0 466.0
171904288677.0 261.0
171923110998.0 263.0
171937206801.0 546.0
172016308193.0 275.0
172030964796.0 477.0
172041038174.0 168.0
172093987613.0 537.0
172124131514.0 397.0
172233009586.0 95.0
172250357900.0 626.0
172278095062.0 526.0
172360964282.0 565.0
172469938914.0 164.0
172538988477.0 235.0
172589539134.0 105.0
172591648737.0 508.0
172676220725.0 253.0
172676757688.0 414.0
172754718958.0 633.0
172814397352.0 597.0
172897868019.0 589.0
172909646629.0 496.0
173199387751.0 621.0
173326965946.0 180.0
173372338988.0 593.0
173409614583.0 400.0
173458600162.0 574.0
173481816077.0 376.0
173523436898.0 615.0
173773609512.0 544.0
173805246677.0 598.0
173844722663.0 536.0
173907043190.0 251.0
173910362546.0 166.0
173937677317.0 223.0
174023525019.0 288.0
174097260816.0 309.0
174152055166.0 496.0
174155250113.0 141.0
174161081976.0 264.0
174184412999.0 542.0
174218174617.0 440.0
174306612858.0 568.0
174489797590.0 330.0
174569810319.0 602.0
174602898787.0 230.0
174658935347.0 262.0
174672084034.0 570.0
174720705404.0 499.0
174916031307.0 567.0
175082288311.0 597.0
175207794549.0 556.0
175210286040.0 320.0
175217345732.0 546.0
175284001440.0 508.0
175384031646.0 551.0
175436054914.0 583.0
175509863451.0 373.0
175552461827.0 585.0
175675219408.0 427.0
175761870103.0 548.0
175799840438.0 445.0
176082015013.0 218.0
176223091259.0 121.0
176242753715.0 154.0
176362131161.0 457.0
176544256450.0 240.0
176612042989.0 284.0
176647657988.0 151.0
176693542621.0 216.0
176717294450.0 593.0
176720452320.0 238.0
176771372714.0 481.0
176870528011.0 451.0
176895017366.0 370.0
176944081813.0 617.0
176967432961.0 478.0
176989487736.0 223.0
177027945654.0 205.0
177189876294.0 485.0
177194966510.0 579.0
177261805876.0 586.0
177282821690.0 604.0
177517189691.0 278.0
177684628179.0 595.0
177688710047.0 589.0
177735932964.0 578.0
177757997400.0 217.0
177774751953.0 455.0
177827922672.0 582.0
177910340211.0 413.0
178043605812.0 460.0
178235286605.0 400.0
178313034502.0 633.0
178359383300.0 271.0
178483838968.0 258.0
178518661374.0 311.0
178633040619.0 416.0
178650930303.0 51.0
178691002498.0 229.0
178696816867.0 233.0
178714363319.0 381.0
178732526281.0 351.0
178745080103.0 283.0
178765855421.0 499.0
178818879891.0 426.0
178900528232.0 122.0
178902192296.0 218.0
178942924175.0 583.0
178974070548.0 501.0
179176577062.0 574.0
179512894396.0 542.0
179584577078.0 452.0
179664279414.0 361.0
179773169237.0 587.0
179915675153.0 373.0
179925249834.0 575.0
179968320980.0 92.0
180077338596.0 426.0
180113402500.0 540.0
180129452496.0 541.0
180277241547.0 133.0
180287159668.0 135.0
180316778558.0 588.0
180494131008.0 600.0
180522649252.0 251.0
180593489901.0 580.0
180750302064.0 304.0
180811317267.0 383.0
180925813979.0 222.0
180928128561.0 555.0
180941007358.0 557.0
181042268551.0 417.0
181057590809.0 595.0
181149543061.0 554.0
181233754227.0 189.0
181288144767.0 57.0
181531236176.0 125.0
181548716970.0 343.0
181568868757.0 191.0
181611591535.0 491.0
181655159127.0 578.0
181669926609.0 518.0
