500589237.0 85.014892
630880214.0 144.462395
853909300.0 93.9881
1037833689.0 56.973617
1055252173.0 27.810691
1218193611.0 295.88527999999997
1486450467.0 187.085133
1487971987.0 179.233576
1701446668.0 110.81286500000002
1837661142.0 255.505844
2094717840.0 226.342918
2199755781.0 95.10975099999999
2331373756.0 236.437777
2423650236.0 83.89324099999999
2434730986.0 271.20895799999994
2747824264.0 231.951173
2783918207.0 179.233576
2979618172.0 162.408811
3048657884.0 101.83965699999999
3354571127.0 168.017066
3356230914.0 120.907724
3566236376.0 107.447912
3567884313.0 70.43342899999999
3716855760.0 110.81286500000002
3893661417.0 73.798382
4081343021.0 257.749146
4198662373.0 150.07065
4288269218.0 91.744798
4821335365.0 449.55146699999995
4921425863.0 97.35305299999999
5314500240.0 165.773764
5364399387.0 178.111925
5639054652.0 69.311778
6184450650.0 231.951173
6214404995.0 206.1532
6267590715.0 83.89324099999999
6462297236.0 88.37984499999999
6581565472.0 71.55508
6686337140.0 107.447912
6866124566.0 196.058341
6919778718.0 255.505844
6992053807.0 146.70569700000001
7001596925.0 150.07065
7140699902.0 198.30164299999998
7536187425.0 215.126408
7727350772.0 290.277025
8082511452.0 102.961308
8611252590.0 270.08730699999995
8682236704.0 108.56956299999999
8701638592.0 217.36971
8968052620.0 168.017066
8988498706.0 200.544945
9386878526.0 22.202436
9598951948.0 61.460221
9641980959.0 184.84183099999998
9756818492.0 109.691214
9783032726.0 171.38201899999999
10306531036.0 134.367536
10339335998.0 258.870797
10353485527.0 134.367536
10561931480.0 73.798382
10804766840.0 106.32626099999999
10856944856.0 180.35522699999999
11137718037.0 25.567389
11311502963.0 275.695562
11849072316.0 67.068476
12243024902.0 281.303817
12335853818.0 80.528288
12431685932.0 192.693388
12667270406.0 152.313952
12698693313.0 239.80273000000003
13012437810.0 271.20895799999994
13075730039.0 168.017066
13142436948.0 37.90555
13150457552.0 516.8505269999999
13232629438.0 203.909898
13252284727.0 271.20895799999994
13341693159.0 222.977965
13395876787.0 102.961308
13413321026.0 108.56956299999999
13468971725.0 148.948999
13484413415.0 28.932342
13487126944.0 384.495709
13655721657.0 172.50367
13763427188.0 194.93669
13813940256.0 312.710045
13826408303.0 63.703523
13933186562.0 319.43995099999995
14036225881.0 307.10178999999994
14052054930.0 142.21909300000002
14102847950.0 117.54277099999999
14595736575.0 46.878758
14855744453.0 82.77159
14957962626.0 160.16550900000001
15108839645.0 117.54277099999999
15146220204.0 100.718006
15236396081.0 64.825174
15774670818.0 317.196649
16012347062.0 93.9881
16069938254.0 134.367536
16139578896.0 181.476878
16288780669.0 71.55508
16496825342.0 98.474704
16562422510.0 255.505844
16610115675.0 60.33857
16905339161.0 159.043858
17058469666.0 192.693388
17234015000.0 174.746972
17236059878.0 63.703523
17559690700.0 135.489187
17584857419.0 168.017066
17641134637.0 90.62314699999999
18116188179.0 173.625321
18143710503.0 556.108312
18215564016.0 144.462395
18521541859.0 165.773764
18964820041.0 93.9881
18968778275.0 122.02937499999999
19134399520.0 41.270503
19377670564.0 107.447912
19631859493.0 321.683253
19767317636.0 184.84183099999998
19842147278.0 65.94682499999999
19867515474.0 165.773764
20237353591.0 61.460221
20269220584.0 90.62314699999999
20395354185.0 44.635456
20466341814.0 248.77593800000002
20496259927.0 252.14089099999998
20613852752.0 109.691214
20635194721.0 139.975791
20705620027.0 428.240098
21083942679.0 175.86862299999999
21166291211.0 318.31829999999997
21461670427.0 136.610838
21780057950.0 148.948999
21846014107.0 294.763629
21871703345.0 87.258194
21924120493.0 565.08152
21930985941.0 78.284986
22264753080.0 211.76145499999998
22636098900.0 174.746972
22732514796.0 65.94682499999999
22927923498.0 272.330609
23041283770.0 56.973617
23143351678.0 238.68107899999998
23192463906.0 18.837483
23254486514.0 172.50367
23382439100.0 55.851966
23435621643.0 96.231402
23471110202.0 63.703523
23532308824.0 68.19012699999999
23538285843.0 143.340744
23691257185.0 168.017066
23726289063.0 118.664422
23975725824.0 115.29946900000002
24054173839.0 210.639804
24127106113.0 126.51597899999999
24248561523.0 151.19230100000001
24328476913.0 82.77159
24604877116.0 107.447912
24751819447.0 71.55508
24887501911.0 189.32843499999998
25163625703.0 154.557254
25319523766.0 76.041684
25473090471.0 221.856314
25540621976.0 258.870797
25771525570.0 162.408811
25918854336.0 248.77593800000002
26142304974.0 53.608664
26359003100.0 15.472529999999999
26774530358.0 117.54277099999999
26910946776.0 104.08295899999999
27128998343.0 193.81503899999998
27316219759.0 90.62314699999999
27406844177.0 89.501496
27482008421.0 148.948999
27803795631.0 59.216919
27837898199.0 202.78824699999998
27858574722.0 77.16333499999999
27922981301.0 82.77159
28042598766.0 119.78607300000002
28254588760.0 124.27267700000002
28453158733.0 237.559428
28736610177.0 31.175644
29131960125.0 143.340744
29172745238.0 49.12206
29204576745.0 222.977965
29220510992.0 259.99244799999997
29319041510.0 145.584046
29711041994.0 496.660809
29843376452.0 205.031549
29916213427.0 229.70787099999998
30049234973.0 135.489187
30056641971.0 26.68904
30065496171.0 234.19447499999998
30139985651.0 220.73466299999998
30173488626.0 116.42112
30471458005.0 157.922207
30570248909.0 50.243711
30590335006.0 85.014892
30837687321.0 43.513805
30841151568.0 128.75928100000002
30948117515.0 207.27485099999998
31131308926.0 82.77159
31248925790.0 30.053993
31338902787.0 230.829522
31472917026.0 129.880932
31521914169.0 146.70569700000001
31716962754.0 69.311778
31750629076.0 127.63763
31889134547.0 285.790421
31985226974.0 62.581872
31985591196.0 171.38201899999999
32101053537.0 233.072824
32190330761.0 174.746972
32534507320.0 239.80273000000003
32603044285.0 349.72452799999996
32650776568.0 40.148852
32675849761.0 81.64993899999999
32704532256.0 314.95334699999995
32984413866.0 98.474704
33028617613.0 238.68107899999998
33036161665.0 106.32626099999999
33088820932.0 125.394328
33232073214.0 484.32264799999996
33264464328.0 96.231402
33397737471.0 142.21909300000002
33539945158.0 198.30164299999998
33543711775.0 256.62749499999995
33655781296.0 320.561602
33936253870.0 274.57391099999995
33976282292.0 51.365362
34126268137.0 19.959134
34158447924.0 122.02937499999999
34552030800.0 34.540597
34606530802.0 124.27267700000002
34628399040.0 347.481226
34737803315.0 27.810691
34863724890.0 145.584046
35048585356.0 71.55508
35119208109.0 228.58622
35153099301.0 160.16550900000001
35887716634.0 237.559428
35973484655.0 184.84183099999998
36113892201.0 106.32626099999999
36713821643.0 439.45660799999996
36757980986.0 262.23574999999994
36788820654.0 14.350878999999999
36810714935.0 151.19230100000001
37637216262.0 206.1532
37645106008.0 203.909898
37920425715.0 219.613012
37955875677.0 70.43342899999999
37957315722.0 87.258194
38154690468.0 125.394328
38207901832.0 79.40663699999999
38318968988.0 17.715832
38365998702.0 70.43342899999999
38426249561.0 271.20895799999994
38836948776.0 78.284986
38883390348.0 181.476878
39018284394.0 69.311778
39044450628.0 46.878758
39109309347.0 69.311778
39282020524.0 289.15537399999994
39590081437.0 169.138717
39658746040.0 63.703523
39665860198.0 420.388541
39764000851.0 145.584046
39856447492.0 99.59635499999999
40009125613.0 100.718006
40123437455.0 233.072824
40197316840.0 143.340744
40384806474.0 198.30164299999998
40654658196.0 60.33857
40734025324.0 77.16333499999999
41056101070.0 105.20461
41287056124.0 237.559428
41787678141.0 218.491361
41828860989.0 77.16333499999999
42106406483.0 142.21909300000002
42201336265.0 35.662248
42211197591.0 200.544945
42431216355.0 126.51597899999999
42438133365.0 143.340744
42496943628.0 64.825174
42537766143.0 500.025762
42640264309.0 74.92003299999999
42664850364.0 99.59635499999999
42678121530.0 100.718006
42685864793.0 60.33857
42977818855.0 382.25240699999995
43121659727.0 50.243711
43529695509.0 65.94682499999999
43580378220.0 216.24805899999998
43838885748.0 237.559428
44004422780.0 169.138717
44026824531.0 187.085133
44061742501.0 226.342918
44129872911.0 40.148852
44421758143.0 215.126408
45162750770.0 159.043858
45376671842.0 19.959134
45399822690.0 216.24805899999998
45528673073.0 97.35305299999999
45641783401.0 503.390715
45781343476.0 163.530462
45897402895.0 239.80273000000003
46056078919.0 336.26471599999996
46161352227.0 351.96782999999994
46196768816.0 152.313952
46361535251.0 380.009105
46434138957.0 353.089481
46442710121.0 189.32843499999998
46455646444.0 62.581872
46505752225.0 155.67890500000001
46864578067.0 220.73466299999998
46865163483.0 226.342918
46893344855.0 226.342918
47097379141.0 116.42112
47129630204.0 166.89541499999999
47297233209.0 168.017066
47299080100.0 252.14089099999998
47347127707.0 65.94682499999999
47636904395.0 76.041684
47666962318.0 37.90555
47977096766.0 68.19012699999999
48358648900.0 69.311778
48390316255.0 93.9881
48770004011.0 34.540597
48817930428.0 96.231402
48904227543.0 198.30164299999998
49007342922.0 91.744798
49151346170.0 51.365362
49456032242.0 169.138717
49525382129.0 144.462395
49541690057.0 72.67673099999999
49643935180.0 438.334957
49654150189.0 176.990274
49844100663.0 127.63763
50135468132.0 88.37984499999999
50434740128.0 92.86644899999999
50537511392.0 97.35305299999999
50587514447.0 89.501496
50688218502.0 196.058341
50735743545.0 654.8136
51142402554.0 80.528288
51448215731.0 119.78607300000002
51595416269.0 215.126408
51857912087.0 175.86862299999999
51871760495.0 234.19447499999998
51891801500.0 62.581872
51892583100.0 141.097442
52055936422.0 190.450086
52079552989.0 98.474704
52124685998.0 109.691214
52131276249.0 50.243711
52209142008.0 82.77159
52317438388.0 235.316126
52428059702.0 79.40663699999999
52465253737.0 78.284986
52628116725.0 59.216919
52744369935.0 144.462395
52851084622.0 277.93886399999997
52891517558.0 178.111925
53325426289.0 136.610838
53336991361.0 234.19447499999998
53349897819.0 127.63763
53466887053.0 235.316126
53621731414.0 120.907724
53723879368.0 133.24588500000002
53802552983.0 126.51597899999999
53899324396.0 189.32843499999998
53932131195.0 147.827348
54078963210.0 220.73466299999998
54101680496.0 183.72018
54107411001.0 221.856314
54265822529.0 154.557254
54550597844.0 67.068476
54567444549.0 235.316126
54812895236.0 543.7701509999999
54904577811.0 71.55508
54997019543.0 168.017066
55074037945.0 199.423294
55310994704.0 163.530462
55332343936.0 28.932342
55477902060.0 139.975791
55546400830.0 351.96782999999994
55570217573.0 116.42112
56135276166.0 222.977965
56143422430.0 157.922207
56195887355.0 36.783899
56578678076.0 105.20461
56765069361.0 114.177818
56860599740.0 15.472529999999999
56933035448.0 74.92003299999999
57111753598.0 42.392154
57238823358.0 60.33857
57398432383.0 118.664422
57518764101.0 70.43342899999999
57582461129.0 382.25240699999995
57642986446.0 138.85414
57701531650.0 12.107577
57737098868.0 477.59274199999993
58015705729.0 108.56956299999999
58082846400.0 215.126408
58190286005.0 222.977965
58244782945.0 67.068476
58549037049.0 157.922207
58763991738.0 169.138717
58876962357.0 69.311778
58972440653.0 144.462395
59096879788.0 182.598529
59131031462.0 142.21909300000002
59293608724.0 182.598529
59466579473.0 225.22126699999998
59687662711.0 166.89541499999999
59779765428.0 60.33857
59973045264.0 126.51597899999999
59995161247.0 196.058341
60098510435.0 430.48339999999996
60392719317.0 206.1532
60423215687.0 120.907724
60707696762.0 478.714393
60718278802.0 65.94682499999999
60731781278.0 175.86862299999999
60738721409.0 56.973617
60814749286.0 284.66877
60991383514.0 498.90411099999994
61258133006.0 226.342918
61285192461.0 438.334957
61476832253.0 59.216919
61580569052.0 226.342918
61626132284.0 414.78028599999993
61809859628.0 61.460221
61870831425.0 118.664422
61906141656.0 152.313952
62032125982.0 196.058341
62187494792.0 31.175644
62247129971.0 67.068476
62585688586.0 95.10975099999999
62627270600.0 10.985926
63003707650.0 -17.055349
63074191524.0 168.017066
63121504440.0 156.800556
63427981971.0 142.21909300000002
63598636526.0 105.20461
63759529651.0 174.746972
63828453613.0 251.01924
63864585602.0 120.907724
64084720179.0 259.99244799999997
64218228194.0 171.38201899999999
64496912427.0 146.70569700000001
64656323867.0 101.83965699999999
64771715560.0 131.002583
64898105264.0 652.570298
64926800648.0 154.557254
65212880990.0 146.70569700000001
65362651395.0 51.365362
65412017617.0 68.19012699999999
65806433840.0 70.43342899999999
65841300208.0 221.856314
66239476756.0 348.602877
66405534102.0 159.043858
66457764324.0 279.06051499999995
66661131475.0 248.77593800000002
66908167112.0 116.42112
67179253260.0 101.83965699999999
67249845239.0 210.639804
67542313089.0 104.08295899999999
67569360397.0 125.394328
67619532110.0 87.258194
67819387067.0 230.829522
67863296058.0 282.42546799999997
67926787805.0 99.59635499999999
68067062558.0 247.65428699999998
68158707005.0 459.64632599999993
68203093948.0 154.557254
68275489972.0 215.126408
68343497317.0 67.068476
68566719499.0 110.81286500000002
68721045807.0 70.43342899999999
68770877006.0 87.258194
68924283535.0 376.64415199999996
69087169061.0 153.435603
69108767544.0 87.258194
69140268433.0 56.973617
69166477386.0 86.13654299999999
69341275738.0 76.041684
69455172536.0 73.798382
69460647676.0 163.530462
69538803521.0 128.75928100000002
69605427639.0 95.10975099999999
69622029744.0 224.099616
69658603998.0 96.231402
69732926216.0 145.584046
69748310840.0 127.63763
69777405355.0 224.099616
69870693634.0 378.88745399999993
70069660699.0 71.55508
70149476729.0 194.93669
70217927168.0 188.206784
70254912645.0 150.07065
70445985465.0 178.111925
70515451964.0 222.977965
70574791385.0 68.19012699999999
70747961509.0 55.851966
70867621748.0 53.608664
71081757364.0 72.67673099999999
71114747896.0 18.837483
71219676201.0 16.594181
71352817905.0 71.55508
71460191543.0 211.76145499999998
71586585827.0 123.151026
71736530410.0 138.85414
71824794498.0 157.922207
72005710628.0 102.961308
72029182738.0 425.99679599999996
72711176487.0 41.270503
72735984329.0 218.491361
72742599925.0 44.635456
72817722232.0 161.28716
72931983952.0 96.231402
73014429904.0 141.097442
73132195384.0 212.883106
73220175559.0 172.50367
73353674375.0 82.77159
73367757932.0 68.19012699999999
73419121132.0 124.27267700000002
73425512009.0 194.93669
73438946032.0 255.505844
73561734052.0 117.54277099999999
73987763367.0 87.258194
73995853595.0 117.54277099999999
74460432540.0 468.61953399999993
74487484366.0 104.08295899999999
74496006112.0 120.907724
75279420229.0 118.664422
75331057010.0 146.70569700000001
75418908630.0 261.11409899999995
75636184725.0 125.394328
75799066827.0 141.097442
75817343560.0 70.43342899999999
76394189565.0 179.233576
76650690143.0 37.90555
76732936520.0 64.825174
76899957086.0 147.827348
77129311052.0 107.447912
77173788289.0 41.270503
77240411479.0 83.89324099999999
77268152307.0 107.447912
77276943091.0 132.124234
77396492819.0 363.18433999999996
77435322611.0 172.50367
77486798270.0 26.68904
77639104102.0 348.602877
77690924945.0 80.528288
77945349672.0 89.501496
78110307009.0 74.92003299999999
78161266778.0 69.311778
78294641924.0 159.043858
78352384530.0 58.095268
78478600896.0 205.031549
78530159701.0 172.50367
78602738661.0 81.64993899999999
78669186207.0 143.340744
78979935235.0 110.81286500000002
79159046201.0 309.34509199999997
79377547519.0 219.613012
79702001859.0 90.62314699999999
80013719038.0 69.311778
80148575903.0 255.505844
80301585837.0 90.62314699999999
80305326043.0 89.501496
80343670180.0 217.36971
80355497909.0 233.072824
80588419002.0 228.58622
80786866263.0 135.489187
81221408996.0 45.757107
81303182648.0 95.10975099999999
81459318206.0 206.1532
81467939208.0 488.80925199999996
81898642923.0 286.91207199999997
82227253804.0 194.93669
82261199931.0 137.73248900000002
82274353601.0 228.58622
82463526965.0 171.38201899999999
82516285043.0 239.80273000000003
82546823933.0 515.728876
82712431515.0 157.922207
82821465644.0 96.231402
82851647276.0 89.501496
82863074033.0 25.567389
82880768189.0 62.581872
82956976247.0 115.29946900000002
83020067861.0 102.961308
83047007392.0 247.65428699999998
83327002419.0 436.09165499999995
83377195483.0 78.284986
83575723783.0 163.530462
83579055668.0 123.151026
83582826840.0 203.909898
83737475328.0 155.67890500000001
83765727577.0 230.829522
83967957492.0 161.28716
84039506364.0 259.99244799999997
84177796500.0 65.94682499999999
84620676211.0 310.46674299999995
84690514986.0 148.948999
85017923751.0 44.635456
85039394411.0 142.21909300000002
85458382239.0 34.540597
85522795529.0 85.014892
85589565961.0 111.934516
85719809641.0 247.65428699999998
85858086664.0 253.26254199999997
86200610123.0 393.468917
86249588775.0 85.014892
86635441239.0 97.35305299999999
86899335507.0 87.258194
86948149639.0 110.81286500000002
87248756484.0 173.625321
87325579655.0 298.12858199999994
87338629351.0 318.31829999999997
87365884117.0 76.041684
87475399550.0 126.51597899999999
87677702371.0 104.08295899999999
87706775973.0 58.095268
87770286624.0 207.27485099999998
88016665447.0 82.77159
88040882962.0 90.62314699999999
88069868697.0 69.311778
88218359806.0 193.81503899999998
88259618861.0 96.231402
88281847650.0 80.528288
88416561653.0 81.64993899999999
88612020619.0 237.559428
88629575205.0 230.829522
88634701150.0 176.990274
88642734272.0 109.691214
88864028585.0 113.05616699999999
88901633199.0 91.744798
89031164814.0 256.62749499999995
89355381770.0 243.16768299999998
89595106200.0 230.829522
89699767242.0 402.442125
89819908851.0 188.206784
89852674645.0 70.43342899999999
90040306490.0 157.922207
90236701504.0 82.77159
90596074895.0 181.476878
90885613347.0 73.798382
91000345588.0 418.14523899999995
91237061677.0 37.90555
91350610173.0 228.58622
91637088470.0 85.014892
91646258069.0 153.435603
91768732255.0 240.924381
91780479111.0 65.94682499999999
91905857993.0 126.51597899999999
92617763537.0 233.072824
92884308853.0 235.316126
93013813077.0 502.26906399999996
93024632644.0 71.55508
93084000539.0 64.825174
93115282936.0 280.18216599999994
93121738748.0 489.93090299999994
93243025080.0 430.48339999999996
93541739240.0 141.097442
93728028854.0 52.487013
93888664488.0 80.528288
93908248977.0 180.35522699999999
93920691793.0 43.513805
93933100373.0 22.202436
94741158675.0 373.27919899999995
94918047027.0 139.975791
95334630629.0 410.293682
95430453054.0 417.02358799999996
95586840428.0 64.825174
96371632883.0 49.12206
96549094603.0 227.464569
96585506056.0 224.099616
96693123003.0 123.151026
96982744984.0 255.505844
97000985008.0 209.518153
97762558268.0 68.19012699999999
97777158750.0 157.922207
98558829350.0 313.83169599999997
98654578779.0 104.08295899999999
98668672239.0 159.043858
99124899894.0 193.81503899999998
99609069948.0 120.907724
99843145475.0 174.746972
99852482581.0 189.32843499999998
100198408061.0 179.233576
100322930546.0 79.40663699999999
100352806884.0 63.703523
100444345453.0 436.09165499999995
100661456125.0 51.365362
100665708854.0 378.88745399999993
100863874614.0 108.56956299999999
100883701314.0 14.350878999999999
100934032549.0 237.559428
100958713400.0 108.56956299999999
101013418832.0 350.84617899999995
101062402680.0 188.206784
101144543538.0 253.26254199999997
101413391727.0 82.77159
101633273188.0 108.56956299999999
101748795775.0 85.014892
101862165360.0 82.77159
101890064823.0 93.9881
101907462946.0 72.67673099999999
102220762494.0 220.73466299999998
102284886555.0 108.56956299999999
102312384103.0 495.53915799999993
102884249358.0 95.10975099999999
102911493615.0 113.05616699999999
103020904306.0 81.64993899999999
103076424099.0 86.13654299999999
103102869978.0 155.67890500000001
103238267392.0 313.83169599999997
103256590366.0 142.21909300000002
103426298004.0 69.311778
103436720771.0 111.934516
103582660647.0 100.718006
103689840892.0 92.86644899999999
103736549119.0 124.27267700000002
103953324959.0 122.02937499999999
104155580769.0 249.897589
104239789734.0 142.21909300000002
104376176728.0 178.111925
104540014140.0 489.93090299999994
104676206451.0 69.311778
104790751653.0 221.856314
104830786841.0 143.340744
105183918799.0 299.250233
105376477221.0 277.93886399999997
105388361207.0 252.14089099999998
105595390951.0 194.93669
105698298658.0 102.961308
105941003068.0 48.000409
106434590707.0 151.19230100000001
106560801111.0 376.64415199999996
106764710040.0 193.81503899999998
107041689282.0 152.313952
107126706170.0 139.975791
107174035307.0 79.40663699999999
107263500605.0 88.37984499999999
107271517992.0 181.476878
107623275961.0 43.513805
107677143744.0 251.01924
107711189333.0 32.297295
107819382376.0 268.96565599999997
107866273280.0 233.072824
107897065187.0 345.23792399999996
107991381816.0 104.08295899999999
108009483061.0 90.62314699999999
108037270552.0 199.423294
108291157031.0 218.491361
108355259570.0 83.89324099999999
108524426684.0 102.961308
108612209318.0 351.96782999999994
108699922705.0 430.48339999999996
108941796440.0 198.30164299999998
109018359793.0 64.825174
109137323711.0 192.693388
109238055058.0 246.532636
109416124275.0 61.460221
109667492791.0 10.985926
109688128909.0 95.10975099999999
110149592562.0 220.73466299999998
110251602521.0 74.92003299999999
110398852357.0 193.81503899999998
110583355364.0 188.206784
110827609004.0 220.73466299999998
111154586250.0 68.19012699999999
111458499121.0 83.89324099999999
111524264092.0 217.36971
111702036042.0 220.73466299999998
111977903117.0 291.39867599999997
112188792473.0 82.77159
112194393167.0 73.798382
112241299639.0 40.148852
112272229271.0 136.610838
112390990641.0 73.798382
112928752122.0 81.64993899999999
113123317341.0 256.62749499999995
113123628358.0 51.365362
113402829287.0 163.530462
113854121403.0 340.75131999999996
113943273742.0 113.05616699999999
114012603388.0 154.557254
114038130916.0 79.40663699999999
114177859269.0 108.56956299999999
114279674590.0 312.710045
114709680785.0 31.175644
114835815549.0 77.16333499999999
114848504616.0 91.744798
115357895976.0 97.35305299999999
115417774696.0 118.664422
115578507512.0 156.800556
115771725333.0 220.73466299999998
116100210692.0 234.19447499999998
116233561809.0 227.464569
116394232319.0 178.111925
116412001834.0 52.487013
116636586257.0 147.827348
116698255795.0 67.068476
117210103823.0 104.08295899999999
117316645477.0 101.83965699999999
117783727963.0 52.487013
117795941488.0 181.476878
117828919252.0 284.66877
118080278560.0 117.54277099999999
118212940595.0 211.76145499999998
118266446542.0 231.951173
118462087510.0 36.783899
118620764412.0 174.746972
118700768869.0 345.23792399999996
118825754163.0 111.934516
118914357106.0 229.70787099999998
119056209896.0 31.175644
119457336103.0 45.757107
119475542946.0 88.37984499999999
119498049450.0 65.94682499999999
119596231042.0 99.59635499999999
119605104488.0 277.93886399999997
120261575246.0 131.002583
120388244718.0 21.080785
120439904516.0 226.342918
120589298598.0 132.124234
120597113130.0 410.293682
120861263938.0 556.108312
120994821159.0 219.613012
121233596125.0 230.829522
121307873316.0 110.81286500000002
121326648424.0 334.02141399999994
121411256852.0 189.32843499999998
121548321186.0 73.798382
121577094685.0 160.16550900000001
121655784090.0 74.92003299999999
121687646372.0 157.922207
121703040074.0 105.20461
121920562854.0 228.58622
122073575034.0 108.56956299999999
122119948681.0 102.961308
122406801389.0 82.77159
122581774900.0 113.05616699999999
122589758477.0 175.86862299999999
122647279055.0 70.43342899999999
122810247552.0 122.02937499999999
122827388576.0 12.107577
122970415940.0 85.014892
122987386916.0 172.50367
123086921907.0 264.47905199999997
123220451556.0 55.851966
123389888297.0 71.55508
123457163493.0 286.91207199999997
123480409129.0 100.718006
123568961937.0 69.311778
123795947526.0 109.691214
123886687378.0 199.423294
123991137372.0 274.57391099999995
124287743352.0 228.58622
124504987276.0 65.94682499999999
124729956131.0 235.316126
124909293863.0 7.620972999999999
124931695799.0 222.977965
125005533662.0 141.097442
125304999366.0 184.84183099999998
125418384286.0 191.571737
125422822315.0 170.260368
125537749985.0 45.757107
125864011679.0 230.829522
125926229162.0 402.442125
126225679125.0 242.046032
126519427001.0 119.78607300000002
126537795911.0 188.206784
126825472254.0 30.053993
126869146945.0 169.138717
127201198598.0 353.089481
127284393276.0 109.691214
127329355010.0 253.26254199999997
127346318949.0 135.489187
127510882157.0 301.49353499999995
127613985773.0 162.408811
127630801875.0 164.652113
127692378331.0 217.36971
127815008415.0 28.932342
128138865020.0 230.829522
128152550815.0 182.598529
128221961076.0 138.85414
128319423890.0 151.19230100000001
128338117330.0 49.12206
128582612672.0 155.67890500000001
128583157189.0 104.08295899999999
128667382475.0 33.418946
128748092267.0 246.532636
128974291329.0 100.718006
129137275108.0 139.975791
129162328239.0 73.798382
129408563879.0 165.773764
129519391934.0 82.77159
129532558878.0 59.216919
130132513247.0 300.37188399999997
130139117545.0 161.28716
130173524712.0 299.250233
130379143813.0 175.86862299999999
130633883581.0 81.64993899999999
130681528473.0 133.24588500000002
130692891438.0 217.36971
130892032897.0 42.392154
130975590648.0 65.94682499999999
131125316950.0 55.851966
131310121716.0 39.027201
131412611846.0 99.59635499999999
131510855779.0 107.447912
131567490921.0 74.92003299999999
131666657707.0 192.693388
131724945856.0 92.86644899999999
131953258687.0 111.934516
132138420375.0 102.961308
132191962725.0 230.829522
132264926678.0 273.45225999999997
132307385801.0 242.046032
132486089461.0 182.598529
132586118595.0 18.837483
132634533466.0 81.64993899999999
132701196894.0 105.20461
132761400472.0 354.21113199999996
132770753040.0 236.437777
132820609338.0 58.095268
132829605052.0 179.233576
132869556935.0 147.827348
133015434891.0 85.014892
133370055624.0 228.58622
133520942953.0 249.897589
133625862586.0 169.138717
133671647406.0 165.773764
133864131007.0 292.52032699999995
133877056984.0 80.528288
134451844147.0 320.561602
134666038673.0 131.002583
134768337967.0 295.88527999999997
135174094341.0 211.76145499999998
135217005881.0 237.559428
135420013865.0 200.544945
135475961577.0 117.54277099999999
135822313431.0 116.42112
135888095685.0 93.9881
135943574023.0 19.959134
136047389467.0 141.097442
136234716868.0 133.24588500000002
136261513358.0 76.041684
136268136455.0 251.01924
136389307184.0 81.64993899999999
136479418409.0 71.55508
136839829581.0 82.77159
137106976803.0 126.51597899999999
137149215803.0 178.111925
137498879116.0 137.73248900000002
138262488001.0 222.977965
138373180158.0 101.83965699999999
138423354347.0 367.67094399999996
138745853964.0 240.924381
138814385560.0 91.744798
138818723979.0 198.30164299999998
138933044019.0 152.313952
139104008584.0 68.19012699999999
139474884809.0 93.9881
139686321723.0 19.959134
140108630536.0 179.233576
140466461730.0 111.934516
140722035705.0 484.32264799999996
140736730845.0 226.342918
140996877565.0 114.177818
141344653882.0 268.96565599999997
141500298692.0 116.42112
141668964230.0 90.62314699999999
141910740170.0 110.81286500000002
142118663840.0 191.571737
142455067872.0 104.08295899999999
142496992266.0 219.613012
142510469861.0 58.095268
142563705639.0 85.014892
142796051484.0 191.571737
142802950452.0 182.598529
143349891616.0 153.435603
143635581015.0 33.418946
143961506825.0 178.111925
144150157505.0 64.825174
144162732199.0 605.460956
144340956296.0 466.37623199999996
144421974832.0 304.85848799999997
144619640463.0 221.856314
144651820179.0 307.10178999999994
144910325492.0 166.89541499999999
145047486340.0 82.77159
145081915995.0 233.072824
145113010225.0 183.72018
145250230177.0 217.36971
145374395204.0 222.977965
145607210953.0 62.581872
146031447260.0 59.216919
146164059237.0 79.40663699999999
146456221219.0 258.870797
146503989144.0 193.81503899999998
146620964986.0 74.92003299999999
146645042763.0 174.746972
146822449632.0 52.487013
146870484020.0 156.800556
146960084395.0 290.277025
147060894346.0 141.097442
147118653957.0 197.179992
147275121577.0 220.73466299999998
147388955669.0 83.89324099999999
147435391209.0 68.19012699999999
147440809365.0 35.662248
147603621590.0 37.90555
147612590165.0 172.50367
147805876859.0 234.19447499999998
147838591813.0 138.85414
147909617264.0 354.21113199999996
147956555239.0 211.76145499999998
148157495148.0 144.462395
148257806406.0 26.68904
148428017853.0 114.177818
148516085451.0 188.206784
148605479279.0 102.961308
148633280955.0 244.28933399999997
148684209483.0 193.81503899999998
148939946647.0 299.250233
149312691187.0 181.476878
149455723283.0 67.068476
149839141521.0 126.51597899999999
150179818447.0 294.763629
150193445840.0 135.489187
150422029866.0 227.464569
150530533776.0 123.151026
150553868990.0 222.977965
150684390690.0 175.86862299999999
150692119122.0 52.487013
150718883477.0 30.053993
150813169829.0 285.790421
150923237434.0 117.54277099999999
151212360698.0 100.718006
151390872128.0 170.260368
151844364415.0 210.639804
151967380365.0 252.14089099999998
152231419921.0 339.629669
152287671013.0 211.76145499999998
152355285902.0 179.233576
152411703484.0 214.004757
152418326689.0 123.151026
152447570500.0 227.464569
152457754310.0 53.608664
152473856224.0 72.67673099999999
152633836773.0 42.392154
152983063384.0 73.798382
153406116137.0 224.099616
153525198831.0 336.26471599999996
153701074424.0 109.691214
153887381634.0 137.73248900000002
154388844400.0 163.530462
154463926273.0 176.990274
154560566481.0 59.216919
154805559347.0 80.528288
155028417144.0 323.92655499999995
155100953944.0 225.22126699999998
155120996310.0 71.55508
155364242189.0 21.080785
155423069439.0 135.489187
155467791246.0 86.13654299999999
155558857580.0 291.39867599999997
155590110711.0 98.474704
155591920377.0 97.35305299999999
155710983559.0 227.464569
156249149274.0 289.15537399999994
157219940591.0 197.179992
157303171195.0 384.495709
157369683262.0 543.7701509999999
157445469564.0 169.138717
157553868485.0 62.581872
157569761837.0 321.683253
157590411116.0 81.64993899999999
157609330966.0 218.491361
157684398635.0 80.528288
157868046439.0 191.571737
157981505904.0 567.3248219999999
158716892737.0 65.94682499999999
158867205381.0 238.68107899999998
158875644284.0 176.990274
158902315277.0 88.37984499999999
159010892982.0 142.21909300000002
159196567750.0 148.948999
159219174576.0 107.447912
159566471631.0 331.77811199999996
159598229421.0 65.94682499999999
159610515706.0 152.313952
159783021704.0 80.528288
159790895323.0 162.408811
159925321648.0 233.072824
159927787562.0 126.51597899999999
160169640816.0 134.367536
160331036428.0 170.260368
160550793010.0 139.975791
160694323806.0 179.233576
160762140475.0 169.138717
161136615254.0 12.107577
161225156991.0 117.54277099999999
161625977342.0 214.004757
161850245052.0 165.773764
161921614162.0 80.528288
161969960227.0 135.489187
162022438585.0 71.55508
162074510037.0 221.856314
162088501037.0 113.05616699999999
162172633490.0 300.37188399999997
162315282843.0 106.32626099999999
162357772592.0 218.491361
162450060391.0 118.664422
162491698113.0 100.718006
162501545072.0 503.390715
162543887606.0 104.08295899999999
162703594664.0 229.70787099999998
162852960045.0 136.610838
162858593732.0 161.28716
162882283406.0 110.81286500000002
162927474544.0 21.080785
163019256250.0 86.13654299999999
163160043057.0 67.068476
163413464607.0 102.961308
163525857892.0 309.34509199999997
163751083424.0 117.54277099999999
163851894531.0 111.934516
163974159223.0 151.19230100000001
164088547754.0 411.415333
164395028612.0 -17.055349
164455798577.0 106.32626099999999
164460209014.0 362.062689
164943973279.0 150.07065
165203769930.0 28.932342
165277071028.0 199.423294
165307860689.0 157.922207
165595757915.0 52.487013
165742062692.0 175.86862299999999
165757566893.0 71.55508
165858623678.0 72.67673099999999
166157791184.0 54.730315
166178749976.0 218.491361
166215513097.0 231.951173
166375006610.0 488.80925199999996
166473746804.0 65.94682499999999
166590430036.0 228.58622
166706354795.0 386.73901099999995
166707474334.0 215.126408
166922323193.0 137.73248900000002
167045969398.0 87.258194
167113507374.0 90.62314699999999
167295818650.0 68.19012699999999
167407321333.0 145.584046
167463325717.0 77.16333499999999
168036429188.0 192.693388
168091231571.0 58.095268
168226107800.0 68.19012699999999
168311006992.0 196.058341
168647918157.0 254.384193
168698650798.0 97.35305299999999
168726116645.0 230.829522
169052576316.0 85.014892
169398440815.0 230.829522
169837457527.0 214.004757
169850121223.0 222.977965
169877776455.0 46.878758
170212556890.0 217.36971
170268974886.0 81.64993899999999
170305919028.0 211.76145499999998
170685945084.0 202.78824699999998
170821066932.0 136.610838
171084917611.0 221.856314
171126548484.0 547.135104
171469993220.0 95.10975099999999
171524878441.0 184.84183099999998
171564954152.0 119.78607300000002
171737495731.0 234.19447499999998
171897440124.0 115.29946900000002
171995033737.0 105.20461
172008219319.0 59.216919
172060631730.0 160.16550900000001
172097821604.0 77.16333499999999
172196686011.0 74.92003299999999
172319287242.0 160.16550900000001
172621847695.0 131.002583
172909646856.0 98.474704
173090989815.0 82.77159
173145136232.0 74.92003299999999
173332264478.0 119.78607300000002
173381318201.0 216.24805899999998
173496858709.0 166.89541499999999
173499875745.0 146.70569700000001
173532360812.0 116.42112
173623984766.0 73.798382
173871970335.0 220.73466299999998
173895498200.0 95.10975099999999
174077057730.0 229.70787099999998
174113674397.0 87.258194
174289410827.0 111.934516
174322077126.0 154.557254
174436919045.0 180.35522699999999
174669661161.0 199.423294
174670647812.0 320.561602
174700155666.0 220.73466299999998
174728498682.0 101.83965699999999
174733822934.0 100.718006
174889007027.0 56.973617
174912253912.0 150.07065
174936337778.0 51.365362
174964001374.0 134.367536
175112205552.0 138.85414
175149464036.0 522.4587819999999
175166838230.0 119.78607300000002
175257800943.0 161.28716
175278277904.0 249.897589
175554848498.0 166.89541499999999
175623601940.0 90.62314699999999
175996900564.0 86.13654299999999
176083884140.0 351.96782999999994
176331894020.0 113.05616699999999
176410387791.0 32.297295
176615147142.0 151.19230100000001
176630184989.0 151.19230100000001
176694662806.0 104.08295899999999
176814172725.0 65.94682499999999
177162186595.0 151.19230100000001
177267711802.0 107.447912
177362824601.0 92.86644899999999
177537942267.0 309.34509199999997
177633394544.0 107.447912
177739934853.0 144.462395
177783334485.0 316.07499799999994
177958138053.0 226.342918
178052748162.0 99.59635499999999
178433238321.0 304.85848799999997
178687055095.0 53.608664
178912502135.0 173.625321
178952853414.0 429.361749
178978587449.0 328.41315899999995
179125765582.0 227.464569
179196634646.0 366.549293
179205396918.0 178.111925
179661202164.0 279.06051499999995
179808456868.0 119.78607300000002
180038276581.0 181.476878
180041966515.0 33.418946
180062392506.0 88.37984499999999
180287974753.0 118.664422
180652612641.0 227.464569
180666467226.0 68.19012699999999
180913146777.0 242.046032
181050802286.0 69.311778
181216696290.0 166.89541499999999
181220363082.0 98.474704
181361658052.0 113.05616699999999
181428794160.0 171.38201899999999
181526179362.0 96.231402
181773607091.0 270.08730699999995
181960617006.0 498.90411099999994
181981568697.0 81.64993899999999
182051753497.0 468.61953399999993
182105595844.0 192.693388
182145785630.0 70.43342899999999
182386887285.0 231.951173
182431852698.0 74.92003299999999
182698799292.0 164.652113
182862209147.0 71.55508
182941638534.0 95.10975099999999
183127202410.0 69.311778
183218854953.0 98.474704
183450290592.0 114.177818
183829757548.0 337.38636699999995
184044974180.0 109.691214
184166763944.0 124.27267700000002
184262101087.0 67.068476
184500959372.0 82.77159
184527846035.0 90.62314699999999
184739809430.0 162.408811
185179757675.0 240.924381
185202789905.0 255.505844
185219035833.0 35.662248
185638230136.0 254.384193
186156853654.0 211.76145499999998
186262904738.0 259.99244799999997
186337357433.0 144.462395
186472049967.0 63.703523
186502574900.0 131.002583
186502615413.0 58.095268
186557411152.0 251.01924
186565164468.0 193.81503899999998
186708780024.0 185.963482
186818583445.0 143.340744
186834657075.0 87.258194
186866128023.0 65.94682499999999
187003353626.0 73.798382
187169586129.0 99.59635499999999
187276510388.0 74.92003299999999
187381957258.0 172.50367
187420601342.0 146.70569700000001
187612366958.0 143.340744
187888581563.0 202.78824699999998
188027337860.0 166.89541499999999
188113235907.0 70.43342899999999
188364137523.0 96.231402
188372860602.0 289.15537399999994
188379906522.0 123.151026
188548295824.0 230.829522
188743933911.0 225.22126699999998
188837623008.0 153.435603
188956789693.0 227.464569
188999912158.0 307.10178999999994
189176111674.0 179.233576
189510617695.0 72.67673099999999
189740485176.0 243.16768299999998
189769096651.0 50.243711
189898018342.0 81.64993899999999
190051807189.0 160.16550900000001
190261273765.0 234.19447499999998
190485534373.0 372.15754799999996
190533916918.0 93.9881
190562195735.0 111.934516
190565549092.0 456.281373
190796416872.0 90.62314699999999
190812954797.0 247.65428699999998
190973517863.0 4.2560199999999995
190993405009.0 183.72018
191209540797.0 44.635456
191231051964.0 216.24805899999998
191244925566.0 97.35305299999999
191334710687.0 191.571737
191477544917.0 104.08295899999999
191592857566.0 83.89324099999999
191878414398.0 258.870797
192369746053.0 187.085133
192741768215.0 108.56956299999999
192897098969.0 150.07065
192946799608.0 115.29946900000002
192951981380.0 172.50367
193023779560.0 152.313952
193181137832.0 109.691214
193248757412.0 135.489187
193267915189.0 23.324087
193538480669.0 32.297295
193564336133.0 190.450086
193581837288.0 319.43995099999995
193927972297.0 429.361749
194138270131.0 240.924381
194290629025.0 253.26254199999997
194454019045.0 36.783899
194679086750.0 312.710045
194843189480.0 170.260368
194886457921.0 68.19012699999999
195054374359.0 83.89324099999999
195083324853.0 236.437777
195140765089.0 185.963482
195428154008.0 128.75928100000002
195548538655.0 35.662248
195704521641.0 31.175644
195863456929.0 175.86862299999999
195997998198.0 77.16333499999999
196245382934.0 541.526849
196246833888.0 127.63763
196511783447.0 79.40663699999999
196563811587.0 141.097442
196588004857.0 188.206784
196784123774.0 21.080785
197004039819.0 35.662248
197239062806.0 134.367536
197387515788.0 113.05616699999999
197393028250.0 378.88745399999993
197425360875.0 131.002583
197837065769.0 172.50367
197839398843.0 286.91207199999997
198049610919.0 219.613012
198137435903.0 74.92003299999999
198216924221.0 185.963482
198247389388.0 73.798382
198318731366.0 52.487013
198391695716.0 61.460221
198602228195.0 173.625321
198927555660.0 192.693388
199061308045.0 129.880932
199190332670.0 25.567389
199257930112.0 251.01924
199545093347.0 115.29946900000002
199850748171.0 184.84183099999998
199885898720.0 180.35522699999999
200126429163.0 291.39867599999997
200197181675.0 65.94682499999999
200240273262.0 161.28716
200297152341.0 85.014892
200348267281.0 95.10975099999999
200569160582.0 200.544945
200701257343.0 122.02937499999999
200940491411.0 157.922207
201026344294.0 227.464569
201088449201.0 77.16333499999999
201129213020.0 267.844005
201430569600.0 185.963482
201878882333.0 95.10975099999999
202076637846.0 59.216919
202102598193.0 210.639804
202316688816.0 98.474704
202472905885.0 511.24227199999996
202813515084.0 55.851966
202931119040.0 335.143065
203043377016.0 53.608664
203097628019.0 275.695562
204334039032.0 106.32626099999999
204494227177.0 197.179992
204506266367.0 86.13654299999999
204534325252.0 328.41315899999995
204718955845.0 169.138717
204725275483.0 202.78824699999998
204842270479.0 174.746972
204892893187.0 69.311778
204895689330.0 89.501496
204962371490.0 126.51597899999999
205222275736.0 574.054728
205319912797.0 155.67890500000001
205453556651.0 110.81286500000002
205553052717.0 251.01924
205888639005.0 268.96565599999997
206048941486.0 109.691214
206055839002.0 100.718006
206101138157.0 107.447912
206332968184.0 212.883106
206772242799.0 150.07065
206943641161.0 317.196649
207032769131.0 40.148852
207051584845.0 248.77593800000002
207090075595.0 267.844005
207111125221.0 89.501496
207196825517.0 58.095268
207399198818.0 174.746972
207399779147.0 63.703523
207463122636.0 403.56377599999996
207504284019.0 128.75928100000002
207550717923.0 308.223441
207578359976.0 87.258194
208094884031.0 128.75928100000002
208150553487.0 67.068476
208227472677.0 185.963482
208264325705.0 237.559428
208370135615.0 70.43342899999999
208488986603.0 227.464569
208534098847.0 69.311778
208711109531.0 219.613012
209244252405.0 215.126408
209342153477.0 139.975791
209914277297.0 500.025762
210030606926.0 137.73248900000002
210051444432.0 77.16333499999999
210057574443.0 304.85848799999997
210258690541.0 271.20895799999994
210464087747.0 318.31829999999997
210545852526.0 235.316126
210721282608.0 180.35522699999999
210832957613.0 153.435603
210884759325.0 60.33857
210947004785.0 122.02937499999999
210988044457.0 281.303817
211046026694.0 98.474704
211084893610.0 208.396502
211223695057.0 234.19447499999998
211307723394.0 236.437777
211313688672.0 254.384193
211391931323.0 283.54711899999995
211737600657.0 226.342918
211747662393.0 126.51597899999999
211790154105.0 97.35305299999999
211965545742.0 111.934516
212257724254.0 193.81503899999998
212386726457.0 107.447912
212463983711.0 116.42112
212883728640.0 208.396502
213146499121.0 299.250233
213429587092.0 174.746972
213510448581.0 68.19012699999999
213665262047.0 139.975791
213693459260.0 220.73466299999998
213781187088.0 215.126408
213795707279.0 172.50367
213808912170.0 71.55508
214645243547.0 79.40663699999999
214758321588.0 168.017066
214856183766.0 128.75928100000002
214996541876.0 238.68107899999998
215090797614.0 163.530462
215106546371.0 291.39867599999997
215107842256.0 133.24588500000002
215299190265.0 65.94682499999999
215470831616.0 99.59635499999999
215643417849.0 234.19447499999998
215778495828.0 375.522501
215976800517.0 99.59635499999999
216379131141.0 171.38201899999999
216494328149.0 81.64993899999999
216775028885.0 65.94682499999999
216850234943.0 106.32626099999999
217055825068.0 91.744798
217149857903.0 128.75928100000002
217156330232.0 326.169857
217256923356.0 99.59635499999999
217323113690.0 163.530462
217340517365.0 207.27485099999998
217612126327.0 334.02141399999994
217762906176.0 147.827348
217768090800.0 479.83604399999996
218108266897.0 110.81286500000002
218308260517.0 172.50367
218465994661.0 125.394328
218561179836.0 169.138717
218788589602.0 163.530462
218932130459.0 50.243711
218942286116.0 76.041684
218958355390.0 217.36971
219084965055.0 16.594181
219161679662.0 151.19230100000001
219578673785.0 245.410985
219820943147.0 107.447912
219996571989.0 56.973617
220072364067.0 221.856314
220114975550.0 116.42112
220179924573.0 115.29946900000002
220205144438.0 155.67890500000001
220728833403.0 236.437777
220993016146.0 236.437777
221049861409.0 60.33857
221242982653.0 484.32264799999996
221479588070.0 85.014892
221485150795.0 161.28716
222020350074.0 139.975791
222143241032.0 231.951173
222172454543.0 488.80925199999996
222498271827.0 60.33857
223128630715.0 71.55508
223568179776.0 71.55508
223571373399.0 159.043858
223791521688.0 211.76145499999998
223826277913.0 107.447912
224035099494.0 318.31829999999997
224128110432.0 239.80273000000003
224143385268.0 135.489187
224248475108.0 79.40663699999999
224310679560.0 224.099616
224441983841.0 206.1532
224589995065.0 174.746972
224706715671.0 200.544945
225004577757.0 99.59635499999999
225143918396.0 492.174205
225145823300.0 110.81286500000002
225327599053.0 107.447912
225421823171.0 142.21909300000002
226014602811.0 237.559428
226023820768.0 311.588394
226092070952.0 172.50367
226441249560.0 147.827348
226481576747.0 188.206784
227010737528.0 415.901937
227055028424.0 215.126408
227198969509.0 102.961308
227322570169.0 77.16333499999999
227429350384.0 56.973617
227490378396.0 368.79259499999995
227497435696.0 77.16333499999999
227567996035.0 247.65428699999998
227695747475.0 197.179992
227760792800.0 28.932342
228035202522.0 133.24588500000002
228039948456.0 202.78824699999998
228052773415.0 459.64632599999993
228424819650.0 74.92003299999999
228512899278.0 226.342918
228542694639.0 242.046032
229581642016.0 321.683253
229690581947.0 111.934516
229755838031.0 279.06051499999995
229904720947.0 230.829522
229958342433.0 120.907724
229965607677.0 293.641978
230732024453.0 162.408811
231153020774.0 173.625321
231359994168.0 110.81286500000002
231404004751.0 37.90555
231512125692.0 106.32626099999999
231524358386.0 126.51597899999999
231560295930.0 72.67673099999999
231586942267.0 376.64415199999996
231610408039.0 67.068476
231613160989.0 247.65428699999998
231630710086.0 181.476878
231917765442.0 139.975791
231992649030.0 110.81286500000002
232100981825.0 182.598529
232343651392.0 83.89324099999999
232756364514.0 106.32626099999999
232833432168.0 65.94682499999999
232870972793.0 187.085133
232873573987.0 294.763629
233248749816.0 69.311778
233369839010.0 46.878758
233436664176.0 86.13654299999999
233436833271.0 137.73248900000002
233449457503.0 341.87297099999995
233697826475.0 191.571737
234029485129.0 131.002583
234096258508.0 199.423294
234183342849.0 72.67673099999999
234321859450.0 86.13654299999999
234324391229.0 109.691214
234502993564.0 146.70569700000001
234511115551.0 261.11409899999995
234698343260.0 105.20461
234843776197.0 312.710045
235380941714.0 79.40663699999999
235432606852.0 79.40663699999999
235556928906.0 73.798382
235875631332.0 207.27485099999998
235940877195.0 136.610838
236169720092.0 132.124234
236369398959.0 151.19230100000001
236579073314.0 136.610838
236682726328.0 85.014892
236699041478.0 476.47109099999994
236707275911.0 307.10178999999994
236819652805.0 262.23574999999994
236924394737.0 31.175644
236975053790.0 127.63763
237033241516.0 272.330609
237206135833.0 60.33857
237402507051.0 203.909898
237899141365.0 108.56956299999999
238408297460.0 168.017066
238559598774.0 137.73248900000002
238584094013.0 116.42112
238677427003.0 427.11844699999995
238717227417.0 85.014892
238877727785.0 206.1532
238944277962.0 123.151026
238998804056.0 174.746972
239195508351.0 216.24805899999998
239235334196.0 135.489187
239441319161.0 89.501496
239557686729.0 80.528288
239566337356.0 123.151026
239606716306.0 180.35522699999999
239610700145.0 63.703523
239893808882.0 76.041684
239920943525.0 86.13654299999999
240268699994.0 92.86644899999999
240290377108.0 547.135104
240580968859.0 129.880932
241027428213.0 231.951173
241176918533.0 166.89541499999999
241230580878.0 325.04820599999994
241253089853.0 168.017066
241277176263.0 141.097442
241348825422.0 36.783899
241537270519.0 63.703523
241587641800.0 245.410985
241877808193.0 302.615186
241950159366.0 181.476878
242141665906.0 70.43342899999999
242172551586.0 67.068476
242604498023.0 216.24805899999998
242644137419.0 73.798382
243001154913.0 80.528288
243252484931.0 85.014892
243290808243.0 265.60070299999995
243437356164.0 105.20461
243492835794.0 133.24588500000002
243495483224.0 230.829522
243602696181.0 219.613012
243748151886.0 184.84183099999998
243918046326.0 67.068476
244102818629.0 120.907724
244192737718.0 199.423294
244226387704.0 525.8237349999999
244366720898.0 116.42112
244434128811.0 162.408811
244536043812.0 61.460221
244648647990.0 307.10178999999994
244712055993.0 39.027201
244743424972.0 261.11409899999995
244780469703.0 154.557254
245126089361.0 93.9881
245390059025.0 169.138717
245509256721.0 117.54277099999999
245599859892.0 92.86644899999999
245638820896.0 182.598529
245692813926.0 86.13654299999999
245889962988.0 252.14089099999998
245965889595.0 60.33857
246020245912.0 166.89541499999999
246025990841.0 152.313952
246116926669.0 185.963482
246154252209.0 220.73466299999998
246343322568.0 52.487013
246353086560.0 131.002583
246514860821.0 113.05616699999999
246638208115.0 92.86644899999999
246669560560.0 86.13654299999999
246725194621.0 252.14089099999998
246855681913.0 88.37984499999999
246880408048.0 152.313952
246909071873.0 430.48339999999996
246950992204.0 55.851966
247103274178.0 125.394328
247134986325.0 175.86862299999999
247887970547.0 62.581872
247913745519.0 105.20461
248099812655.0 319.43995099999995
248225754882.0 88.37984499999999
248257984727.0 272.330609
248267545217.0 238.68107899999998
248288581412.0 206.1532
248380286616.0 23.324087
248480753275.0 449.55146699999995
248572440100.0 396.83386999999993
248842035021.0 60.33857
248889660686.0 101.83965699999999
248936917785.0 82.77159
249043055782.0 122.02937499999999
249137111832.0 235.316126
249458580891.0 492.174205
249493802228.0 125.394328
250583896739.0 93.9881
250609417681.0 137.73248900000002
250651209930.0 252.14089099999998
250843803676.0 406.928729
251354254553.0 82.77159
251544333899.0 73.798382
251576176363.0 90.62314699999999
251734700160.0 65.94682499999999
251904084057.0 163.530462
251951464399.0 72.67673099999999
252005259350.0 243.16768299999998
252419557695.0 95.10975099999999
252822700523.0 273.45225999999997
253015905249.0 137.73248900000002
253252166875.0 114.177818
253623859884.0 25.567389
253645409353.0 91.744798
254288213360.0 118.664422
254398059457.0 65.94682499999999
254724981723.0 267.844005
254993927991.0 281.303817
255026323917.0 259.99244799999997
255041829326.0 161.28716
255303685771.0 244.28933399999997
255322853018.0 157.922207
255607841130.0 19.959134
255624821841.0 58.095268
255708866603.0 233.072824
255730605887.0 180.35522699999999
255865016169.0 235.316126
255955903156.0 71.55508
256054433595.0 101.83965699999999
256178044672.0 68.19012699999999
256247117811.0 208.396502
256877849990.0 202.78824699999998
257281267687.0 175.86862299999999
257313218017.0 106.32626099999999
257380537991.0 220.73466299999998
257382855994.0 234.19447499999998
257528049589.0 98.474704
257622479949.0 67.068476
257967804518.0 279.06051499999995
257981401855.0 42.392154
257995157676.0 137.73248900000002
258045886728.0 124.27267700000002
258376661524.0 181.476878
258515565706.0 202.78824699999998
258660611409.0 28.932342
258914091634.0 266.722354
259091922546.0 65.94682499999999
259212774131.0 104.08295899999999
259243437518.0 216.24805899999998
259499351852.0 93.9881
259547669356.0 124.27267700000002
259641729470.0 88.37984499999999
259740495229.0 54.730315
259904824673.0 110.81286500000002
260012021041.0 153.435603
260132333485.0 362.062689
260170895609.0 421.51019199999996
260273886793.0 109.691214
260407229800.0 70.43342899999999
260507923918.0 212.883106
260617332392.0 263.357401
261035136182.0 203.909898
261041679492.0 272.330609
261208820143.0 110.81286500000002
262019339396.0 243.16768299999998
262099529649.0 357.576085
262287421643.0 82.77159
262835279071.0 253.26254199999997
263241453536.0 93.9881
263303707038.0 362.062689
263396664879.0 283.54711899999995
263419012594.0 81.64993899999999
263766318696.0 178.111925
263787806875.0 85.014892
263854377355.0 65.94682499999999
263907005669.0 159.043858
264258922591.0 304.85848799999997
264356373204.0 132.124234
264843587140.0 143.340744
264872104483.0 110.81286500000002
265041064112.0 137.73248900000002
265214945357.0 220.73466299999998
265254556717.0 58.095268
265374363540.0 181.476878
265624084550.0 152.313952
265704434163.0 376.64415199999996
265819999577.0 73.798382
265890479697.0 97.35305299999999
265892603219.0 33.418946
265958443455.0 115.29946900000002
266278056979.0 199.423294
266315747370.0 178.111925
266491868679.0 166.89541499999999
266571093965.0 181.476878
266584660720.0 80.528288
266902411748.0 59.216919
266948999209.0 36.783899
267082841889.0 53.608664
267347199754.0 123.151026
267561507975.0 337.38636699999995
267588151865.0 86.13654299999999
267618109644.0 178.111925
267673299744.0 118.664422
268422692535.0 155.67890500000001
268436353096.0 117.54277099999999
268647942751.0 98.474704
268848134624.0 247.65428699999998
268982503471.0 190.450086
269206610843.0 145.584046
269316508978.0 219.613012
269633088244.0 512.363923
269760667542.0 162.408811
269831664593.0 180.35522699999999
269960953978.0 67.068476
270021925366.0 235.316126
270137178312.0 128.75928100000002
270211200536.0 169.138717
270268380235.0 143.340744
270365826216.0 256.62749499999995
270741366176.0 132.124234
271187721269.0 180.35522699999999
271247014703.0 74.92003299999999
271301834704.0 198.30164299999998
271414378728.0 270.08730699999995
271540454103.0 50.243711
271690820661.0 109.691214
272114999370.0 86.13654299999999
272348281731.0 69.311778
272590758856.0 434.97000399999996
272650493785.0 207.27485099999998
272884724281.0 17.715832
272978930946.0 171.38201899999999
272998629011.0 189.32843499999998
273201321464.0 123.151026
273241546145.0 185.963482
273309826360.0 78.284986
273465156068.0 230.829522
273767150741.0 348.602877
273767324429.0 72.67673099999999
273872836705.0 188.206784
274050765428.0 108.56956299999999
274301829804.0 67.068476
274596570985.0 96.231402
274681119605.0 116.42112
274725936358.0 176.990274
274766271208.0 90.62314699999999
274794962861.0 78.284986
274822918425.0 143.340744
274927166481.0 231.951173
275146257602.0 46.878758
275164808857.0 313.83169599999997
275252531207.0 120.907724
275420077280.0 191.571737
275547446919.0 183.72018
275718182232.0 356.454434
275833501356.0 180.35522699999999
275884378596.0 156.800556
275888368136.0 146.70569700000001
275890140753.0 400.19882299999995
276148447872.0 26.68904
276196530273.0 65.94682499999999
276369291880.0 588.6361909999999
276401194908.0 152.313952
276408616424.0 206.1532
276583145018.0 164.652113
276731841759.0 96.231402
276880118849.0 37.90555
276988132204.0 91.744798
277116471972.0 214.004757
277174051343.0 399.07717199999996
277176629804.0 382.25240699999995
277180739387.0 22.202436
277419139717.0 275.695562
277456556103.0 62.581872
277608817137.0 98.474704
277679482317.0 384.495709
277698661719.0 105.20461
277811610219.0 205.031549
277824320533.0 90.62314699999999
278109467951.0 218.491361
278372095164.0 322.80490399999996
278574817330.0 247.65428699999998
278686810940.0 209.518153
279193675278.0 354.21113199999996
279494963356.0 159.043858
279533613489.0 69.311778
279661327682.0 87.258194
279974816373.0 44.635456
280163884170.0 533.675292
280442388837.0 74.92003299999999
280536529960.0 79.40663699999999
280987590584.0 371.035897
281039177722.0 117.54277099999999
281101512680.0 120.907724
281204649697.0 114.177818
281209762983.0 68.19012699999999
281863490134.0 505.634017
282000872870.0 212.883106
282336456051.0 166.89541499999999
282456031485.0 81.64993899999999
282534285996.0 22.202436
282573983073.0 240.924381
282588349064.0 71.55508
283179377283.0 252.14089099999998
283272345963.0 25.567389
283313552320.0 141.097442
284061448347.0 51.365362
284266845171.0 420.388541
284358757193.0 242.046032
284626705263.0 67.068476
284649689466.0 259.99244799999997
284760297490.0 188.206784
284795908991.0 329.53481
285007364400.0 168.017066
285009966882.0 135.489187
285050746141.0 72.67673099999999
285369176719.0 205.031549
285576970553.0 143.340744
285638514020.0 226.342918
286028943195.0 123.151026
286744940734.0 52.487013
286863541942.0 170.260368
287073380284.0 127.63763
287162682286.0 219.613012
288023035837.0 246.532636
288104774534.0 135.489187
288499431308.0 362.062689
289735213629.0 138.85414
289852623933.0 157.922207
290196728616.0 109.691214
290237777824.0 327.29150799999996
290244973166.0 129.880932
290327358439.0 229.70787099999998
290352991549.0 87.258194
290400534803.0 452.91641999999996
290621879367.0 399.07717199999996
290677070536.0 69.311778
290713684509.0 85.014892
291084258761.0 96.231402
291365792815.0 159.043858
291429890578.0 79.40663699999999
291528030733.0 349.72452799999996
291650693448.0 176.990274
291668248392.0 100.718006
291806503316.0 97.35305299999999
292178847293.0 162.408811
292205236740.0 86.13654299999999
292210446105.0 82.77159
293255315134.0 93.9881
293482534681.0 96.231402
293516342700.0 207.27485099999998
293807715037.0 228.58622
293902184413.0 309.34509199999997
293947464678.0 65.94682499999999
294107552344.0 131.002583
294176675038.0 304.85848799999997
294625780041.0 56.973617
294784803132.0 172.50367
295027681267.0 387.86066199999993
295188917584.0 217.36971
