16116910.0 437.213306
48336022.0 382.25240699999995
141815907.0 40.148852
256921894.0 134.367536
484916759.0 362.062689
493772763.0 409.17203099999995
686800567.0 176.990274
729065724.0 118.664422
791771027.0 174.746972
795047524.0 129.880932
1282782782.0 159.043858
1289792275.0 412.53698399999996
1378480192.0 346.35957499999995
1397501672.0 427.11844699999995
1433355641.0 6.499321999999999
1801348961.0 446.186514
1957087556.0 147.827348
2054956249.0 519.0938289999999
2102055575.0 116.42112
2182245761.0 110.81286500000002
2283631013.0 104.08295899999999
2399724205.0 563.9598689999999
2611731485.0 442.821561
2635613839.0 135.489187
2929370884.0 111.934516
3153449427.0 266.722354
3226883676.0 74.92003299999999
3385694258.0 137.73248900000002
3413128602.0 83.89324099999999
3523481540.0 30.053993
3547643165.0 440.57825899999995
3624885828.0 432.72670199999993
3748137488.0 455.159722
3940420586.0 372.15754799999996
3947707307.0 163.530462
4032882929.0 376.64415199999996
4175640147.0 229.70787099999998
4280819603.0 197.179992
4288680851.0 320.561602
4367816185.0 209.518153
4743781578.0 458.52467499999995
4751312776.0 191.571737
4945836619.0 494.417507
5017420684.0 235.316126
5185369781.0 184.84183099999998
5262689237.0 70.43342899999999
5341931889.0 423.75349399999993
5375939014.0 190.450086
5456611986.0 440.57825899999995
5571933932.0 406.928729
5643882910.0 132.124234
5761734196.0 179.233576
5823176519.0 402.442125
5840530502.0 176.990274
5886784430.0 425.99679599999996
5901918322.0 230.829522
5936743116.0 100.718006
6379128049.0 429.361749
6449958746.0 424.875145
6581230579.0 411.415333
6600132675.0 526.945386
6621873384.0 95.10975099999999
6645404484.0 437.213306
6670408030.0 129.880932
6685882300.0 366.549293
6921615272.0 144.462395
7095740845.0 182.598529
7107452182.0 417.02358799999996
7302626514.0 347.481226
7464153030.0 24.445738
7464512114.0 202.78824699999998
7499158081.0 377.76580299999995
7581037311.0 151.19230100000001
8000988067.0 133.24588500000002
8045430420.0 107.447912
8084223173.0 394.59056799999996
8163798298.0 394.59056799999996
8359136705.0 239.80273000000003
8386870326.0 181.476878
8445393187.0 403.56377599999996
8538446229.0 377.76580299999995
8540250427.0 393.468917
8854096873.0 384.495709
8891291555.0 351.96782999999994
9101330167.0 358.69773599999996
9138132973.0 131.002583
9374657297.0 210.639804
9569605858.0 629.015627
9606414112.0 247.65428699999998
9645004932.0 165.773764
9782165485.0 434.97000399999996
10366361743.0 410.293682
10580851981.0 91.744798
10586538470.0 413.65863499999995
10650019391.0 53.608664
10662557964.0 340.75131999999996
10742171465.0 243.16768299999998
10848082264.0 44.635456
10959525129.0 196.058341
11024150195.0 309.34509199999997
11068641359.0 163.530462
11075753473.0 227.464569
11166472260.0 135.489187
11326817192.0 95.10975099999999
11412100972.0 178.111925
11476109375.0 134.367536
11684273824.0 406.928729
11703157852.0 517.972178
11771931149.0 371.035897
11830432745.0 106.32626099999999
12016248079.0 104.08295899999999
12171127407.0 467.49788299999994
12292022958.0 415.901937
12301224312.0 60.33857
12303758616.0 384.495709
12355670078.0 436.09165499999995
12508097865.0 74.92003299999999
12599129353.0 90.62314699999999
12621688728.0 311.588394
12710731023.0 401.320474
12844780805.0 224.099616
12880863360.0 401.320474
12884090556.0 430.48339999999996
13207620222.0 211.76145499999998
13315620391.0 440.57825899999995
13324136785.0 471.98448699999994
13435723062.0 274.57391099999995
13437874017.0 60.33857
13463195290.0 252.14089099999998
13539076594.0 122.02937499999999
13566438605.0 337.38636699999995
13700208053.0 65.94682499999999
13707418026.0 331.77811199999996
13775702294.0 282.42546799999997
13780452911.0 145.584046
13934041253.0 510.1206209999999
13988913829.0 362.062689
14276207479.0 172.50367
14377551095.0 148.948999
14393798255.0 171.38201899999999
14402797813.0 251.01924
14417403624.0 401.320474
14433536041.0 316.07499799999994
14537236417.0 181.476878
14743429047.0 367.67094399999996
14816561895.0 105.20461
14918364954.0 178.111925
14968248051.0 410.293682
14972812114.0 388.982313
14997902858.0 367.67094399999996
15360406051.0 148.948999
15392518832.0 473.106138
15430011463.0 17.715832
15623593090.0 69.311778
15657088746.0 473.106138
15681414919.0 357.576085
15729221287.0 386.73901099999995
15729365825.0 437.213306
15854384313.0 131.002583
15926966282.0 393.468917
15960505346.0 431.60505099999995
15995512482.0 93.9881
16086683513.0 184.84183099999998
16328343516.0 138.85414
16328911929.0 129.880932
16359353666.0 404.68542699999995
16654380472.0 108.56956299999999
16676888209.0 479.83604399999996
16767084775.0 245.410985
16939328177.0 27.810691
17251321397.0 146.70569700000001
17317224365.0 51.365362
17366203097.0 128.75928100000002
17502890286.0 185.963482
17507581184.0 160.16550900000001
17687219348.0 154.557254
17714168684.0 428.240098
17878171217.0 544.891802
18023912581.0 78.284986
18099073235.0 410.293682
18339436609.0 12.107577
18370624080.0 72.67673099999999
18410352816.0 18.837483
18687218077.0 384.495709
18788681070.0 206.1532
19010034701.0 161.28716
19201179253.0 48.000409
19358022393.0 152.313952
19394287750.0 180.35522699999999
19417830181.0 257.749146
19537841462.0 253.26254199999997
19620080438.0 169.138717
19917289748.0 135.489187
19932498207.0 327.29150799999996
20270460703.0 356.454434
20310290537.0 124.27267700000002
20322040211.0 254.384193
20324078090.0 199.423294
20357934534.0 566.203171
20499901312.0 61.460221
20601341186.0 145.584046
20615515820.0 276.817213
20719260466.0 63.703523
20849606274.0 67.068476
20872241430.0 277.93886399999997
20910265360.0 264.47905199999997
21055952468.0 151.19230100000001
21333191824.0 310.46674299999995
21394164544.0 367.67094399999996
21576178358.0 424.875145
21583570355.0 386.73901099999995
21609090344.0 131.002583
21643258180.0 203.909898
21778568540.0 240.924381
22002611183.0 295.88527999999997
22055350107.0 363.18433999999996
22157836528.0 198.30164299999998
22213880752.0 310.46674299999995
22315859424.0 135.489187
22336868210.0 229.70787099999998
22338993055.0 6.499321999999999
22436577573.0 159.043858
22616167972.0 387.86066199999993
22681931657.0 174.746972
22685937101.0 135.489187
22791789275.0 69.311778
22948336753.0 409.17203099999995
22991308679.0 351.96782999999994
22991696371.0 253.26254199999997
23024958755.0 135.489187
23194811724.0 144.462395
23248342582.0 37.90555
23268178667.0 127.63763
23407561313.0 136.610838
23436764476.0 445.06486299999995
23617561229.0 198.30164299999998
23652342234.0 423.75349399999993
23728532342.0 393.468917
23740940384.0 136.610838
23848835606.0 175.86862299999999
23926185437.0 146.70569700000001
23933847052.0 139.975791
24086918213.0 423.75349399999993
24256100570.0 415.901937
24389863319.0 164.652113
24465774998.0 214.004757
24529399689.0 82.77159
24535896049.0 144.462395
24582973054.0 237.559428
24585155960.0 76.041684
24767384033.0 88.37984499999999
24800085093.0 302.615186
24885788693.0 319.43995099999995
25153923696.0 82.77159
25175202059.0 328.41315899999995
25303617187.0 360.94103799999993
25409338671.0 438.334957
25433864522.0 161.28716
25474086931.0 104.08295899999999
25493487139.0 151.19230100000001
25645438340.0 394.59056799999996
25813762972.0 368.79259499999995
25863184489.0 386.73901099999995
25876306114.0 337.38636699999995
25937130150.0 210.639804
26161163337.0 180.35522699999999
26161747119.0 176.990274
26286061163.0 418.14523899999995
26606112277.0 175.86862299999999
26748878157.0 229.70787099999998
27093728692.0 289.15537399999994
27251970314.0 142.21909300000002
27382689559.0 500.025762
27468599727.0 146.70569700000001
27470153420.0 76.041684
27626541139.0 131.002583
27655121129.0 137.73248900000002
27801754738.0 285.790421
27864409144.0 400.19882299999995
27899454769.0 390.10396399999996
27938410456.0 451.794769
28038909331.0 216.24805899999998
28052011128.0 170.260368
28054782869.0 150.07065
28096435248.0 503.390715
28218861431.0 440.57825899999995
28286809108.0 457.40302399999996
28337460518.0 120.907724
28415156471.0 33.418946
28463267017.0 192.693388
28999097188.0 154.557254
29026070362.0 347.481226
29421033493.0 81.64993899999999
29623800082.0 48.000409
29662188346.0 418.14523899999995
29758318200.0 256.62749499999995
30149247615.0 381.13075599999996
30258332611.0 171.38201899999999
30301038388.0 76.041684
30338134125.0 402.442125
30349352999.0 500.025762
30480989138.0 276.817213
30506874011.0 182.598529
30510727520.0 457.40302399999996
30563272255.0 351.96782999999994
30698278179.0 292.52032699999995
30896140580.0 45.757107
30941651816.0 63.703523
31132335454.0 104.08295899999999
31154480246.0 387.86066199999993
31189691245.0 401.320474
31284774304.0 293.641978
31553369976.0 106.32626099999999
31560734799.0 238.68107899999998
31627562077.0 385.61735999999996
31795674405.0 458.52467499999995
31950345773.0 403.56377599999996
32208934753.0 76.041684
32226461409.0 430.48339999999996
32352540471.0 69.311778
32387990974.0 243.16768299999998
32485289172.0 248.77593800000002
32505389596.0 377.76580299999995
32544873315.0 431.60505099999995
32665837978.0 230.829522
32863104302.0 282.42546799999997
32946670945.0 254.384193
33041336913.0 155.67890500000001
33051502928.0 194.93669
33121947001.0 248.77593800000002
33317499232.0 238.68107899999998
33322580272.0 138.85414
33353067442.0 185.963482
33654638615.0 68.19012699999999
34027038214.0 285.790421
34040805914.0 419.26689
34057265051.0 414.78028599999993
34312285508.0 417.02358799999996
34313877270.0 285.790421
34398253446.0 341.87297099999995
34440489744.0 172.50367
34471646219.0 326.169857
34492782935.0 396.83386999999993
34570517113.0 568.446473
34632008143.0 163.530462
34670884043.0 181.476878
34700003230.0 473.106138
34805546224.0 2.0127179999999996
34833689942.0 78.284986
34929810562.0 162.408811
35025137500.0 105.20461
35026805732.0 249.897589
35071806680.0 161.28716
35180305512.0 125.394328
35357483798.0 135.489187
35357666746.0 193.81503899999998
35497422334.0 521.337131
35901790189.0 180.35522699999999
35981361270.0 431.60505099999995
36005368013.0 207.27485099999998
36117129540.0 528.0670369999999
36152096453.0 144.462395
36213549861.0 556.108312
36246691102.0 111.934516
36417202933.0 224.099616
36521428735.0 193.81503899999998
36680941397.0 180.35522699999999
36984168394.0 80.528288
37031114501.0 342.99462199999994
37058787716.0 125.394328
37240885190.0 274.57391099999995
37253364431.0 139.975791
37418646718.0 332.89976299999995
37421331502.0 253.26254199999997
37535713364.0 178.111925
37603918229.0 69.311778
37643979042.0 424.875145
37857702582.0 473.106138
38051030226.0 93.9881
38115319682.0 238.68107899999998
38315278168.0 211.76145499999998
38318069299.0 191.571737
38327616811.0 334.02141399999994
38530518024.0 395.71221899999995
38575311334.0 374.40085
38584418529.0 229.70787099999998
38731431590.0 128.75928100000002
38829598964.0 176.990274
38943176024.0 83.89324099999999
38977915477.0 391.22561499999995
39101157165.0 146.70569700000001
39140549040.0 401.320474
39212745958.0 65.94682499999999
39582075328.0 207.27485099999998
39597963003.0 209.518153
39665789207.0 403.56377599999996
39849640206.0 73.798382
39926514326.0 131.002583
40028145157.0 163.530462
40095239589.0 383.374058
40138278761.0 169.138717
40361053162.0 189.32843499999998
40458794679.0 59.216919
40477300009.0 141.097442
40708665342.0 257.749146
40802557888.0 400.19882299999995
40838798121.0 184.84183099999998
40880222846.0 178.111925
41002594392.0 239.80273000000003
41175475258.0 126.51597899999999
41232235067.0 506.7556679999999
41243670847.0 402.442125
41320348516.0 399.07717199999996
41369469139.0 78.284986
41417285073.0 210.639804
41456775829.0 120.907724
41542826099.0 532.553641
41616087473.0 134.367536
41655810691.0 414.78028599999993
41980237238.0 411.415333
41992155367.0 235.316126
42001654224.0 538.161896
42061994815.0 226.342918
42253133503.0 162.408811
42269621205.0 152.313952
42367803526.0 53.608664
42500844247.0 316.07499799999994
42517592657.0 266.722354
42614839348.0 184.84183099999998
42631364199.0 49.12206
42818743597.0 381.13075599999996
42874386096.0 221.856314
43004708119.0 10.985926
43047247719.0 68.19012699999999
43057700818.0 496.660809
43211651816.0 433.848353
43217693381.0 69.311778
43244777951.0 145.584046
43268273163.0 70.43342899999999
43284235461.0 254.384193
43592235909.0 95.10975099999999
43625506791.0 175.86862299999999
43692194836.0 205.031549
43736818010.0 91.744798
43775320235.0 235.316126
43922786715.0 421.51019199999996
44144911933.0 143.340744
44197737638.0 412.53698399999996
44263809277.0 253.26254199999997
44467586073.0 341.87297099999995
44603522056.0 248.77593800000002
44805295549.0 207.27485099999998
45077477028.0 101.83965699999999
45203206767.0 327.29150799999996
45460248330.0 507.87731899999994
45497393910.0 124.27267700000002
45542858478.0 400.19882299999995
45579826153.0 406.928729
45816496636.0 164.652113
46064141077.0 108.56956299999999
46224643015.0 395.71221899999995
46289413472.0 181.476878
46344338561.0 52.487013
46571885191.0 117.54277099999999
46589223925.0 126.51597899999999
46637508126.0 397.955521
46769487975.0 409.17203099999995
46874372907.0 116.42112
47172018848.0 86.13654299999999
47269219493.0 100.718006
47456411354.0 328.41315899999995
47556662330.0 131.002583
47608676841.0 390.10396399999996
47757805690.0 220.73466299999998
47908157145.0 61.460221
47936488898.0 91.744798
48036692430.0 428.240098
48608953004.0 122.02937499999999
48633564449.0 455.159722
48718023751.0 351.96782999999994
48801079111.0 15.472529999999999
48843419701.0 110.81286500000002
48947737107.0 467.49788299999994
49050283131.0 159.043858
49194385920.0 277.93886399999997
49201593750.0 364.30599099999995
49389795084.0 182.598529
49455549411.0 131.002583
49483550187.0 243.16768299999998
49489367491.0 128.75928100000002
49528858610.0 412.53698399999996
49721135347.0 265.60070299999995
49742259539.0 408.05037999999996
49743031884.0 106.32626099999999
49768953270.0 173.625321
49797876831.0 34.540597
49830537796.0 190.450086
49877956320.0 395.71221899999995
49976301480.0 359.81938699999995
50214453167.0 290.277025
50273789359.0 235.316126
50400193149.0 44.635456
50467732391.0 133.24588500000002
50608874075.0 273.45225999999997
50807227817.0 132.124234
50826241380.0 137.73248900000002
50958231741.0 87.258194
50971757984.0 253.26254199999997
50990741893.0 150.07065
51054493888.0 425.99679599999996
51078265434.0 63.703523
51105389503.0 318.31829999999997
51223291465.0 491.052554
51264151667.0 201.666596
51280084543.0 264.47905199999997
51328825270.0 125.394328
51369364767.0 109.691214
51421252034.0 175.86862299999999
51426224298.0 59.216919
51430716589.0 365.427642
51503162886.0 350.84617899999995
51555692045.0 492.174205
51682266628.0 266.722354
51738706159.0 160.16550900000001
51771357234.0 400.19882299999995
51894682560.0 299.250233
51907798590.0 120.907724
52006431190.0 414.78028599999993
52028276429.0 200.544945
52046168519.0 425.99679599999996
52194446889.0 431.60505099999995
52262009867.0 421.51019199999996
52319527690.0 199.423294
52376635683.0 194.93669
52541244378.0 403.56377599999996
52585743731.0 123.151026
52756018891.0 138.85414
52793733590.0 105.20461
52837140565.0 412.53698399999996
52872695151.0 457.40302399999996
52982173190.0 22.202436
53009732414.0 185.963482
53010466063.0 514.607225
53014424976.0 240.924381
53191438788.0 203.909898
53235037011.0 380.009105
53345668176.0 541.526849
53376740746.0 91.744798
53378445088.0 397.955521
53397053367.0 166.89541499999999
53410849517.0 77.16333499999999
53434895574.0 160.16550900000001
53759084677.0 450.67311799999993
53878825978.0 172.50367
54326379686.0 399.07717199999996
54340756448.0 211.76145499999998
54506471218.0 119.78607300000002
54516458283.0 76.041684
54543755584.0 491.052554
54587739295.0 220.73466299999998
54617776278.0 59.216919
54661223212.0 478.714393
54699408693.0 294.763629
54845321335.0 147.827348
54865407750.0 100.718006
55039043417.0 377.76580299999995
55046497287.0 183.72018
55097487153.0 537.0402449999999
55168026450.0 168.017066
55345717054.0 387.86066199999993
55368878690.0 404.68542699999995
55447136871.0 63.703523
55474938128.0 419.26689
55485899520.0 45.757107
55515814211.0 77.16333499999999
55584811776.0 409.17203099999995
55701812623.0 298.12858199999994
56233972437.0 383.374058
56731398859.0 207.27485099999998
56857376085.0 312.710045
57210302213.0 268.96565599999997
57326258217.0 335.143065
57458081664.0 49.12206
57628987002.0 391.22561499999995
57666265103.0 214.004757
57699846599.0 460.767977
57708847442.0 316.07499799999994
57769727208.0 88.37984499999999
57918853251.0 529.188688
57935317527.0 131.002583
57974122231.0 345.23792399999996
58130216405.0 399.07717199999996
58151251202.0 51.365362
58155202392.0 114.177818
58272599091.0 406.928729
58283572812.0 428.240098
58396379451.0 340.75131999999996
58397186640.0 357.576085
58465405692.0 32.297295
58551400983.0 83.89324099999999
58638066444.0 251.01924
58673817652.0 208.396502
58676705092.0 111.934516
58727234629.0 147.827348
58831424256.0 125.394328
58891080800.0 242.046032
59021892986.0 477.59274199999993
59081450858.0 142.21909300000002
59150900732.0 237.559428
59283971401.0 328.41315899999995
59383078037.0 501.1474129999999
59391281101.0 107.447912
59415435684.0 137.73248900000002
59455092007.0 411.415333
59490665757.0 410.293682
59570165931.0 459.64632599999993
59572723198.0 344.116273
59735312159.0 359.81938699999995
59801592639.0 77.16333499999999
59875157942.0 189.32843499999998
59935687253.0 404.68542699999995
59981992814.0 243.16768299999998
60075182509.0 443.94321199999996
60090150482.0 355.33278299999995
60233726067.0 209.518153
60291908124.0 142.21909300000002
60303457265.0 397.955521
60379918647.0 87.258194
60402027257.0 436.09165499999995
60559094308.0 88.37984499999999
60585316412.0 46.878758
60689319466.0 200.544945
60903929888.0 166.89541499999999
60923896479.0 397.955521
60939300218.0 127.63763
61075416894.0 277.93886399999997
61113342342.0 434.97000399999996
61282193429.0 268.96565599999997
61490748046.0 33.418946
61515904655.0 316.07499799999994
61552272877.0 119.78607300000002
61601116144.0 63.703523
61710763160.0 65.94682499999999
61775410222.0 15.472529999999999
61841302220.0 405.80707799999993
61989046913.0 510.1206209999999
62090915137.0 406.928729
62135384636.0 191.571737
62167285133.0 175.86862299999999
62183264876.0 387.86066199999993
62188442911.0 276.817213
62338398606.0 146.70569700000001
62561442627.0 188.206784
62651190588.0 612.1908619999999
62698711413.0 152.313952
62869779110.0 273.45225999999997
62888506533.0 169.138717
63049491917.0 230.829522
63057476284.0 170.260368
63113176032.0 182.598529
63437964902.0 105.20461
63514569720.0 111.934516
63537425020.0 143.340744
63574342455.0 467.49788299999994
63582836556.0 419.26689
63656722070.0 169.138717
63930850455.0 374.40085
64107872935.0 187.085133
64260849464.0 449.55146699999995
64396631745.0 513.4855739999999
64529159137.0 252.14089099999998
64616381065.0 280.18216599999994
64966403126.0 412.53698399999996
65211150313.0 414.78028599999993
65212549876.0 325.04820599999994
65354622898.0 206.1532
65389662770.0 219.613012
65471418223.0 442.821561
65511800640.0 256.62749499999995
65530005010.0 387.86066199999993
65532733498.0 155.67890500000001
65547084616.0 480.95769499999994
65699526268.0 175.86862299999999
65781355843.0 196.058341
65816616029.0 114.177818
65955297569.0 396.83386999999993
65984206458.0 425.99679599999996
65985277911.0 170.260368
66345867146.0 227.464569
66387559326.0 380.009105
66432377329.0 132.124234
66638144664.0 133.24588500000002
66648320870.0 193.81503899999998
66732388273.0 355.33278299999995
66849530949.0 136.610838
66939768540.0 360.94103799999993
67050400305.0 119.78607300000002
67191980368.0 355.33278299999995
67216191268.0 418.14523899999995
67232472697.0 54.730315
67305457576.0 418.14523899999995
67455025311.0 81.64993899999999
67484057648.0 176.990274
67556924446.0 439.45660799999996
67596613428.0 440.57825899999995
67615713594.0 277.93886399999997
67657326569.0 137.73248900000002
67728928323.0 183.72018
67876768367.0 257.749146
67968688104.0 166.89541499999999
68128704744.0 411.415333
68156271079.0 239.80273000000003
68168811392.0 501.1474129999999
68351805541.0 171.38201899999999
68667099604.0 272.330609
68856982881.0 419.26689
68908645165.0 345.23792399999996
69001793844.0 33.418946
69089314729.0 113.05616699999999
69126920541.0 399.07717199999996
69167741744.0 386.73901099999995
69346060855.0 202.78824699999998
69359112798.0 455.159722
69400932702.0 178.111925
69402367282.0 382.25240699999995
69772404006.0 139.975791
69773104770.0 535.918594
69889392318.0 64.825174
70058105703.0 393.468917
70062060338.0 373.27919899999995
70077982832.0 150.07065
70087757291.0 106.32626099999999
70108906418.0 238.68107899999998
70513592393.0 157.922207
70533156020.0 409.17203099999995
70546396303.0 180.35522699999999
70689852497.0 374.40085
70740928844.0 429.361749
70871216354.0 91.744798
70879147854.0 440.57825899999995
70891032135.0 419.26689
70929756747.0 185.963482
70936363861.0 293.641978
71221901760.0 236.437777
71300702413.0 382.25240699999995
71462302652.0 274.57391099999995
71534995335.0 157.922207
71604017254.0 541.526849
71695752804.0 141.097442
71822621096.0 404.68542699999995
71938918287.0 203.909898
72022932637.0 172.50367
72069879423.0 504.51236599999993
72131567646.0 70.43342899999999
72216924015.0 225.22126699999998
72240173258.0 114.177818
72292586098.0 90.62314699999999
72557491599.0 396.83386999999993
72614199629.0 280.18216599999994
72631928921.0 295.88527999999997
72663946922.0 208.396502
72697179753.0 192.693388
72755817789.0 373.27919899999995
73017955260.0 174.746972
73082234157.0 430.48339999999996
73230589754.0 225.22126699999998
73355887176.0 360.94103799999993
73438352499.0 152.313952
73507318922.0 274.57391099999995
73718236542.0 415.901937
73838599307.0 498.90411099999994
73921481833.0 199.423294
73940585703.0 161.28716
73999714660.0 403.56377599999996
74124775193.0 183.72018
74821597328.0 210.639804
74858060330.0 76.041684
74960296447.0 56.973617
75077247980.0 88.37984499999999
75118237227.0 101.83965699999999
75123217985.0 32.297295
75192842893.0 485.44429899999994
75247357552.0 36.783899
75414480572.0 181.476878
75602296595.0 100.718006
75613248875.0 387.86066199999993
75832931296.0 197.179992
75834695280.0 215.126408
75883805843.0 252.14089099999998
75902399454.0 210.639804
75932501526.0 500.025762
75936184187.0 409.17203099999995
75968774941.0 185.963482
76164178622.0 347.481226
76164535122.0 5.377670999999999
76201511455.0 412.53698399999996
76379021602.0 163.530462
76416603910.0 440.57825899999995
76423006525.0 419.26689
76449605742.0 88.37984499999999
76500085634.0 405.80707799999993
76512547551.0 157.922207
76521771260.0 61.460221
76651095331.0 33.418946
76684001478.0 56.973617
76701586357.0 106.32626099999999
76929386208.0 396.83386999999993
77036810366.0 108.56956299999999
77075249288.0 479.83604399999996
77147860228.0 52.487013
77319024639.0 79.40663699999999
77351237696.0 234.19447499999998
77661099146.0 496.660809
77668130798.0 82.77159
77831292615.0 123.151026
77910286724.0 264.47905199999997
78019554261.0 184.84183099999998
78134583005.0 404.68542699999995
78318779942.0 123.151026
78327347371.0 142.21909300000002
78456278051.0 239.80273000000003
78787352305.0 113.05616699999999
78808314944.0 25.567389
78813045382.0 100.718006
78845783515.0 561.7165669999999
78860937568.0 127.63763
78927309131.0 31.175644
78966422184.0 384.495709
79009081382.0 157.922207
79256300374.0 404.68542699999995
79409312181.0 243.16768299999998
79685864524.0 369.91424599999993
79713023214.0 228.58622
79819706222.0 157.922207
79864172332.0 393.468917
79898000050.0 74.92003299999999
79912099940.0 225.22126699999998
79997243418.0 403.56377599999996
80047624272.0 72.67673099999999
80239760427.0 178.111925
80246913978.0 67.068476
80253668027.0 355.33278299999995
80361029046.0 489.93090299999994
80388665892.0 56.973617
80481165237.0 83.89324099999999
80664644651.0 342.99462199999994
80667205013.0 93.9881
80803191018.0 478.714393
80869426570.0 349.72452799999996
80924461623.0 390.10396399999996
81046384730.0 96.231402
81064689062.0 81.64993899999999
81439872519.0 428.240098
81530651935.0 423.75349399999993
81640794455.0 420.388541
81810610631.0 165.773764
81819559833.0 134.367536
82142445439.0 448.42981599999996
82280314567.0 525.8237349999999
82603123850.0 92.86644899999999
82625983788.0 37.90555
82762404703.0 -17.055349
83129729200.0 323.92655499999995
83130876003.0 400.19882299999995
83332623975.0 285.790421
83343496242.0 330.656461
83500618252.0 182.598529
83502197684.0 378.88745399999993
83560495352.0 161.28716
83560782103.0 476.47109099999994
83675207081.0 397.955521
83708831830.0 156.800556
83883960858.0 350.84617899999995
83914380074.0 393.468917
84198732048.0 392.347266
84621106376.0 145.584046
84653602469.0 49.12206
84833354698.0 172.50367
84865600033.0 192.693388
84935215996.0 182.598529
84961027725.0 184.84183099999998
85016517005.0 214.004757
85197704451.0 226.342918
85280683217.0 157.922207
85315376190.0 135.489187
85386566538.0 420.388541
86242797785.0 87.258194
86257212339.0 335.143065
86465223057.0 392.347266
86590622352.0 219.613012
86660081467.0 61.460221
86739363230.0 406.928729
86814655476.0 432.72670199999993
86837534272.0 136.610838
87064304999.0 212.883106
87189645571.0 98.474704
87219766275.0 35.662248
87825301380.0 82.77159
87930518322.0 208.396502
88129876342.0 181.476878
88157751312.0 98.474704
88246899830.0 171.38201899999999
88442211410.0 128.75928100000002
88534636048.0 175.86862299999999
88537658624.0 237.559428
88541615405.0 401.320474
88545200051.0 132.124234
88610358943.0 26.68904
88645737630.0 345.23792399999996
88679844055.0 239.80273000000003
88679902468.0 52.487013
88775892742.0 316.07499799999994
88856409392.0 68.19012699999999
89036993886.0 595.366097
89040743686.0 279.06051499999995
89126123148.0 65.94682499999999
89229839477.0 495.53915799999993
89234859378.0 322.80490399999996
89387803475.0 470.86283599999996
89700863108.0 200.544945
89939733779.0 292.52032699999995
90056278754.0 413.65863499999995
90232614629.0 305.98013899999995
90427815971.0 157.922207
90610719760.0 364.30599099999995
90755384460.0 161.28716
91160976342.0 99.59635499999999
91532179726.0 360.94103799999993
91605386776.0 65.94682499999999
91674672984.0 380.009105
91679186105.0 151.19230100000001
91717375014.0 97.35305299999999
91804572434.0 98.474704
91877716992.0 74.92003299999999
91913878682.0 221.856314
92030337728.0 641.353788
92072131480.0 224.099616
92153766686.0 160.16550900000001
92218792002.0 93.9881
92271855470.0 229.70787099999998
92348938245.0 400.19882299999995
92399136300.0 254.384193
92434560520.0 498.90411099999994
92437872416.0 412.53698399999996
92888520062.0 394.59056799999996
93137524393.0 145.584046
93158877717.0 132.124234
93179907187.0 65.94682499999999
93216522986.0 189.32843499999998
93235942601.0 33.418946
93258301856.0 411.415333
93337166123.0 46.878758
93595806670.0 402.442125
93620975271.0 37.90555
93701514851.0 400.19882299999995
93772911736.0 307.10178999999994
93857630999.0 56.973617
93916843101.0 102.961308
94160209305.0 322.80490399999996
94409898034.0 73.798382
94442939853.0 160.16550900000001
94474469254.0 437.213306
94545166869.0 192.693388
94552281981.0 411.415333
95071112966.0 300.37188399999997
95096787229.0 439.45660799999996
95213768638.0 135.489187
95222849418.0 83.89324099999999
95238509380.0 256.62749499999995
95279153681.0 358.69773599999996
95320911362.0 93.9881
95329250425.0 188.206784
95352756515.0 378.88745399999993
95366759700.0 537.0402449999999
95391816368.0 206.1532
95487861230.0 60.33857
95708010793.0 301.49353499999995
95793464527.0 314.95334699999995
96022876469.0 349.72452799999996
96058388404.0 106.32626099999999
96060955792.0 236.437777
96276884386.0 392.347266
96363649240.0 189.32843499999998
96472974632.0 365.427642
96615315159.0 90.62314699999999
96635074807.0 168.017066
96672724875.0 292.52032699999995
96682489958.0 189.32843499999998
96843772682.0 100.718006
96893083600.0 210.639804
96894892002.0 40.148852
96952976298.0 345.23792399999996
97052631094.0 289.15537399999994
97149206256.0 390.10396399999996
97290501744.0 82.77159
97517369896.0 215.126408
97638898913.0 166.89541499999999
97686365634.0 225.22126699999998
97701659134.0 463.01127899999994
97788288021.0 360.94103799999993
97868378049.0 351.96782999999994
98027817639.0 253.26254199999997
98050792530.0 414.78028599999993
98056945094.0 393.468917
98076547995.0 156.800556
98096011196.0 19.959134
98163336188.0 196.058341
98420705250.0 134.367536
98442623864.0 431.60505099999995
98514544770.0 63.703523
98542462833.0 417.02358799999996
98548420380.0 189.32843499999998
98559774566.0 144.462395
98568512498.0 406.928729
98652881855.0 228.58622
98689447625.0 78.284986
98691760134.0 529.188688
98767730914.0 417.02358799999996
98770358345.0 291.39867599999997
98832152754.0 255.505844
98891939876.0 139.975791
99119690738.0 425.99679599999996
99212113949.0 348.602877
99261200555.0 70.43342899999999
99305685028.0 147.827348
99338054340.0 183.72018
99388642625.0 362.062689
99448188003.0 136.610838
99486689337.0 173.625321
99492459211.0 265.60070299999995
99512177917.0 122.02937499999999
99523816596.0 399.07717199999996
99837431319.0 414.78028599999993
100030596108.0 114.177818
100107449521.0 102.961308
100286161925.0 224.099616
100325479310.0 87.258194
100387976559.0 175.86862299999999
100388661351.0 570.6897749999999
100452943514.0 274.57391099999995
100491666687.0 261.11409899999995
100515290999.0 160.16550900000001
100527679502.0 169.138717
100592170995.0 482.079346
100760031513.0 105.20461
100804964071.0 415.901937
100953225189.0 261.11409899999995
101087002465.0 -17.055349
101150521474.0 404.68542699999995
101226012559.0 142.21909300000002
101268080079.0 123.151026
101405337982.0 59.216919
101659890917.0 493.29585599999996
101760273870.0 394.59056799999996
101811459928.0 19.959134
101847294465.0 183.72018
101981407967.0 31.175644
102197014497.0 516.8505269999999
102299181055.0 86.13654299999999
102373973116.0 104.08295899999999
102375700981.0 122.02937499999999
102440038999.0 406.928729
102536724583.0 430.48339999999996
102546953185.0 428.240098
102697453486.0 439.45660799999996
102762821977.0 286.91207199999997
102801871120.0 438.334957
103115992809.0 205.031549
103145721869.0 316.07499799999994
103158617889.0 380.009105
103315977955.0 63.703523
103525983385.0 139.975791
103658102569.0 274.57391099999995
103668062110.0 432.72670199999993
103706970338.0 249.897589
103707251310.0 276.817213
103757805078.0 210.639804
103799222734.0 388.982313
103849390633.0 173.625321
103951301247.0 583.027936
103979066130.0 56.973617
103988424628.0 175.86862299999999
104345794801.0 395.71221899999995
104370056172.0 155.67890500000001
104450760175.0 28.932342
104574274427.0 151.19230100000001
104786907677.0 510.1206209999999
104804372939.0 143.340744
105154323483.0 445.06486299999995
105264517284.0 73.798382
105432638021.0 124.27267700000002
105585062856.0 206.1532
105694580399.0 506.7556679999999
105953308082.0 198.30164299999998
106075013076.0 314.95334699999995
106114557005.0 168.017066
106136612347.0 197.179992
106171733813.0 114.177818
106218088356.0 180.35522699999999
106253160871.0 258.870797
106641624542.0 138.85414
106855063591.0 188.206784
106914532161.0 181.476878
107254357703.0 422.63184299999995
107486865464.0 170.260368
107548456064.0 409.17203099999995
107576650284.0 402.442125
107612379507.0 98.474704
107728646463.0 224.099616
107732122218.0 65.94682499999999
107775226484.0 126.51597899999999
107803151442.0 68.19012699999999
108056302939.0 415.901937
108412576527.0 128.75928100000002
108564783951.0 419.26689
108773501043.0 412.53698399999996
109013866041.0 394.59056799999996
109270856071.0 537.0402449999999
109283372784.0 480.95769499999994
109376362474.0 205.031549
109707097176.0 176.990274
109719902636.0 67.068476
109753394742.0 142.21909300000002
109755644680.0 21.080785
109794832956.0 87.258194
109913882635.0 52.487013
109927763847.0 478.714393
110060712101.0 168.017066
110154541075.0 215.126408
110243353102.0 438.334957
110350920854.0 159.043858
110482678072.0 303.736837
110671785750.0 90.62314699999999
110680526592.0 393.468917
110685821353.0 310.46674299999995
110707200305.0 113.05616699999999
110726615222.0 290.277025
110801482347.0 153.435603
110844029014.0 434.97000399999996
110849569026.0 181.476878
110858225669.0 415.901937
110917663228.0 194.93669
110976556349.0 86.13654299999999
111050648398.0 529.188688
111108052432.0 463.01127899999994
111129166123.0 399.07717199999996
111186840670.0 60.33857
111285047824.0 128.75928100000002
111380231440.0 358.69773599999996
111406183980.0 155.67890500000001
111473710204.0 235.316126
111547252915.0 221.856314
111554814349.0 199.423294
111817288800.0 132.124234
111845841315.0 68.19012699999999
111994797030.0 152.313952
112034742354.0 81.64993899999999
112287150309.0 106.32626099999999
112309170035.0 175.86862299999999
112366905657.0 405.80707799999993
112373542607.0 91.744798
112523291002.0 201.666596
112584340160.0 428.240098
112590966265.0 423.75349399999993
112596153454.0 621.1640699999999
112881698882.0 222.977965
112926336382.0 104.08295899999999
112927747941.0 168.017066
112986474328.0 90.62314699999999
112997323317.0 90.62314699999999
113100921308.0 166.89541499999999
113104369470.0 123.151026
113179741318.0 136.610838
113525588870.0 551.621708
113616115563.0 180.35522699999999
113675555461.0 196.058341
113740687337.0 137.73248900000002
113846451591.0 134.367536
113853394340.0 265.60070299999995
113916332649.0 276.817213
113968403975.0 187.085133
114017043032.0 336.26471599999996
114036069208.0 400.19882299999995
114041770675.0 196.058341
114145335945.0 632.3805799999999
114156676144.0 274.57391099999995
114206284479.0 373.27919899999995
114405778987.0 194.93669
114488357886.0 182.598529
114616064613.0 144.462395
114648951914.0 393.468917
114739303337.0 406.928729
114790641600.0 394.59056799999996
114931757542.0 113.05616699999999
114944910430.0 207.27485099999998
115039400909.0 35.662248
115090863982.0 77.16333499999999
115131949481.0 60.33857
115189088534.0 93.9881
115201995558.0 424.875145
115205825275.0 463.01127899999994
115274854608.0 344.116273
115367079506.0 225.22126699999998
115372379031.0 286.91207199999997
115472686158.0 403.56377599999996
115608315906.0 145.584046
115673744185.0 474.227789
115764457942.0 86.13654299999999
116027564669.0 39.027201
116159423758.0 187.085133
116301682467.0 290.277025
116316619856.0 396.83386999999993
116387375147.0 147.827348
116393166971.0 191.571737
116402011646.0 51.365362
116455677380.0 408.05037999999996
116486583913.0 151.19230100000001
116490262941.0 185.963482
116552358211.0 172.50367
116566301032.0 87.258194
116641608597.0 239.80273000000003
116885329998.0 132.124234
117088749034.0 153.435603
117185198444.0 338.508018
117305285074.0 100.718006
117392894666.0 134.367536
117532201274.0 192.693388
117630246937.0 137.73248900000002
117991254272.0 46.878758
118086077112.0 67.068476
118144385454.0 384.495709
118204651054.0 168.017066
118220299135.0 548.256755
118325946646.0 423.75349399999993
118432772852.0 251.01924
118480638810.0 215.126408
118693279738.0 68.19012699999999
118789675309.0 30.053993
118948399899.0 138.85414
118974449184.0 415.901937
119106621623.0 351.96782999999994
119116470426.0 202.78824699999998
119254793246.0 433.848353
119609182149.0 23.324087
119611887892.0 356.454434
119622916056.0 414.78028599999993
119898793710.0 202.78824699999998
119988594110.0 475.34943999999996
119995546334.0 421.51019199999996
120056774206.0 231.951173
120100508650.0 420.388541
120437696884.0 312.710045
120446103269.0 403.56377599999996
120448048590.0 280.18216599999994
120868675169.0 397.955521
120903511798.0 388.982313
120941254527.0 123.151026
121006656894.0 325.04820599999994
121152274628.0 282.42546799999997
121354113607.0 160.16550900000001
121504020137.0 399.07717199999996
121512012102.0 414.78028599999993
121720756323.0 245.410985
121776877367.0 378.88745399999993
121784198241.0 331.77811199999996
121839538824.0 342.99462199999994
121848604703.0 58.095268
121879612358.0 53.608664
122016259389.0 392.347266
122154401164.0 53.608664
122278449881.0 169.138717
122474309932.0 63.703523
122514607800.0 165.773764
122531007467.0 178.111925
122579002017.0 78.284986
122595193817.0 403.56377599999996
122769984503.0 89.501496
122847860061.0 244.28933399999997
122866413444.0 385.61735999999996
122892232402.0 145.584046
122960697448.0 574.054728
123296955822.0 53.608664
123306349801.0 320.561602
123353184356.0 524.7020839999999
123368122476.0 142.21909300000002
123424088845.0 397.955521
123478389799.0 529.188688
123871569786.0 513.4855739999999
124220720973.0 155.67890500000001
124248982110.0 347.481226
124370680200.0 205.031549
124446530711.0 320.561602
124504184706.0 72.67673099999999
124659702616.0 421.51019199999996
124727292784.0 494.417507
124953502659.0 535.918594
125067991673.0 405.80707799999993
125117370460.0 408.05037999999996
125167070251.0 181.476878
125289939947.0 183.72018
125290611970.0 401.320474
125429921910.0 330.656461
125444750182.0 74.92003299999999
125465084532.0 106.32626099999999
125806194121.0 503.390715
126083520873.0 156.800556
126307905278.0 251.01924
126317301248.0 261.11409899999995
126429264673.0 553.86501
126576151564.0 68.19012699999999
126590971769.0 51.365362
126611543095.0 433.848353
126663427514.0 31.175644
126843278671.0 387.86066199999993
126902196663.0 182.598529
126965339916.0 17.715832
127002550140.0 480.95769499999994
127083660720.0 387.86066199999993
127109562180.0 201.666596
127136953629.0 159.043858
127183276787.0 86.13654299999999
127395807076.0 397.955521
127592999785.0 123.151026
127630375991.0 216.24805899999998
127670275804.0 101.83965699999999
127688322391.0 480.95769499999994
127692631308.0 486.56594999999993
127778948910.0 438.334957
127928149017.0 493.29585599999996
127981442704.0 62.581872
128114237084.0 127.63763
128210409490.0 63.703523
128273409920.0 428.240098
128423708867.0 71.55508
128534520152.0 193.81503899999998
128560032865.0 403.56377599999996
128605572723.0 53.608664
128780795311.0 293.641978
128796006468.0 76.041684
129250091425.0 484.32264799999996
129319894892.0 119.78607300000002
129365542130.0 328.41315899999995
129382918543.0 184.84183099999998
129502244926.0 174.746972
129631103311.0 230.829522
130019324598.0 50.243711
130172452649.0 155.67890500000001
130310975407.0 508.99897
130370010803.0 440.57825899999995
130485624386.0 437.213306
130629218407.0 388.982313
130639738188.0 403.56377599999996
130646368988.0 290.277025
130649524528.0 455.159722
130678834049.0 312.710045
130919772283.0 208.396502
131023048738.0 454.03807099999995
131060113185.0 433.848353
131115998096.0 274.57391099999995
131221102983.0 126.51597899999999
131277977843.0 445.06486299999995
131295989602.0 284.66877
131389771144.0 160.16550900000001
131554399151.0 265.60070299999995
131593130292.0 464.13293
131858048755.0 403.56377599999996
131880082829.0 73.798382
132024162894.0 477.59274199999993
132045473180.0 83.89324099999999
132155109276.0 351.96782999999994
132352757552.0 83.89324099999999
132365707076.0 109.691214
132399905559.0 402.442125
132411625234.0 226.342918
132574234267.0 396.83386999999993
132618301462.0 404.68542699999995
132658850937.0 89.501496
132865331910.0 338.508018
132955124844.0 109.691214
133252146162.0 386.73901099999995
133277660444.0 261.11409899999995
133378164991.0 156.800556
133391434869.0 358.69773599999996
133466905968.0 174.746972
133573879932.0 411.415333
133600003017.0 69.311778
133732194623.0 127.63763
133751301882.0 70.43342899999999
133869225606.0 176.990274
133870996933.0 401.320474
133995584549.0 413.65863499999995
134064916794.0 83.89324099999999
134174553593.0 560.5949159999999
134263971502.0 216.24805899999998
134341495037.0 199.423294
134673098133.0 303.736837
134806295493.0 355.33278299999995
135099100694.0 198.30164299999998
135134624746.0 330.656461
135232662805.0 108.56956299999999
135243076617.0 189.32843499999998
135316477665.0 459.64632599999993
135355867616.0 385.61735999999996
135424841149.0 187.085133
135469300032.0 127.63763
135497030005.0 233.072824
135700365688.0 159.043858
135723631716.0 91.744798
135779797752.0 107.447912
136628372366.0 141.097442
136798263458.0 500.025762
137102136682.0 124.27267700000002
137129710868.0 196.058341
137152817166.0 365.427642
137221408360.0 375.522501
137289449646.0 222.977965
137672385899.0 224.099616
137856180813.0 485.44429899999994
137856408148.0 217.36971
137878292312.0 237.559428
137918544085.0 184.84183099999998
138061447098.0 420.388541
138357147999.0 30.053993
138512328030.0 433.848353
138549450760.0 221.856314
138628235235.0 116.42112
138670918896.0 188.206784
138684305736.0 16.594181
138705195213.0 422.63184299999995
138917916947.0 202.78824699999998
138988758971.0 173.625321
139087487077.0 430.48339999999996
139100081055.0 178.111925
139114761334.0 34.540597
139214294608.0 136.610838
139235565364.0 421.51019199999996
139262478440.0 82.77159
139295984438.0 55.851966
139367691112.0 417.02358799999996
139472739576.0 123.151026
139495759875.0 265.60070299999995
139532125846.0 148.948999
139569909679.0 305.98013899999995
139595358480.0 153.435603
139617966328.0 191.571737
139671601264.0 208.396502
139759755259.0 264.47905199999997
139955244564.0 160.16550900000001
139963643168.0 144.462395
139963925244.0 363.18433999999996
140042991684.0 91.744798
140047613656.0 220.73466299999998
140052001554.0 76.041684
140075626840.0 210.639804
140155543765.0 267.844005
140419662224.0 79.40663699999999
140534656336.0 116.42112
140730709910.0 403.56377599999996
140763064059.0 417.02358799999996
140803023040.0 99.59635499999999
140853993749.0 400.19882299999995
140894056132.0 212.883106
141022885208.0 342.99462199999994
141116379256.0 148.948999
141230979476.0 208.396502
141247788904.0 497.78246
141339724895.0 193.81503899999998
141472460216.0 229.70787099999998
141573515241.0 394.59056799999996
141737229221.0 221.856314
141746794009.0 248.77593800000002
141776042997.0 217.36971
141838481187.0 174.746972
141841761376.0 501.1474129999999
141879532991.0 159.043858
142038843006.0 382.25240699999995
142074715618.0 104.08295899999999
142114781232.0 219.613012
142316388562.0 206.1532
142371058793.0 265.60070299999995
142396523713.0 243.16768299999998
142443386255.0 185.963482
142478105407.0 191.571737
142612999698.0 100.718006
143083972798.0 354.21113199999996
143176641605.0 410.293682
143312437973.0 115.29946900000002
143394714661.0 358.69773599999996
143412036895.0 95.10975099999999
143609398401.0 427.11844699999995
143685155686.0 402.442125
143728629365.0 120.907724
143970888690.0 288.03372299999995
144076889093.0 397.955521
144079716486.0 152.313952
144306694033.0 150.07065
144407336320.0 345.23792399999996
144561079374.0 98.474704
144683798452.0 215.126408
144786832424.0 349.72452799999996
144872890627.0 410.293682
145124357595.0 216.24805899999998
145192784914.0 318.31829999999997
145292361702.0 221.856314
145436767580.0 110.81286500000002
145617733312.0 393.468917
145695831472.0 288.03372299999995
145734799112.0 501.1474129999999
146165150051.0 459.64632599999993
146212955742.0 539.283547
146239585510.0 240.924381
146247239270.0 155.67890500000001
146406795051.0 455.159722
146492044476.0 274.57391099999995
146500782971.0 92.86644899999999
146642016941.0 392.347266
146697398857.0 72.67673099999999
146739964023.0 171.38201899999999
146818433471.0 166.89541499999999
146863085170.0 321.683253
146969961732.0 339.629669
146998307155.0 171.38201899999999
147006944216.0 37.90555
147047294263.0 409.17203099999995
147178452087.0 339.629669
147215038144.0 189.32843499999998
147223723043.0 381.13075599999996
147311511255.0 405.80707799999993
147321624363.0 340.75131999999996
147477775562.0 104.08295899999999
147581054441.0 275.695562
147647222346.0 420.388541
147682157084.0 79.40663699999999
147720365438.0 159.043858
147740737750.0 153.435603
147858732224.0 418.14523899999995
148244322119.0 568.446473
148324358657.0 257.749146
148411648266.0 421.51019199999996
148426545525.0 171.38201899999999
148438348190.0 180.35522699999999
148454441102.0 106.32626099999999
148494263428.0 496.660809
148665720324.0 425.99679599999996
148724797344.0 123.151026
148749642084.0 97.35305299999999
148952807120.0 330.656461
148995102323.0 111.934516
149543943239.0 243.16768299999998
149610182843.0 403.56377599999996
149685738299.0 517.972178
150027941966.0 170.260368
150099537085.0 82.77159
150281718387.0 227.464569
150346442971.0 168.017066
150426526689.0 325.04820599999994
150448704399.0 394.59056799999996
150470110979.0 418.14523899999995
150533411530.0 378.88745399999993
150840657344.0 233.072824
150848527852.0 222.977965
151000319044.0 443.94321199999996
151000559912.0 369.91424599999993
151050439156.0 237.559428
151089012673.0 79.40663699999999
151115104509.0 483.200997
151540701536.0 491.052554
151743061977.0 101.83965699999999
151769957921.0 417.02358799999996
151781996808.0 307.10178999999994
151930385853.0 90.62314699999999
151948964161.0 506.7556679999999
151983034385.0 228.58622
152012601424.0 281.303817
152082004183.0 349.72452799999996
152093429428.0 110.81286500000002
152236045664.0 447.308165
152485387515.0 230.829522
152577317262.0 477.59274199999993
152616041245.0 380.009105
152679639891.0 409.17203099999995
152729232663.0 122.02937499999999
152778789391.0 197.179992
152829863232.0 332.89976299999995
152896104226.0 500.025762
152966009417.0 70.43342899999999
153000234725.0 276.817213
153153294125.0 409.17203099999995
153208676731.0 331.77811199999996
153363734927.0 115.29946900000002
153409958951.0 156.800556
153569676942.0 649.205345
153618246469.0 392.347266
153901597192.0 411.415333
153997569812.0 92.86644899999999
154292012486.0 449.55146699999995
154295589208.0 68.19012699999999
154392274088.0 52.487013
154394126060.0 428.240098
154506362587.0 235.316126
154557851726.0 166.89541499999999
154586856690.0 227.464569
154605811606.0 155.67890500000001
154706727600.0 349.72452799999996
154786241587.0 373.27919899999995
155096976048.0 326.169857
155166892655.0 411.415333
155427932690.0 116.42112
155802204036.0 27.810691
155868788202.0 162.408811
155895134472.0 54.730315
155948710332.0 445.06486299999995
155951684047.0 422.63184299999995
156445380544.0 189.32843499999998
156742501419.0 408.05037999999996
156940403469.0 165.773764
156943083307.0 377.76580299999995
156944259184.0 425.99679599999996
156968468267.0 406.928729
157070615899.0 161.28716
157184089107.0 185.963482
157262203933.0 404.68542699999995
157297376953.0 106.32626099999999
157472854370.0 433.848353
157487676225.0 377.76580299999995
157545221221.0 88.37984499999999
157605372742.0 402.442125
157765323155.0 161.28716
157772066242.0 209.518153
157788261339.0 265.60070299999995
157818455203.0 196.058341
157907871291.0 119.78607300000002
158063720235.0 76.041684
158111704858.0 530.310339
158212737717.0 208.396502
158223389467.0 268.96565599999997
158329793091.0 329.53481
158705391159.0 174.746972
159030394047.0 215.126408
159298809916.0 51.365362
159307554896.0 485.44429899999994
159400716762.0 52.487013
159478997771.0 411.415333
159574475615.0 394.59056799999996
159780085351.0 314.95334699999995
159797498198.0 288.03372299999995
159942168458.0 229.70787099999998
160100885460.0 144.462395
160236801206.0 362.062689
160309256553.0 344.116273
160316842708.0 424.875145
160418655353.0 40.148852
160430850739.0 96.231402
160627390304.0 450.67311799999993
160715661702.0 191.571737
160804255918.0 368.79259499999995
160845870086.0 222.977965
160926095000.0 147.827348
161246502428.0 114.177818
161251305060.0 138.85414
161377546785.0 71.55508
161381692365.0 128.75928100000002
161401629792.0 383.374058
161444447009.0 131.002583
161519736639.0 96.231402
161530406838.0 402.442125
161545351443.0 222.977965
161724829881.0 126.51597899999999
161733840226.0 390.10396399999996
161759983613.0 87.258194
161820844979.0 190.450086
161830148465.0 91.744798
161903184989.0 432.72670199999993
161986089464.0 251.01924
162087958610.0 108.56956299999999
162263744779.0 372.15754799999996
162335819232.0 399.07717199999996
162405552774.0 443.94321199999996
162407413560.0 271.20895799999994
162447863559.0 312.710045
162508081938.0 115.29946900000002
162826705132.0 483.200997
162860479601.0 473.106138
163010996523.0 133.24588500000002
163060605206.0 24.445738
163087808177.0 394.59056799999996
163393641426.0 298.12858199999994
163457613108.0 417.02358799999996
163863485626.0 42.392154
163914226637.0 414.78028599999993
164050912257.0 33.418946
164304797090.0 163.530462
164421104055.0 147.827348
164502196789.0 199.423294
164652223113.0 164.652113
164683823597.0 119.78607300000002
164714705058.0 225.22126699999998
164733092756.0 440.57825899999995
164847738790.0 102.961308
165032437379.0 173.625321
165100042521.0 198.30164299999998
165182366155.0 201.666596
165292540118.0 244.28933399999997
165362540506.0 218.491361
165577617693.0 237.559428
165758707294.0 168.017066
165853935771.0 318.31829999999997
165858195892.0 404.68542699999995
165881522186.0 211.76145499999998
166019748656.0 267.844005
166069311957.0 64.825174
166229576186.0 399.07717199999996
166273092339.0 218.491361
166313684871.0 86.13654299999999
166405067570.0 378.88745399999993
166501556085.0 587.51454
166544435504.0 350.84617899999995
166699329403.0 160.16550900000001
166890825884.0 302.615186
166923534294.0 185.963482
167067848703.0 409.17203099999995
167219968747.0 93.9881
167223008498.0 151.19230100000001
167231079417.0 351.96782999999994
167241486805.0 396.83386999999993
167251255516.0 283.54711899999995
167510829928.0 111.934516
167532199960.0 25.567389
167554949406.0 507.87731899999994
167806187325.0 189.32843499999998
167808190483.0 193.81503899999998
167829771780.0 146.70569700000001
167908930436.0 375.522501
167934498676.0 289.15537399999994
167994951826.0 504.51236599999993
168224978678.0 161.28716
168447679172.0 164.652113
168449268823.0 293.641978
168510332935.0 163.530462
168562512304.0 88.37984499999999
168621725807.0 345.23792399999996
168632007481.0 402.442125
168694781784.0 105.20461
168816425107.0 219.613012
169236198827.0 74.92003299999999
169295241005.0 65.94682499999999
169435371465.0 438.334957
169642723024.0 392.347266
169724393788.0 163.530462
169765735762.0 388.982313
169780225914.0 471.98448699999994
169864902558.0 174.746972
169872601650.0 144.462395
169974517988.0 413.65863499999995
170090463588.0 430.48339999999996
170097249147.0 192.693388
170188016109.0 181.476878
170209899651.0 159.043858
170284443568.0 180.35522699999999
170327935280.0 399.07717199999996
170338890464.0 577.419681
170445327460.0 417.02358799999996
170496289736.0 353.089481
170505760658.0 179.233576
170548933999.0 202.78824699999998
170690705005.0 310.46674299999995
170737589707.0 69.311778
170756898963.0 245.410985
170936912971.0 148.948999
171006084927.0 342.99462199999994
171326189676.0 418.14523899999995
171348057609.0 179.233576
171392905071.0 394.59056799999996
171539177294.0 396.83386999999993
171720715107.0 95.10975099999999
171735596260.0 387.86066199999993
171757845285.0 181.476878
171765659770.0 194.93669
171801496333.0 124.27267700000002
171818730374.0 164.652113
171868382840.0 308.223441
171898150803.0 201.666596
171923111072.0 307.10178999999994
172030964801.0 151.19230100000001
172041038219.0 464.13293
172093987618.0 70.43342899999999
172233009631.0 538.161896
172278095032.0 108.56956299999999
172469938899.0 503.390715
172538988481.0 402.442125
172589539144.0 485.44429899999994
172591648744.0 137.73248900000002
172676220732.0 390.10396399999996
172814328196.0 126.51597899999999
172909646669.0 137.73248900000002
172913086341.0 336.26471599999996
173323864531.0 441.69990999999993
173326965956.0 445.06486299999995
173372339086.0 40.148852
173409614579.0 236.437777
173458600100.0 32.297295
173481816152.0 215.126408
173615261775.0 199.423294
173773609520.0 69.311778
173805246649.0 33.418946
173806104409.0 164.652113
173844722643.0 27.810691
173907043135.0 321.683253
173937677322.0 390.10396399999996
174011292623.0 246.532636
174023524984.0 283.54711899999995
174097260823.0 367.67094399999996
174152055170.0 129.880932
174155250099.0 476.47109099999994
174218174601.0 115.29946900000002
174306612807.0 62.581872
174489797516.0 253.26254199999997
174602898851.0 421.51019199999996
174658935350.0 386.73901099999995
174720705340.0 81.64993899999999
175114408185.0 273.45225999999997
175210286047.0 242.046032
175217345709.0 85.014892
175284001367.0 114.177818
175509863450.0 235.316126
175552461888.0 41.270503
175570454030.0 431.60505099999995
175675219342.0 174.746972
175799840457.0 174.746972
176012203017.0 473.106138
176082015021.0 449.55146699999995
176147259940.0 129.880932
176223091341.0 565.08152
176242753723.0 489.93090299999994
176388182865.0 436.09165499999995
176544256459.0 329.53481
176585050743.0 136.610838
176612042979.0 325.04820599999994
176647657962.0 434.97000399999996
176693542629.0 396.83386999999993
176720452351.0 450.67311799999993
176750682042.0 106.32626099999999
176771372755.0 125.394328
176870528001.0 104.08295899999999
176895017288.0 184.84183099999998
176967433055.0 135.489187
176989487741.0 388.982313
177027945666.0 414.78028599999993
177156277173.0 59.216919
177194966488.0 63.703523
177517189650.0 381.13075599999996
177774751939.0 152.313952
177827922716.0 41.270503
177910340179.0 190.450086
178043605897.0 182.598529
178235286617.0 243.16768299999998
178359383308.0 390.10396399999996
178483838972.0 384.495709
178633040612.0 226.342918
178650930251.0 659.300204
178691002504.0 433.848353
178696816874.0 366.549293
178714363281.0 173.625321
178732526214.0 270.08730699999995
178902192303.0 386.73901099999995
178942924117.0 56.973617
178974070606.0 137.73248900000002
179127669570.0 135.489187
179176577058.0 72.67673099999999
179488042641.0 390.10396399999996
179584577060.0 164.652113
179664279325.0 214.004757
179915675158.0 251.01924
180077338627.0 179.233576
180129452401.0 53.608664
180277241558.0 495.53915799999993
180287159754.0 460.767977
180522649263.0 388.982313
180533832812.0 148.948999
180559074611.0 479.83604399999996
180593489874.0 54.730315
180811317275.0 179.233576
180925814026.0 433.848353
181042268634.0 203.909898
181149543044.0 43.513805
181233754235.0 443.94321199999996
181288144742.0 556.108312
181531236149.0 492.174205
181548717004.0 228.58622
181568868767.0 452.91641999999996
181720645409.0 297.00693099999995
