1486450461.0 439.45660799999996
1487971941.0 458.52467499999995
1837661130.0 375.522501
2094717833.0 381.13075599999996
2331373748.0 403.56377599999996
2434731001.0 401.320474
2747824258.0 433.848353
2783918201.0 445.06486299999995
3354571206.0 517.972178
4081343015.0 411.415333
5364399370.0 514.607225
6184450641.0 423.75349399999993
6214405083.0 497.78246
6866124570.0 410.293682
6919778734.0 388.982313
7140699928.0 441.69990999999993
7536187448.0 418.14523899999995
8611252583.0 341.87297099999995
8701638674.0 406.928729
8968052716.0 459.64632599999993
8988498701.0 402.442125
9641981014.0 493.29585599999996
9783032718.0 460.767977
10339336012.0 353.089481
10856944763.0 529.188688
11311502984.0 396.83386999999993
12243024895.0 322.80490399999996
12431685880.0 485.44429899999994
12698693305.0 451.794769
13012437899.0 358.69773599999996
13075730089.0 458.52467499999995
13232629432.0 473.106138
13252284721.0 382.25240699999995
13341693064.0 413.65863499999995
13655721740.0 461.88962799999996
13763427244.0 414.78028599999993
16139578902.0 427.11844699999995
16562422504.0 408.05037999999996
17058469702.0 459.64632599999993
17234014940.0 538.161896
17584857486.0 464.13293
18116188187.0 431.60505099999995
19767317584.0 501.1474129999999
20466341763.0 441.69990999999993
20496259903.0 430.48339999999996
21083942690.0 461.88962799999996
22264753071.0 442.821561
22636098894.0 442.821561
22927923492.0 413.65863499999995
23143351669.0 369.91424599999993
23254486585.0 513.4855739999999
23691257178.0 448.42981599999996
24054173835.0 392.347266
24887501949.0 513.4855739999999
25473090465.0 467.49788299999994
25540621941.0 446.186514
25918854328.0 414.78028599999993
27128998292.0 436.09165499999995
27837898172.0 414.78028599999993
28453158723.0 428.240098
29204576785.0 436.09165499999995
29220511004.0 367.67094399999996
29843376432.0 452.91641999999996
29916213423.0 390.10396399999996
30065496166.0 401.320474
30139985640.0 460.767977
30948117527.0 487.687601
31338902782.0 466.37623199999996
31889134541.0 325.04820599999994
31985591173.0 520.21548
32101053529.0 420.388541
32190330822.0 452.91641999999996
32534507311.0 436.09165499999995
33028617606.0 437.213306
33539945150.0 434.97000399999996
33543711768.0 442.821561
33936253861.0 385.61735999999996
35119208098.0 489.93090299999994
35887716628.0 438.334957
35973484647.0 415.901937
36757980982.0 368.79259499999995
37637216209.0 466.37623199999996
37645106069.0 413.65863499999995
37920425631.0 405.80707799999993
38426249635.0 354.21113199999996
38883390411.0 488.80925199999996
39590081429.0 456.281373
40123437449.0 473.106138
40384806428.0 430.48339999999996
41287056117.0 423.75349399999993
41787678131.0 405.80707799999993
42211197617.0 425.99679599999996
43580378213.0 455.159722
43838885740.0 383.374058
44004422760.0 457.40302399999996
44026824594.0 484.32264799999996
44061742506.0 393.468917
44421758137.0 471.98448699999994
45399822627.0 415.901937
45897402986.0 473.106138
46442710068.0 522.4587819999999
46864578061.0 415.901937
46865163476.0 400.19882299999995
46893344847.0 441.69990999999993
47297233243.0 477.59274199999993
47299080128.0 402.442125
48904227612.0 427.11844699999995
49456032317.0 511.24227199999996
49654150181.0 508.99897
50688218493.0 511.24227199999996
51595416263.0 464.13293
51857912172.0 433.848353
51871760497.0 471.98448699999994
52055936501.0 430.48339999999996
52317438382.0 375.522501
52851084621.0 364.30599099999995
52891517560.0 519.0938289999999
53336991354.0 448.42981599999996
53466887044.0 378.88745399999993
53899324307.0 434.97000399999996
54078963202.0 447.308165
54101680527.0 441.69990999999993
54107410994.0 418.14523899999995
54567444542.0 410.293682
54997019464.0 439.45660799999996
55074037930.0 457.40302399999996
56135276161.0 387.86066199999993
58082846446.0 393.468917
58190285997.0 422.63184299999995
58763991670.0 528.0670369999999
59096879795.0 461.88962799999996
59293608719.0 503.390715
59466579466.0 422.63184299999995
59995161231.0 412.53698399999996
60392719312.0 504.51236599999993
60731781271.0 448.42981599999996
60814749189.0 336.26471599999996
61258132999.0 429.361749
61580569044.0 461.88962799999996
62032125987.0 445.06486299999995
63074191579.0 511.24227199999996
63759529641.0 488.80925199999996
63828453646.0 447.308165
64084720172.0 425.99679599999996
64218228099.0 454.03807099999995
65841300201.0 441.69990999999993
66457764318.0 325.04820599999994
66661131467.0 417.02358799999996
67249845233.0 411.415333
67819387058.0 475.34943999999996
67863296046.0 390.10396399999996
68067062554.0 401.320474
68275490066.0 456.281373
69622029736.0 391.22561499999995
69777405349.0 399.07717199999996
70149476786.0 410.293682
70217927142.0 425.99679599999996
70445985479.0 519.0938289999999
70515451959.0 474.227789
71460191536.0 432.72670199999993
72735984320.0 404.68542699999995
73132195375.0 460.767977
73220175540.0 507.87731899999994
73425511996.0 418.14523899999995
73438946096.0 405.80707799999993
75418908622.0 437.213306
76394189636.0 438.334957
77435322606.0 505.634017
78478600889.0 430.48339999999996
78530159782.0 443.94321199999996
79377547512.0 479.83604399999996
80148575845.0 387.86066199999993
80343670113.0 390.10396399999996
80355497899.0 405.80707799999993
80588418995.0 419.26689
81459318282.0 434.97000399999996
81898642859.0 400.19882299999995
82227253826.0 494.417507
82274353593.0 460.767977
82463526920.0 514.607225
82516285035.0 365.427642
83047007384.0 451.794769
83582826843.0 412.53698399999996
83765727570.0 409.17203099999995
84039506356.0 418.14523899999995
85719809542.0 415.901937
85858086660.0 347.481226
87248756541.0 475.34943999999996
87770286565.0 404.68542699999995
88218359788.0 464.13293
88612020614.0 470.86283599999996
88629575261.0 479.83604399999996
88634701061.0 439.45660799999996
89031164807.0 397.955521
89355381832.0 374.40085
89595106191.0 422.63184299999995
89819908919.0 429.361749
90596074891.0 486.56594999999993
91350610168.0 404.68542699999995
91768732249.0 434.97000399999996
92617763529.0 464.13293
92884308847.0 465.254581
93115282961.0 396.83386999999993
93908248950.0 467.49788299999994
96549094599.0 424.875145
96585506034.0 438.334957
96982744979.0 464.13293
97000985061.0 468.61953399999993
99124899886.0 414.78028599999993
99843145446.0 457.40302399999996
99852482507.0 417.02358799999996
100198408099.0 465.254581
100934032539.0 423.75349399999993
101062402761.0 420.388541
101144543459.0 368.79259499999995
102220762424.0 457.40302399999996
104155580762.0 380.009105
104376176649.0 528.0670369999999
104790751646.0 464.13293
105376477215.0 332.89976299999995
105388361200.0 406.928729
105595390986.0 516.8505269999999
106764710034.0 427.11844699999995
107271517979.0 451.794769
107677143737.0 415.901937
107819382286.0 374.40085
107866273275.0 476.47109099999994
108037270578.0 447.308165
108291157024.0 429.361749
108941796481.0 512.363923
109137323687.0 423.75349399999993
109238055081.0 428.240098
110149592558.0 425.99679599999996
110398852299.0 430.48339999999996
110583355349.0 439.45660799999996
110827608986.0 402.442125
111524264084.0 500.025762
111702036034.0 454.03807099999995
113123317334.0 445.06486299999995
115771725302.0 381.13075599999996
116100210791.0 436.09165499999995
116233561802.0 373.27919899999995
116394232251.0 436.09165499999995
117795941462.0 450.67311799999993
117828919243.0 387.86066199999993
118212940596.0 410.293682
118266446533.0 418.14523899999995
118620764404.0 441.69990999999993
118914357099.0 393.468917
119605104578.0 402.442125
120439904511.0 412.53698399999996
120994821152.0 412.53698399999996
121233596115.0 479.83604399999996
121411256783.0 465.254581
121920562846.0 451.794769
122589758471.0 500.025762
122987386865.0 491.052554
123086921920.0 346.35957499999995
123457163439.0 427.11844699999995
123886687367.0 402.442125
123991137363.0 331.77811199999996
124287743258.0 478.714393
124729956122.0 386.73901099999995
124931695782.0 391.22561499999995
125304999359.0 420.388541
125418384193.0 427.11844699999995
125422822349.0 523.580433
125864011651.0 436.09165499999995
126225679118.0 377.76580299999995
126537795884.0 431.60505099999995
126869147026.0 483.200997
127329355022.0 359.81938699999995
127692378324.0 431.60505099999995
128138865011.0 383.374058
128152550808.0 496.660809
128748092261.0 471.98448699999994
130379143808.0 438.334957
130692891381.0 483.200997
131666657611.0 420.388541
132191962717.0 397.955521
132264926712.0 362.062689
132307385794.0 421.51019199999996
132486089457.0 456.281373
132770753030.0 399.07717199999996
132829604964.0 452.91641999999996
133370055561.0 409.17203099999995
133520943047.0 391.22561499999995
133625862642.0 510.1206209999999
135174094303.0 460.767977
135217005876.0 392.347266
135420013940.0 401.320474
136268136452.0 362.062689
137149215783.0 454.03807099999995
138262487995.0 484.32264799999996
138745853958.0 413.65863499999995
138818723988.0 458.52467499999995
140108630514.0 506.7556679999999
140736730840.0 401.320474
141344653874.0 418.14523899999995
142118663867.0 464.13293
142496992198.0 413.65863499999995
142796051522.0 483.200997
142802950424.0 533.675292
143961506837.0 430.48339999999996
144619640533.0 384.495709
145081916059.0 410.293682
145113010220.0 451.794769
145250230169.0 450.67311799999993
145374395184.0 402.442125
146456221211.0 363.18433999999996
146503989105.0 406.928729
146645042777.0 459.64632599999993
147118653950.0 423.75349399999993
147275121501.0 438.334957
147612590231.0 514.607225
147805876853.0 412.53698399999996
147956555209.0 460.767977
148516085533.0 441.69990999999993
148633280943.0 403.56377599999996
148684209409.0 436.09165499999995
149312691094.0 448.42981599999996
150422029864.0 445.06486299999995
150553868929.0 487.687601
150684390784.0 465.254581
150813169821.0 367.67094399999996
151390872067.0 495.53915799999993
151844364492.0 456.281373
151967380428.0 388.982313
152287671044.0 391.22561499999995
152355285831.0 511.24227199999996
152411703386.0 419.26689
152447570494.0 383.374058
153406116116.0 446.186514
154463926243.0 507.87731899999994
155100953934.0 392.347266
155710983554.0 446.186514
157219940638.0 485.44429899999994
157445469488.0 475.34943999999996
157609330961.0 476.47109099999994
157868046358.0 463.01127899999994
158867205369.0 368.79259499999995
158875644248.0 458.52467499999995
159925321592.0 428.240098
160331036356.0 450.67311799999993
160694323709.0 488.80925199999996
160762140407.0 504.51236599999993
161625977290.0 392.347266
162074510028.0 465.254581
162357772584.0 384.495709
162703594656.0 406.928729
165277071124.0 428.240098
165742062786.0 448.42981599999996
166178749962.0 434.97000399999996
166215513090.0 465.254581
166590430031.0 387.86066199999993
166707474326.0 501.1474129999999
168036429262.0 460.767977
168311007008.0 517.972178
168647918145.0 388.982313
168726116639.0 401.320474
169398440869.0 371.035897
169837457454.0 399.07717199999996
169850121273.0 436.09165499999995
170212556921.0 471.98448699999994
170305919019.0 391.22561499999995
170685945075.0 493.29585599999996
171084917606.0 470.86283599999996
171524878435.0 519.0938289999999
171737495724.0 485.44429899999994
173381318139.0 450.67311799999993
173871970355.0 458.52467499999995
174077057686.0 461.88962799999996
174436919050.0 458.52467499999995
174669661154.0 517.972178
174700155658.0 417.02358799999996
175278277898.0 422.63184299999995
177958137973.0 468.61953399999993
178912502113.0 497.78246
179125765575.0 421.51019199999996
179205396915.0 531.4319899999999
179661202224.0 436.09165499999995
180038276585.0 454.03807099999995
180652612636.0 390.10396399999996
180913146771.0 428.240098
181428794222.0 482.079346
181773607083.0 418.14523899999995
182105595881.0 451.794769
182386887383.0 467.49788299999994
185179757673.0 405.80707799999993
185202789883.0 356.454434
185638230130.0 393.468917
186156853647.0 446.186514
186262904731.0 386.73901099999995
186557411148.0 450.67311799999993
186565164545.0 436.09165499999995
186708779926.0 424.875145
187381957252.0 446.186514
187888581624.0 422.63184299999995
188548295814.0 415.901937
188743933981.0 376.64415199999996
188956789688.0 456.281373
189176111611.0 456.281373
189740485088.0 456.281373
190261273761.0 409.17203099999995
190812954789.0 410.293682
190993404980.0 424.875145
191231051952.0 433.848353
191334710627.0 442.821561
191878414463.0 452.91641999999996
192369746033.0 521.337131
192951981372.0 436.09165499999995
193564336098.0 511.24227199999996
194138270126.0 445.06486299999995
194290629017.0 439.45660799999996
194843189473.0 498.90411099999994
195083324846.0 405.80707799999993
195140765153.0 480.95769499999994
195863456922.0 438.334957
196588004766.0 442.821561
197837065760.0 455.159722
197839398835.0 371.035897
198049610912.0 436.09165499999995
198216924214.0 465.254581
198602228285.0 526.945386
198927555651.0 415.901937
199257930021.0 388.982313
199850748122.0 437.213306
199885898778.0 517.972178
200569160629.0 441.69990999999993
201026344285.0 441.69990999999993
201129213011.0 391.22561499999995
201430569632.0 446.186514
202102598235.0 486.56594999999993
203097627937.0 368.79259499999995
204494227171.0 506.7556679999999
204718955901.0 463.01127899999994
204725275479.0 484.32264799999996
204842270557.0 511.24227199999996
205553052796.0 358.69773599999996
205888639001.0 382.25240699999995
206332968178.0 445.06486299999995
207051584837.0 427.11844699999995
207090075518.0 400.19882299999995
207399198812.0 478.714393
208227472670.0 425.99679599999996
208264325680.0 434.97000399999996
208488986596.0 423.75349399999993
208711109525.0 421.51019199999996
209244252398.0 489.93090299999994
210258690613.0 408.05037999999996
210545852506.0 438.334957
210721282546.0 470.86283599999996
210988044433.0 425.99679599999996
211084893554.0 456.281373
211223695111.0 471.98448699999994
211307723384.0 414.78028599999993
211313688666.0 414.78028599999993
211391931248.0 321.683253
211737600651.0 488.80925199999996
212257724157.0 447.308165
212883728634.0 437.213306
213429587065.0 493.29585599999996
213693459230.0 445.06486299999995
213781187114.0 452.91641999999996
213795707207.0 487.687601
214758321538.0 544.891802
214996541789.0 378.88745399999993
215643417759.0 406.928729
216379131228.0 438.334957
217340517359.0 449.55146699999995
218308260509.0 498.90411099999994
218561179815.0 493.29585599999996
218958355385.0 460.767977
219578673777.0 470.86283599999996
220072363974.0 483.200997
220728833395.0 391.22561499999995
220993016139.0 438.334957
222143241023.0 393.468917
223791521730.0 505.634017
224128110425.0 468.61953399999993
224310679648.0 408.05037999999996
224441983833.0 400.19882299999995
224589995118.0 439.45660799999996
224706715664.0 511.24227199999996
226014602807.0 447.308165
226092070945.0 465.254581
226481576705.0 415.901937
227055028383.0 447.308165
227567996029.0 408.05037999999996
227695747480.0 513.4855739999999
228039948376.0 474.227789
228512899268.0 460.767977
228542694633.0 358.69773599999996
229755838086.0 404.68542699999995
229904720944.0 391.22561499999995
231153020770.0 526.945386
231613160980.0 412.53698399999996
231630710179.0 493.29585599999996
232100981915.0 500.025762
232870972729.0 427.11844699999995
233697826386.0 433.848353
234096258506.0 483.200997
234511115519.0 368.79259499999995
235875631324.0 397.955521
236819652846.0 356.454434
237033241510.0 339.629669
237402507070.0 412.53698399999996
238408297436.0 540.4051979999999
238877727780.0 439.45660799999996
238998803963.0 428.240098
239195508345.0 413.65863499999995
239606716262.0 503.390715
241027428205.0 402.442125
241253089766.0 506.7556679999999
241587641798.0 427.11844699999995
241950159361.0 425.99679599999996
242604498010.0 434.97000399999996
243290808325.0 442.821561
243495483212.0 386.73901099999995
243602696178.0 406.928729
243748151979.0 484.32264799999996
244192737632.0 427.11844699999995
244743425007.0 375.522501
245390059054.0 458.52467499999995
245638820812.0 474.227789
245889962949.0 397.955521
246116926667.0 434.97000399999996
246154252113.0 419.26689
246725194613.0 390.10396399999996
247134986368.0 528.0670369999999
248257984719.0 368.79259499999995
248267545211.0 406.928729
248288581466.0 406.928729
249137111823.0 441.69990999999993
250651209919.0 387.86066199999993
252005259311.0 405.80707799999993
252822700581.0 397.955521
254724981814.0 386.73901099999995
254993927983.0 356.454434
255026323997.0 421.51019199999996
255303685763.0 423.75349399999993
255708866530.0 387.86066199999993
255730605829.0 450.67311799999993
255865016139.0 417.02358799999996
256247117806.0 447.308165
256877849983.0 429.361749
257281267647.0 525.8237349999999
257380537983.0 467.49788299999994
257382855986.0 380.009105
257967804514.0 413.65863499999995
258376661443.0 465.254581
258515565714.0 422.63184299999995
258914091626.0 380.009105
259243437436.0 439.45660799999996
260507923912.0 436.09165499999995
260617332351.0 386.73901099999995
261035136174.0 418.14523899999995
261041679452.0 337.38636699999995
262019339449.0 387.86066199999993
262835278994.0 450.67311799999993
263396664819.0 334.02141399999994
263766318751.0 478.714393
265214945350.0 465.254581
265374363446.0 482.079346
266278057005.0 464.13293
266315747435.0 447.308165
266571093974.0 497.78246
267618109582.0 465.254581
268848134544.0 375.522501
268982503412.0 455.159722
269316508970.0 449.55146699999995
269831664501.0 502.26906399999996
270021925358.0 415.901937
270211200534.0 437.213306
270365826209.0 390.10396399999996
271187721185.0 447.308165
271301834698.0 424.875145
271414378720.0 362.062689
272650493793.0 424.875145
272978930910.0 476.47109099999994
272998629077.0 508.99897
273241546190.0 436.09165499999995
273465156062.0 427.11844699999995
273872836790.0 425.99679599999996
274725936353.0 482.079346
274927166467.0 384.495709
275420077239.0 508.99897
275547446874.0 424.875145
275833501338.0 529.188688
276408616415.0 489.93090299999994
277116471963.0 411.415333
277419139630.0 400.19882299999995
277811610282.0 494.417507
278109467944.0 469.741185
278574817320.0 384.495709
278686811020.0 411.415333
282000872863.0 446.186514
282573983068.0 386.73901099999995
283179377378.0 364.30599099999995
284358757164.0 412.53698399999996
284649689521.0 384.495709
284760297425.0 515.728876
285007364395.0 452.91641999999996
285369176780.0 422.63184299999995
285638514012.0 404.68542699999995
286863542029.0 510.1206209999999
287162682279.0 399.07717199999996
288023035828.0 388.982313
290327358410.0 445.06486299999995
291650693439.0 454.03807099999995
293516342691.0 401.320474
293807715029.0 423.75349399999993
294784803079.0 498.90411099999994
295188917577.0 470.86283599999996
