1289792275.0 412.53698399999996
1397501672.0 427.11844699999995
1801348961.0 446.186514
2611731485.0 442.821561
3547643165.0 440.57825899999995
3624885828.0 432.72670199999993
3748137488.0 455.159722
4032882929.0 376.64415199999996
5341931889.0 423.75349399999993
5571933932.0 406.928729
5823176519.0 402.442125
6379128049.0 429.361749
6449958746.0 424.875145
6581230579.0 411.415333
6645404484.0 437.213306
6685882300.0 366.549293
7107452182.0 417.02358799999996
7302626514.0 347.481226
7968974138.0 427.11844699999995
8084223173.0 394.59056799999996
8163798298.0 394.59056799999996
8445393187.0 403.56377599999996
8538446229.0 377.76580299999995
8540250427.0 393.468917
9101330167.0 358.69773599999996
9782165485.0 434.97000399999996
10366361743.0 410.293682
10586538470.0 413.65863499999995
10662557964.0 340.75131999999996
10922596746.0 417.02358799999996
11684273824.0 406.928729
12292022958.0 415.901937
12303758616.0 384.495709
12710731023.0 401.320474
12880863360.0 401.320474
12884090556.0 430.48339999999996
13315620391.0 440.57825899999995
13988913829.0 362.062689
14417403624.0 401.320474
14743429047.0 367.67094399999996
14968248051.0 410.293682
14972812114.0 388.982313
14997902858.0 367.67094399999996
15729221287.0 386.73901099999995
15729365825.0 437.213306
15926966282.0 393.468917
15960505346.0 431.60505099999995
16359353666.0 404.68542699999995
17714168684.0 428.240098
18099073235.0 410.293682
18687218077.0 384.495709
21394164544.0 367.67094399999996
21576178358.0 424.875145
22616167972.0 387.86066199999993
22948336753.0 409.17203099999995
22991308679.0 351.96782999999994
23436764476.0 445.06486299999995
23652342234.0 423.75349399999993
23728532342.0 393.468917
24086918213.0 423.75349399999993
24256100570.0 415.901937
25303617187.0 360.94103799999993
25409338671.0 438.334957
25645438340.0 394.59056799999996
25813762972.0 368.79259499999995
25863184489.0 386.73901099999995
26286061163.0 418.14523899999995
27864409144.0 400.19882299999995
27899454769.0 390.10396399999996
27938410456.0 451.794769
29662188346.0 418.14523899999995
30338134125.0 402.442125
30510727520.0 457.40302399999996
30563272255.0 351.96782999999994
30918043696.0 365.427642
31154480246.0 387.86066199999993
31189691245.0 401.320474
31627562077.0 385.61735999999996
31950345773.0 403.56377599999996
32226461409.0 430.48339999999996
32505389596.0 377.76580299999995
33701259907.0 369.91424599999993
34040805914.0 419.26689
34057265051.0 414.78028599999993
34312285508.0 417.02358799999996
34398253446.0 341.87297099999995
34492782935.0 396.83386999999993
35981361270.0 431.60505099999995
37558908353.0 348.602877
37643979042.0 424.875145
38467041480.0 406.928729
38530518024.0 395.71221899999995
38575311334.0 374.40085
39140549040.0 401.320474
39665789207.0 403.56377599999996
40095239589.0 383.374058
41243670847.0 402.442125
41320348516.0 399.07717199999996
41655810691.0 414.78028599999993
41980237238.0 411.415333
43211651816.0 433.848353
44197737638.0 412.53698399999996
44467586073.0 341.87297099999995
44696438899.0 437.213306
45542858478.0 400.19882299999995
45579826153.0 406.928729
46224643015.0 395.71221899999995
46637508126.0 397.955521
47608676841.0 390.10396399999996
48036692430.0 428.240098
48633564449.0 455.159722
49201593750.0 364.30599099999995
49528858610.0 412.53698399999996
49742259539.0 408.05037999999996
49877956320.0 395.71221899999995
49976301480.0 359.81938699999995
51054493888.0 425.99679599999996
51771357234.0 400.19882299999995
52006431190.0 414.78028599999993
52262009867.0 421.51019199999996
52541244378.0 403.56377599999996
52837140565.0 412.53698399999996
52872695151.0 457.40302399999996
53235037011.0 380.009105
53378445088.0 397.955521
53759084677.0 450.67311799999993
54326379686.0 399.07717199999996
55039043417.0 377.76580299999995
55345717054.0 387.86066199999993
55368878690.0 404.68542699999995
55474938128.0 419.26689
55584811776.0 409.17203099999995
56233972437.0 383.374058
57628987002.0 391.22561499999995
57974122231.0 345.23792399999996
58130216405.0 399.07717199999996
58272599091.0 406.928729
58283572812.0 428.240098
58396379451.0 340.75131999999996
59455092007.0 411.415333
59735312159.0 359.81938699999995
60075182509.0 443.94321199999996
60090150482.0 355.33278299999995
60303457265.0 397.955521
60402027257.0 436.09165499999995
60923896479.0 397.955521
61113342342.0 434.97000399999996
61841302220.0 405.80707799999993
62090915137.0 406.928729
62183264876.0 387.86066199999993
63582836556.0 419.26689
63930850455.0 374.40085
64260849464.0 449.55146699999995
64966403126.0 412.53698399999996
65211150313.0 414.78028599999993
65471418223.0 442.821561
65530005010.0 387.86066199999993
65955297569.0 396.83386999999993
65984206458.0 425.99679599999996
66387559326.0 380.009105
66939768540.0 360.94103799999993
67305457576.0 418.14523899999995
67556924446.0 439.45660799999996
68128704744.0 411.415333
68856982881.0 419.26689
68908645165.0 345.23792399999996
69167741744.0 386.73901099999995
69359112798.0 455.159722
69402367282.0 382.25240699999995
69581355213.0 417.02358799999996
70058105703.0 393.468917
70062060338.0 373.27919899999995
70533156020.0 409.17203099999995
70689852497.0 374.40085
70740928844.0 429.361749
70891032135.0 419.26689
71300702413.0 382.25240699999995
71822621096.0 404.68542699999995
72755817789.0 373.27919899999995
73082234157.0 430.48339999999996
73355887176.0 360.94103799999993
73718236542.0 415.901937
73999714660.0 403.56377599999996
75613248875.0 387.86066199999993
75615550857.0 400.19882299999995
75936184187.0 409.17203099999995
75977291337.0 427.11844699999995
76201511455.0 412.53698399999996
76231165634.0 455.159722
76416603910.0 440.57825899999995
76423006525.0 419.26689
76500085634.0 405.80707799999993
76929386208.0 396.83386999999993
77828276284.0 400.19882299999995
78134583005.0 404.68542699999995
78519175255.0 432.72670199999993
78966422184.0 384.495709
79256300374.0 404.68542699999995
79685864524.0 369.91424599999993
79864172332.0 393.468917
79997243418.0 403.56377599999996
80869426570.0 349.72452799999996
80924461623.0 390.10396399999996
81439872519.0 428.240098
81530651935.0 423.75349399999993
81573059825.0 409.17203099999995
81640794455.0 420.388541
82142445439.0 448.42981599999996
83130876003.0 400.19882299999995
83675207081.0 397.955521
83914380074.0 393.468917
84198732048.0 392.347266
85386566538.0 420.388541
86465223057.0 392.347266
86739363230.0 406.928729
86814655476.0 432.72670199999993
88507208756.0 380.009105
90056278754.0 413.65863499999995
91532179726.0 360.94103799999993
91674672984.0 380.009105
92437872416.0 412.53698399999996
92888520062.0 394.59056799999996
93258301856.0 411.415333
93595806670.0 402.442125
93701514851.0 400.19882299999995
93936897111.0 446.186514
94552281981.0 411.415333
95096787229.0 439.45660799999996
95352756515.0 378.88745399999993
96276884386.0 392.347266
96472974632.0 365.427642
96952976298.0 345.23792399999996
97149206256.0 390.10396399999996
98050792530.0 414.78028599999993
98056945094.0 393.468917
98442623864.0 431.60505099999995
98542462833.0 417.02358799999996
98568512498.0 406.928729
98767730914.0 417.02358799999996
99119690738.0 425.99679599999996
99353401506.0 348.602877
99388642625.0 362.062689
99523816596.0 399.07717199999996
99837431319.0 414.78028599999993
100804964071.0 415.901937
100858362944.0 338.508018
101150521474.0 404.68542699999995
101760273870.0 394.59056799999996
102440038999.0 406.928729
102536724583.0 430.48339999999996
102546953185.0 428.240098
102697453486.0 439.45660799999996
102801871120.0 438.334957
103158617889.0 380.009105
103668062110.0 432.72670199999993
103799222734.0 388.982313
104345794801.0 395.71221899999995
105133130391.0 425.99679599999996
107548456064.0 409.17203099999995
107576650284.0 402.442125
108056302939.0 415.901937
108564783951.0 419.26689
108773501043.0 412.53698399999996
109013866041.0 394.59056799999996
110243353102.0 438.334957
110844029014.0 434.97000399999996
111129166123.0 399.07717199999996
112366905657.0 405.80707799999993
112584340160.0 428.240098
112590966265.0 423.75349399999993
114036069208.0 400.19882299999995
114648951914.0 393.468917
114739303337.0 406.928729
114790641600.0 394.59056799999996
115274854608.0 344.116273
115472686158.0 403.56377599999996
116455677380.0 408.05037999999996
117957463930.0 371.035897
118325946646.0 423.75349399999993
118974449184.0 415.901937
119254793246.0 433.848353
119611887892.0 356.454434
119622916056.0 414.78028599999993
119995546334.0 421.51019199999996
120100508650.0 420.388541
120446103269.0 403.56377599999996
120903511798.0 388.982313
121512012102.0 414.78028599999993
121776877367.0 378.88745399999993
122016259389.0 392.347266
122595193817.0 403.56377599999996
122866413444.0 385.61735999999996
123424088845.0 397.955521
124248982110.0 347.481226
124659702616.0 421.51019199999996
125067991673.0 405.80707799999993
125117370460.0 408.05037999999996
125290611970.0 401.320474
126611543095.0 433.848353
126843278671.0 387.86066199999993
127083660720.0 387.86066199999993
127385949846.0 384.495709
127395807076.0 397.955521
127778948910.0 438.334957
128273409920.0 428.240098
130485624386.0 437.213306
130629218407.0 388.982313
131060113185.0 433.848353
131279135178.0 408.05037999999996
131858048755.0 403.56377599999996
132155109276.0 351.96782999999994
132399905559.0 402.442125
132574234267.0 396.83386999999993
132618301462.0 404.68542699999995
132865331910.0 338.508018
133252146162.0 386.73901099999995
133391434869.0 358.69773599999996
133747315306.0 431.60505099999995
133870996933.0 401.320474
133995584549.0 413.65863499999995
134806295493.0 355.33278299999995
135355867616.0 385.61735999999996
137152817166.0 365.427642
138061447098.0 420.388541
138512328030.0 433.848353
138705195213.0 422.63184299999995
139087487077.0 430.48339999999996
139963925244.0 363.18433999999996
140730709910.0 403.56377599999996
140763064059.0 417.02358799999996
140853993749.0 400.19882299999995
141022885208.0 342.99462199999994
141573515241.0 394.59056799999996
142038843006.0 382.25240699999995
143083972798.0 354.21113199999996
143176641605.0 410.293682
143609398401.0 427.11844699999995
143685155686.0 402.442125
144076889093.0 397.955521
144407336320.0 345.23792399999996
144786832424.0 349.72452799999996
145617733312.0 393.468917
146406795051.0 455.159722
146630341128.0 346.35957499999995
146642016941.0 392.347266
147047294263.0 409.17203099999995
147178452087.0 339.629669
147223723043.0 381.13075599999996
147311511255.0 405.80707799999993
147321624363.0 340.75131999999996
147647222346.0 420.388541
147858732224.0 418.14523899999995
148411648266.0 421.51019199999996
149610182843.0 403.56377599999996
150448704399.0 394.59056799999996
150470110979.0 418.14523899999995
150533411530.0 378.88745399999993
151000319044.0 443.94321199999996
151769957921.0 417.02358799999996
152082004183.0 349.72452799999996
152616041245.0 380.009105
152679639891.0 409.17203099999995
153153294125.0 409.17203099999995
153618246469.0 392.347266
153901597192.0 411.415333
154292012486.0 449.55146699999995
154394126060.0 428.240098
154706727600.0 349.72452799999996
154786241587.0 373.27919899999995
155166892655.0 411.415333
155948710332.0 445.06486299999995
156742501419.0 408.05037999999996
156943083307.0 377.76580299999995
156944259184.0 425.99679599999996
156968468267.0 406.928729
157262203933.0 404.68542699999995
157472854370.0 433.848353
157605372742.0 402.442125
158908069692.0 399.07717199999996
159004181548.0 427.11844699999995
159478997771.0 411.415333
159574475615.0 394.59056799999996
160045557708.0 358.69773599999996
160236801206.0 362.062689
160316842708.0 424.875145
160627390304.0 450.67311799999993
160804255918.0 368.79259499999995
161401629792.0 383.374058
161530406838.0 402.442125
161733840226.0 390.10396399999996
161903184989.0 432.72670199999993
162263744779.0 372.15754799999996
162335819232.0 399.07717199999996
162405552774.0 443.94321199999996
163087808177.0 394.59056799999996
163457613108.0 417.02358799999996
163914226637.0 414.78028599999993
164733092756.0 440.57825899999995
165858195892.0 404.68542699999995
166095424524.0 415.901937
166229576186.0 399.07717199999996
166405067570.0 378.88745399999993
167067848703.0 409.17203099999995
167231079417.0 351.96782999999994
167241486805.0 396.83386999999993
167908930436.0 375.522501
168621725807.0 345.23792399999996
168632007481.0 402.442125
169435371465.0 438.334957
169468558609.0 440.57825899999995
169642723024.0 392.347266
169765735762.0 388.982313
169974517988.0 413.65863499999995
170090463588.0 430.48339999999996
170327935280.0 399.07717199999996
170445327460.0 417.02358799999996
170496289736.0 353.089481
171006084927.0 342.99462199999994
171326189676.0 418.14523899999995
171392905071.0 394.59056799999996
171539177294.0 396.83386999999993
171735596260.0 387.86066199999993
171904288683.0 436.09165499999995
172016308200.0 411.415333
172538988481.0 402.442125
172676220732.0 390.10396399999996
173326965956.0 445.06486299999995
173937677322.0 390.10396399999996
174097260823.0 367.67094399999996
174161081984.0 423.75349399999993
174602898851.0 421.51019199999996
174658935350.0 386.73901099999995
176082015021.0 449.55146699999995
176693542629.0 396.83386999999993
176720452351.0 450.67311799999993
176989487741.0 388.982313
177027945666.0 414.78028599999993
177517189650.0 381.13075599999996
178359383308.0 390.10396399999996
178483838972.0 384.495709
178691002504.0 433.848353
178696816874.0 366.549293
178902192303.0 386.73901099999995
180522649263.0 388.982313
180925814026.0 433.848353
181233754235.0 443.94321199999996
181568868767.0 452.91641999999996
