3004184032.0 455.159722
3540417251.0 424.875145
3595061520.0 493.29585599999996
3930046241.0 397.955521
4122611020.0 317.196649
4125288188.0 377.76580299999995
4336371222.0 467.49788299999994
4602175151.0 440.57825899999995
5429488777.0 346.35957499999995
5522834197.0 406.928729
5968591778.0 467.49788299999994
6143330864.0 323.92655499999995
6463778110.0 365.427642
6684957514.0 401.320474
7218919765.0 446.186514
8260925244.0 396.83386999999993
8783472594.0 423.75349399999993
11455829148.0 393.468917
11509165635.0 411.415333
11612866048.0 371.035897
12190527320.0 354.21113199999996
12265331192.0 425.99679599999996
12356326241.0 474.227789
12366081267.0 423.75349399999993
13544781081.0 456.281373
13718592554.0 409.17203099999995
14109985556.0 421.51019199999996
14450044230.0 360.94103799999993
14481002146.0 400.19882299999995
14856135148.0 334.02141399999994
15722655530.0 335.143065
15784049202.0 307.10178999999994
15797384460.0 381.13075599999996
15942959471.0 415.901937
16418452553.0 396.83386999999993
16971709186.0 431.60505099999995
17356817290.0 415.901937
17522576994.0 413.65863499999995
17630522955.0 422.63184299999995
17702703564.0 372.15754799999996
17893038400.0 445.06486299999995
20374321898.0 393.468917
20694420278.0 424.875145
20759561857.0 394.59056799999996
21345055929.0 375.522501
21855518396.0 436.09165499999995
22248827338.0 474.227789
22383566264.0 410.293682
22459135986.0 378.88745399999993
22612990800.0 447.308165
22783646301.0 365.427642
22830769165.0 378.88745399999993
23098984173.0 364.30599099999995
23147326688.0 399.07717199999996
23657116783.0 391.22561499999995
24241436947.0 402.442125
25980701523.0 445.06486299999995
26269767974.0 454.03807099999995
26397640503.0 390.10396399999996
27002272353.0 373.27919899999995
27156158132.0 332.89976299999995
28182880391.0 445.06486299999995
28274681301.0 329.53481
28399917045.0 412.53698399999996
28541988834.0 341.87297099999995
29124879936.0 374.40085
30504828009.0 415.901937
30800435726.0 381.13075599999996
31035520841.0 363.18433999999996
31206678272.0 309.34509199999997
32656565985.0 461.88962799999996
32740348970.0 422.63184299999995
32815406039.0 419.26689
33299486821.0 418.14523899999995
33646648833.0 421.51019199999996
34426000763.0 340.75131999999996
34702488434.0 428.240098
34968482895.0 442.821561
35454173571.0 347.481226
36863531703.0 451.794769
37007743341.0 411.415333
37098969859.0 402.442125
37857282981.0 376.64415199999996
38048522991.0 319.43995099999995
38071996376.0 467.49788299999994
38085184281.0 434.97000399999996
38091234132.0 383.374058
38147571826.0 384.495709
38852647763.0 393.468917
39907580979.0 372.15754799999996
40152748064.0 308.223441
40463956804.0 458.52467499999995
40546879362.0 430.48339999999996
40934340671.0 477.59274199999993
41740216293.0 420.388541
41953000254.0 500.025762
43832819306.0 399.07717199999996
44013478086.0 359.81938699999995
44286593519.0 452.91641999999996
45541741648.0 346.35957499999995
48257499687.0 409.17203099999995
48592930574.0 460.767977
49484117798.0 393.468917
49497410930.0 369.91424599999993
49506089518.0 367.67094399999996
49610505462.0 393.468917
51083535571.0 359.81938699999995
52627532729.0 414.78028599999993
52802788150.0 414.78028599999993
52894446589.0 394.59056799999996
52945931035.0 500.025762
53130377051.0 457.40302399999996
54360504007.0 412.53698399999996
54647417305.0 366.549293
54981193352.0 383.374058
55007826214.0 396.83386999999993
55362433621.0 432.72670199999993
55739421327.0 396.83386999999993
55849218455.0 350.84617899999995
56108206263.0 354.21113199999996
56163151539.0 366.549293
56299186912.0 429.361749
56426653913.0 431.60505099999995
56754930717.0 439.45660799999996
57211387036.0 355.33278299999995
57268547417.0 374.40085
58450916788.0 399.07717199999996
59589065109.0 397.955521
59686715933.0 417.02358799999996
60058574569.0 429.361749
61868293749.0 427.11844699999995
62449709048.0 405.80707799999993
63293848370.0 387.86066199999993
63723880324.0 450.67311799999993
64659645269.0 372.15754799999996
66006481613.0 349.72452799999996
66032591070.0 427.11844699999995
67642007564.0 450.67311799999993
68037319751.0 441.69990999999993
68323325222.0 443.94321199999996
69126374931.0 375.522501
69154856501.0 494.417507
69243606395.0 408.05037999999996
69345179881.0 339.629669
69507294587.0 371.035897
69863347245.0 373.27919899999995
71218014214.0 405.80707799999993
71488859930.0 399.07717199999996
71731873161.0 438.334957
72000637828.0 385.61735999999996
72973448542.0 363.18433999999996
73058662266.0 421.51019199999996
73751549427.0 403.56377599999996
73794816214.0 351.96782999999994
74135985651.0 397.955521
74151061034.0 415.901937
76555588999.0 381.13075599999996
77095200203.0 419.26689
77101890556.0 380.009105
80721394369.0 327.29150799999996
82501185301.0 430.48339999999996
83467957816.0 431.60505099999995
84186801295.0 357.576085
84846837859.0 455.159722
85101592356.0 449.55146699999995
86328118326.0 393.468917
87601875011.0 471.98448699999994
87623770493.0 387.86066199999993
88003392042.0 382.25240699999995
88368679445.0 399.07717199999996
88931794066.0 434.97000399999996
89270827233.0 353.089481
89363784920.0 429.361749
90820551951.0 386.73901099999995
91425095298.0 432.72670199999993
91916559402.0 436.09165499999995
92105178824.0 425.99679599999996
92392315848.0 434.97000399999996
94071983660.0 290.277025
94985689575.0 427.11844699999995
95065818066.0 351.96782999999994
95585332711.0 427.11844699999995
95858942992.0 355.33278299999995
97608518351.0 418.14523899999995
99428729059.0 391.22561499999995
101664091751.0 402.442125
102015562048.0 441.69990999999993
102196031984.0 457.40302399999996
102909656852.0 390.10396399999996
103523478065.0 430.48339999999996
103875747811.0 359.81938699999995
104258685661.0 432.72670199999993
105099537512.0 433.848353
105587307409.0 350.84617899999995
105685411123.0 298.12858199999994
105861544817.0 432.72670199999993
106716674519.0 380.009105
107403185027.0 367.67094399999996
107965194179.0 399.07717199999996
109591301010.0 410.293682
109596638722.0 442.821561
109662069695.0 380.009105
109956286448.0 418.14523899999995
110357365086.0 354.21113199999996
111027240990.0 456.281373
111230805713.0 443.94321199999996
112279424292.0 433.848353
113293015471.0 374.40085
113472161596.0 378.88745399999993
113844649942.0 309.34509199999997
114363244643.0 328.41315899999995
115250871153.0 409.17203099999995
116035881766.0 382.25240699999995
116501261229.0 300.37188399999997
117169885290.0 430.48339999999996
117425504255.0 349.72452799999996
117709512109.0 429.361749
118563926995.0 445.06486299999995
119402879330.0 395.71221899999995
119668638685.0 394.59056799999996
122221181431.0 438.334957
123692749981.0 394.59056799999996
123790777736.0 454.03807099999995
124217986723.0 412.53698399999996
124730625366.0 318.31829999999997
125638707394.0 388.982313
128090764749.0 355.33278299999995
129004414849.0 430.48339999999996
129036392021.0 400.19882299999995
129496720018.0 421.51019199999996
129538224695.0 342.99462199999994
129582593430.0 366.549293
130027498514.0 423.75349399999993
130969568483.0 336.26471599999996
131003740426.0 418.14523899999995
131347050089.0 441.69990999999993
131437137076.0 489.93090299999994
131540841826.0 471.98448699999994
132084413840.0 438.334957
132589544891.0 413.65863499999995
132763972827.0 441.69990999999993
134101399604.0 411.415333
134105868517.0 375.522501
134799781852.0 381.13075599999996
135486460330.0 424.875145
135970424843.0 429.361749
136574595322.0 414.78028599999993
136728277557.0 441.69990999999993
137100905287.0 374.40085
137593811025.0 380.009105
138281671444.0 452.91641999999996
139320229682.0 393.468917
139515417957.0 357.576085
139923121807.0 411.415333
141111171541.0 332.89976299999995
141651119942.0 380.009105
141995302924.0 351.96782999999994
142107967931.0 406.928729
142181471503.0 399.07717199999996
142405668864.0 368.79259499999995
142485331377.0 337.38636699999995
143569425787.0 395.71221899999995
144109255831.0 466.37623199999996
145216671633.0 363.18433999999996
145274915159.0 478.714393
146039766984.0 442.821561
146274773336.0 377.76580299999995
146378262860.0 377.76580299999995
146507782336.0 405.80707799999993
146654854243.0 375.522501
147501168473.0 345.23792399999996
147904469014.0 419.26689
148161774338.0 399.07717199999996
148699600344.0 400.19882299999995
149717436090.0 375.522501
151048120018.0 366.549293
151515899127.0 404.68542699999995
151751278439.0 507.87731899999994
153151670399.0 319.43995099999995
153207754402.0 405.80707799999993
153904519915.0 363.18433999999996
154820784945.0 394.59056799999996
154822249615.0 396.83386999999993
155426703218.0 425.99679599999996
155531195012.0 410.293682
155628966974.0 325.04820599999994
155879217331.0 463.01127899999994
156006514615.0 458.52467499999995
156160083204.0 436.09165499999995
156592977373.0 431.60505099999995
156630818712.0 399.07717199999996
157011899150.0 478.714393
157257018777.0 400.19882299999995
159233311351.0 418.14523899999995
159366787279.0 402.442125
160052342910.0 451.794769
160473033278.0 371.035897
161020129474.0 345.23792399999996
161253299411.0 298.12858199999994
161255313560.0 420.388541
161423125126.0 377.76580299999995
161621174402.0 478.714393
162569899387.0 450.67311799999993
163077606579.0 451.794769
164319023067.0 334.02141399999994
164821673199.0 409.17203099999995
164826055811.0 436.09165499999995
166403542484.0 396.83386999999993
166741338873.0 312.710045
166878674320.0 400.19882299999995
166900760704.0 445.06486299999995
167000179656.0 394.59056799999996
167481097098.0 368.79259499999995
167857267851.0 388.982313
167954502957.0 367.67094399999996
168070537225.0 484.32264799999996
168084878819.0 371.035897
169189904856.0 362.062689
169263366089.0 423.75349399999993
169554690615.0 391.22561499999995
169659257835.0 409.17203099999995
170148112055.0 386.73901099999995
170820703195.0 394.59056799999996
171712186235.0 367.67094399999996
172665673061.0 373.27919899999995
172900774897.0 392.347266
172954317638.0 459.64632599999993
173049296407.0 368.79259499999995
173861421249.0 413.65863499999995
174453384114.0 397.955521
175208433747.0 350.84617899999995
175784155481.0 401.320474
176955750091.0 371.035897
177288566573.0 430.48339999999996
178558860563.0 384.495709
179015153586.0 349.72452799999996
179299769718.0 351.96782999999994
180386267722.0 473.106138
180464928985.0 463.01127899999994
181193799071.0 432.72670199999993
181442206159.0 366.549293
181820664903.0 351.96782999999994
182076590360.0 420.388541
182857247348.0 467.49788299999994
183588327510.0 385.61735999999996
183882420145.0 402.442125
184181714873.0 363.18433999999996
184556522212.0 429.361749
184662534802.0 388.982313
184877543350.0 395.71221899999995
184945397797.0 381.13075599999996
185915190409.0 443.94321199999996
185956506697.0 454.03807099999995
186159164348.0 372.15754799999996
187125810104.0 367.67094399999996
188014979542.0 349.72452799999996
188615660564.0 397.955521
188672647962.0 418.14523899999995
189355817334.0 365.427642
190072332670.0 328.41315899999995
190234759143.0 413.65863499999995
191502369916.0 360.94103799999993
191928641308.0 350.84617899999995
191938503245.0 335.143065
191963130096.0 415.901937
192034996703.0 385.61735999999996
192666335654.0 418.14523899999995
193235907394.0 384.495709
194995221304.0 442.821561
195381067235.0 356.454434
195617213579.0 414.78028599999993
196587510759.0 419.26689
196701989500.0 421.51019199999996
197616983726.0 388.982313
198056072469.0 405.80707799999993
198700643988.0 396.83386999999993
199188790670.0 325.04820599999994
199531482824.0 411.415333
199778358870.0 349.72452799999996
199870302030.0 369.91424599999993
200019683254.0 365.427642
200688961668.0 325.04820599999994
200883730194.0 369.91424599999993
201054162540.0 395.71221899999995
201348688712.0 413.65863499999995
201433038288.0 400.19882299999995
201469711197.0 401.320474
201815294002.0 384.495709
202535830647.0 392.347266
203189443996.0 450.67311799999993
203338941081.0 308.223441
203896629916.0 439.45660799999996
204698097816.0 293.641978
205175075959.0 419.26689
205812338608.0 430.48339999999996
206567645089.0 399.07717199999996
206625163321.0 421.51019199999996
206945366494.0 326.169857
207002053488.0 384.495709
207073323757.0 396.83386999999993
207192280685.0 359.81938699999995
207387680772.0 421.51019199999996
208545346946.0 446.186514
208813936749.0 339.629669
209263781579.0 367.67094399999996
209983787013.0 450.67311799999993
210406610329.0 424.875145
210526272977.0 413.65863499999995
211941606934.0 477.59274199999993
211995284782.0 463.01127899999994
213022800845.0 392.347266
213095586179.0 303.736837
213132212756.0 451.794769
213188068368.0 480.95769499999994
213321291225.0 373.27919899999995
213529674771.0 377.76580299999995
214959148118.0 485.44429899999994
216087290487.0 436.09165499999995
216897455273.0 431.60505099999995
217254180568.0 429.361749
218271095088.0 349.72452799999996
218675998397.0 417.02358799999996
219619083059.0 432.72670199999993
220070564670.0 357.576085
220344175838.0 356.454434
221309111283.0 428.240098
222278210035.0 422.63184299999995
222452048922.0 381.13075599999996
222609553105.0 402.442125
222832376708.0 433.848353
223538406999.0 429.361749
223907219024.0 408.05037999999996
224338799299.0 505.634017
224448413298.0 411.415333
224487932935.0 456.281373
225167096247.0 397.955521
226952067608.0 350.84617899999995
227234712573.0 439.45660799999996
227654600736.0 450.67311799999993
228526203229.0 400.19882299999995
228718123072.0 402.442125
228732205721.0 466.37623199999996
229053501001.0 424.875145
229167494831.0 375.522501
229218597389.0 390.10396399999996
229286338101.0 433.848353
229872507506.0 357.576085
230370106903.0 433.848353
231060614744.0 373.27919899999995
231340105864.0 409.17203099999995
232047328166.0 410.293682
233516659872.0 347.481226
233591022658.0 454.03807099999995
233622578852.0 382.25240699999995
234934085696.0 439.45660799999996
235521754261.0 454.03807099999995
235552737151.0 431.60505099999995
235755575647.0 388.982313
237384634606.0 415.901937
237678425327.0 470.86283599999996
238273110787.0 356.454434
238469624358.0 336.26471599999996
238697488667.0 411.415333
239059815017.0 412.53698399999996
239498535562.0 360.94103799999993
239509012237.0 364.30599099999995
239627447848.0 393.468917
240177602895.0 421.51019199999996
240866194717.0 408.05037999999996
240900343435.0 356.454434
241771944099.0 470.86283599999996
241968588318.0 365.427642
242709731079.0 424.875145
243361183424.0 381.13075599999996
243627080676.0 461.88962799999996
243701253427.0 383.374058
244292571279.0 401.320474
245841318793.0 470.86283599999996
246109570732.0 415.901937
246569021596.0 502.26906399999996
246773945057.0 383.374058
246986296667.0 323.92655499999995
247090354459.0 446.186514
247484978726.0 417.02358799999996
248136701552.0 373.27919899999995
248363285727.0 371.035897
249190543379.0 317.196649
249397024047.0 421.51019199999996
249557684891.0 385.61735999999996
249704314739.0 375.522501
249982209374.0 409.17203099999995
251102917216.0 337.38636699999995
251453851619.0 403.56377599999996
251719268312.0 412.53698399999996
251864314521.0 364.30599099999995
251973167208.0 392.347266
252153459868.0 448.42981599999996
252255924217.0 411.415333
252583312565.0 401.320474
252818796271.0 475.34943999999996
253461684198.0 345.23792399999996
253682346908.0 378.88745399999993
253809949836.0 387.86066199999993
253946812953.0 360.94103799999993
254135283924.0 395.71221899999995
255993205522.0 441.69990999999993
256159205664.0 432.72670199999993
257495777564.0 347.481226
257930084235.0 448.42981599999996
258005939338.0 367.67094399999996
258833858924.0 359.81938699999995
259014451730.0 381.13075599999996
259506018054.0 408.05037999999996
259720837784.0 406.928729
260273770794.0 355.33278299999995
260732126751.0 458.52467499999995
260827702106.0 365.427642
261177432812.0 405.80707799999993
261314248818.0 380.009105
261402956696.0 463.01127899999994
261448943813.0 377.76580299999995
261660184223.0 421.51019199999996
261795185955.0 408.05037999999996
261871755715.0 420.388541
262431080754.0 431.60505099999995
262719676431.0 318.31829999999997
262848574797.0 420.388541
263048551617.0 376.64415199999996
263694944520.0 438.334957
264081086991.0 378.88745399999993
264453467859.0 428.240098
265125119709.0 393.468917
265318228886.0 442.821561
265463585910.0 442.821561
265505422741.0 382.25240699999995
265963081425.0 441.69990999999993
265964924295.0 378.88745399999993
266745291733.0 450.67311799999993
267248030209.0 412.53698399999996
267324924508.0 386.73901099999995
269393741656.0 342.99462199999994
269537190191.0 455.159722
270875117044.0 406.928729
271077448387.0 429.361749
271582922865.0 380.009105
271776456987.0 353.089481
272563866104.0 449.55146699999995
272654009611.0 418.14523899999995
272715484465.0 400.19882299999995
272906231591.0 291.39867599999997
273054098749.0 445.06486299999995
273308175810.0 447.308165
273338454125.0 364.30599099999995
273838282794.0 334.02141399999994
274009665394.0 387.86066199999993
274548382786.0 413.65863499999995
275003980646.0 432.72670199999993
275054427107.0 358.69773599999996
275622099688.0 450.67311799999993
277569711172.0 378.88745399999993
279162083871.0 466.37623199999996
279764398099.0 336.26471599999996
280661002284.0 334.02141399999994
281888428133.0 411.415333
282214847388.0 298.12858199999994
282219277500.0 417.02358799999996
282500695843.0 347.481226
282649654701.0 342.99462199999994
282669416215.0 330.656461
283553147241.0 442.821561
283604427791.0 473.106138
283891171320.0 391.22561499999995
284497526813.0 383.374058
284591931762.0 448.42981599999996
286047538496.0 473.106138
287059413354.0 438.334957
287621758485.0 425.99679599999996
287631386500.0 339.629669
287950889706.0 345.23792399999996
288621566248.0 417.02358799999996
288664593257.0 423.75349399999993
290388150782.0 434.97000399999996
290500782762.0 419.26689
292696642089.0 392.347266
292781178647.0 348.602877
292798385838.0 397.955521
292882787689.0 390.10396399999996
293905196787.0 429.361749
294678840570.0 430.48339999999996
294720839851.0 376.64415199999996
295015319689.0 504.51236599999993
295142536510.0 414.78028599999993
295230808814.0 373.27919899999995
295341551038.0 455.159722
295937849448.0 449.55146699999995
296415753723.0 402.442125
296497962286.0 374.40085
297002635116.0 434.97000399999996
297026304004.0 423.75349399999993
298467917942.0 414.78028599999993
298536724659.0 346.35957499999995
299091113891.0 417.02358799999996
299229977807.0 396.83386999999993
300193940067.0 366.549293
300346465094.0 457.40302399999996
300887467865.0 497.78246
301355330545.0 374.40085
301589899251.0 385.61735999999996
302057532788.0 418.14523899999995
303546515586.0 383.374058
303867349934.0 420.388541
304118790022.0 425.99679599999996
304489026549.0 425.99679599999996
304530737109.0 413.65863499999995
305404067980.0 468.61953399999993
305509804201.0 442.821561
306742092477.0 439.45660799999996
308883965393.0 494.417507
309217460745.0 385.61735999999996
309339132693.0 368.79259499999995
309428419003.0 425.99679599999996
309656637411.0 447.308165
310639554671.0 368.79259499999995
310708949962.0 448.42981599999996
311187601395.0 323.92655499999995
312093034868.0 374.40085
312161847424.0 409.17203099999995
312710897212.0 476.47109099999994
312789866826.0 394.59056799999996
313221525914.0 402.442125
313414697327.0 468.61953399999993
313526193438.0 498.90411099999994
314038169857.0 342.99462199999994
315055154985.0 432.72670199999993
315545094278.0 480.95769499999994
316490405371.0 321.683253
316858347314.0 441.69990999999993
318447152707.0 413.65863499999995
318896050602.0 483.200997
319064906113.0 356.454434
319381258623.0 353.089481
320455388560.0 313.83169599999997
320579256155.0 390.10396399999996
320778052803.0 454.03807099999995
320918302984.0 348.602877
321697088106.0 372.15754799999996
322261244736.0 463.01127899999994
323126104488.0 393.468917
323247758693.0 410.293682
323857628992.0 394.59056799999996
324279840817.0 386.73901099999995
324377482079.0 383.374058
324710977156.0 358.69773599999996
324836330521.0 374.40085
324955307358.0 424.875145
325451604148.0 386.73901099999995
325807280907.0 396.83386999999993
325829319896.0 394.59056799999996
326118137905.0 394.59056799999996
326393317694.0 330.656461
326644956201.0 470.86283599999996
328212695461.0 432.72670199999993
328640865287.0 403.56377599999996
328888800734.0 413.65863499999995
329335107463.0 498.90411099999994
329341966392.0 390.10396399999996
329796747478.0 392.347266
330105484677.0 349.72452799999996
330156926083.0 347.481226
330693222224.0 411.415333
330810822124.0 335.143065
331237953776.0 413.65863499999995
331541874470.0 373.27919899999995
332523949599.0 404.68542699999995
332874455546.0 405.80707799999993
334822328853.0 448.42981599999996
335012181244.0 318.31829999999997
335393066624.0 441.69990999999993
336077458944.0 390.10396399999996
336608348602.0 393.468917
337284633322.0 373.27919899999995
337507230717.0 402.442125
338603095899.0 432.72670199999993
338836183256.0 365.427642
339505753372.0 420.388541
339821806179.0 409.17203099999995
339944165231.0 382.25240699999995
340496450128.0 406.928729
340640226480.0 431.60505099999995
341215026718.0 346.35957499999995
341470714609.0 390.10396399999996
344048043351.0 421.51019199999996
344414035676.0 390.10396399999996
344721458401.0 369.91424599999993
345331649335.0 371.035897
345471708343.0 399.07717199999996
346168444654.0 378.88745399999993
346618519361.0 446.186514
347564574670.0 386.73901099999995
348535624102.0 420.388541
348578693009.0 365.427642
348735643075.0 500.025762
348987505780.0 345.23792399999996
350444207557.0 396.83386999999993
352448661980.0 357.576085
352455667739.0 424.875145
352917096015.0 386.73901099999995
353231995015.0 402.442125
353575260205.0 390.10396399999996
353771118971.0 479.83604399999996
354145893167.0 402.442125
354244329076.0 437.213306
354347594976.0 417.02358799999996
354835017788.0 394.59056799999996
354936150913.0 359.81938699999995
355469710543.0 319.43995099999995
355847641666.0 350.84617899999995
357726487689.0 373.27919899999995
357847293678.0 401.320474
359720190161.0 385.61735999999996
362201176500.0 411.415333
364182897842.0 420.388541
364437743461.0 405.80707799999993
364671965598.0 433.848353
364722950532.0 421.51019199999996
365376211123.0 401.320474
366138867968.0 341.87297099999995
366335838650.0 428.240098
366740334844.0 375.522501
366994509922.0 335.143065
367102870643.0 425.99679599999996
367166326949.0 431.60505099999995
367494030253.0 302.615186
368710131645.0 431.60505099999995
369287668821.0 387.86066199999993
369578082947.0 504.51236599999993
370326626932.0 393.468917
370723012070.0 412.53698399999996
370739464550.0 427.11844699999995
370806474844.0 378.88745399999993
370933824907.0 464.13293
371388571229.0 425.99679599999996
372695402286.0 452.91641999999996
372886454739.0 419.26689
373175716343.0 336.26471599999996
373568158401.0 482.079346
374109670459.0 400.19882299999995
374316392953.0 401.320474
374788250470.0 467.49788299999994
375541825159.0 301.49353499999995
375837015596.0 371.035897
375886880069.0 400.19882299999995
376917603147.0 446.186514
377035351680.0 443.94321199999996
377423796593.0 414.78028599999993
378585794161.0 464.13293
378993352421.0 358.69773599999996
379285013355.0 425.99679599999996
379437693975.0 418.14523899999995
380562547391.0 393.468917
381604998347.0 334.02141399999994
382696097646.0 385.61735999999996
382796772490.0 310.46674299999995
383349925119.0 433.848353
383573886171.0 425.99679599999996
383844607586.0 366.549293
385326027325.0 337.38636699999995
385377173908.0 465.254581
385616710098.0 402.442125
386467617406.0 419.26689
386735669409.0 350.84617899999995
387444150098.0 454.03807099999995
387480015854.0 421.51019199999996
387513993769.0 425.99679599999996
387537900233.0 423.75349399999993
388907491811.0 469.741185
389231436152.0 357.576085
390210499574.0 445.06486299999995
390700808258.0 318.31829999999997
391636333783.0 392.347266
392118593290.0 374.40085
392187937148.0 439.45660799999996
393085754645.0 397.955521
394009522316.0 334.02141399999994
394070727282.0 406.928729
396373255773.0 439.45660799999996
396563327074.0 377.76580299999995
