1896271749.0 281.303817
3004184030.0 217.36971
3360259785.0 220.73466299999998
3540417227.0 212.883106
3930046248.0 261.11409899999995
4125288215.0 238.68107899999998
4336371161.0 218.491361
5003775655.0 209.518153
5429488783.0 282.42546799999997
5522834119.0 274.57391099999995
6143330873.0 290.277025
6228577200.0 270.08730699999995
6463778115.0 252.14089099999998
6684957478.0 226.342918
7218919773.0 253.26254199999997
8152689885.0 294.763629
8260925251.0 272.330609
8783472599.0 244.28933399999997
10083035151.0 263.357401
10761374746.0 276.817213
11455829156.0 256.62749499999995
11509165642.0 231.951173
11612866056.0 294.763629
12089203336.0 211.76145499999998
12190527328.0 284.66877
12356326338.0 225.22126699999998
12366081273.0 220.73466299999998
13718592519.0 234.19447499999998
14109985564.0 265.60070299999995
14450044234.0 265.60070299999995
14481002060.0 299.250233
14856135060.0 298.12858199999994
15722655539.0 281.303817
15784049184.0 302.615186
15789940478.0 248.77593800000002
15797384460.0 274.57391099999995
16418452624.0 253.26254199999997
16971709196.0 248.77593800000002
17356817299.0 218.491361
17522577003.0 263.357401
17630522992.0 229.70787099999998
17702703531.0 240.924381
17873186288.0 233.072824
20374321904.0 234.19447499999998
20759561865.0 285.790421
21345055937.0 265.60070299999995
22459135996.0 258.870797
22612990806.0 252.14089099999998
22783646310.0 240.924381
22830769173.0 268.96565599999997
23098984180.0 258.870797
23147326696.0 247.65428699999998
23657116793.0 218.491361
24241436955.0 259.99244799999997
24697673293.0 218.491361
24715813895.0 259.99244799999997
25980701622.0 249.897589
26269767903.0 240.924381
26397640428.0 290.277025
27002272376.0 230.829522
27156158131.0 289.15537399999994
27225686451.0 252.14089099999998
28182880398.0 234.19447499999998
28274681300.0 301.49353499999995
28399917089.0 272.330609
28541988905.0 271.20895799999994
28860070319.0 261.11409899999995
29124879845.0 307.10178999999994
29701070379.0 305.98013899999995
30437599880.0 276.817213
30504828024.0 256.62749499999995
30800435767.0 277.93886399999997
31035520851.0 263.357401
31206678333.0 299.250233
32740348979.0 268.96565599999997
32815406133.0 234.19447499999998
33299486830.0 235.316126
33646648839.0 264.47905199999997
34426000727.0 302.615186
34968482937.0 212.883106
35454173632.0 264.47905199999997
37007743349.0 259.99244799999997
37077965221.0 214.004757
37098969866.0 252.14089099999998
37857282988.0 255.505844
38048523022.0 304.85848799999997
38071996398.0 226.342918
38085184195.0 256.62749499999995
38091234142.0 247.65428699999998
38147571833.0 277.93886399999997
38852647747.0 238.68107899999998
39604446282.0 262.23574999999994
39907580986.0 298.12858199999994
40152748071.0 297.00693099999995
40546879285.0 245.410985
41740216200.0 224.099616
43832819311.0 246.532636
44013478094.0 271.20895799999994
45541741714.0 273.45225999999997
46226306073.0 273.45225999999997
46848449303.0 215.126408
47787192942.0 222.977965
48257499646.0 270.08730699999995
49484117739.0 219.613012
49497410937.0 265.60070299999995
49506089525.0 254.384193
49610505468.0 214.004757
51083535666.0 308.223441
52627532737.0 270.08730699999995
52894446598.0 254.384193
54360504094.0 226.342918
54663121341.0 217.36971
54981193361.0 266.722354
55007826143.0 257.749146
55362433627.0 214.004757
55739421294.0 249.897589
55849218407.0 275.695562
56108206269.0 283.54711899999995
56163151550.0 283.54711899999995
56299186938.0 258.870797
56426653919.0 251.01924
56754930726.0 234.19447499999998
57211387043.0 301.49353499999995
57268547424.0 266.722354
58450916796.0 242.046032
59589065029.0 252.14089099999998
59686715981.0 243.16768299999998
60058574578.0 266.722354
60776362742.0 251.01924
61102254971.0 266.722354
61680939399.0 266.722354
61868293756.0 228.58622
61956461712.0 238.68107899999998
63293848379.0 274.57391099999995
64268898691.0 289.15537399999994
64659645273.0 258.870797
66006481622.0 307.10178999999994
66032591076.0 214.004757
67307352024.0 216.24805899999998
67642007644.0 225.22126699999998
67653484937.0 252.14089099999998
68037319704.0 247.65428699999998
69126374940.0 272.330609
69243606405.0 236.437777
69345179890.0 284.66877
69507294594.0 244.28933399999997
69863347218.0 286.91207199999997
70548978116.0 220.73466299999998
71218014173.0 283.54711899999995
71488859935.0 242.046032
71731873139.0 240.924381
71794084971.0 235.316126
72000637833.0 252.14089099999998
72973448562.0 256.62749499999995
73058662274.0 268.96565599999997
73751549437.0 273.45225999999997
73794816115.0 308.223441
74135985661.0 259.99244799999997
74151061044.0 279.06051499999995
74729218406.0 235.316126
76555589007.0 251.01924
77095200211.0 277.93886399999997
77101890600.0 291.39867599999997
77153935436.0 236.437777
79293857563.0 288.03372299999995
80721394425.0 282.42546799999997
82501185352.0 212.883106
84186801303.0 253.26254199999997
84846837867.0 240.924381
85340956018.0 220.73466299999998
86328118335.0 249.897589
87601874919.0 215.126408
87623770427.0 272.330609
88003392018.0 238.68107899999998
88368679454.0 256.62749499999995
89270827136.0 253.26254199999997
89363784927.0 229.70787099999998
90820551973.0 276.817213
91387188891.0 266.722354
91425095303.0 254.384193
91916559409.0 252.14089099999998
92105178786.0 256.62749499999995
93300143255.0 225.22126699999998
93764761698.0 301.49353499999995
93795184302.0 236.437777
95065818071.0 271.20895799999994
95585332720.0 251.01924
95858943001.0 247.65428699999998
96587220026.0 292.52032699999995
97790599143.0 244.28933399999997
99428729065.0 262.23574999999994
99446850863.0 293.641978
101664091758.0 281.303817
102015562053.0 239.80273000000003
102909656859.0 280.18216599999994
103523478071.0 258.870797
103875747818.0 244.28933399999997
104258685671.0 254.384193
105099537520.0 256.62749499999995
105587307418.0 305.98013899999995
105861544814.0 227.464569
106716674496.0 233.072824
107403185053.0 259.99244799999997
107523527592.0 227.464569
107965194186.0 274.57391099999995
108689965307.0 255.505844
109591301017.0 243.16768299999998
109596638730.0 219.613012
109662069705.0 222.977965
109956286383.0 253.26254199999997
110357365102.0 297.00693099999995
110658943842.0 291.39867599999997
111027240981.0 222.977965
111230805644.0 212.883106
111401701213.0 246.532636
112478573989.0 259.99244799999997
113293015476.0 264.47905199999997
113472161601.0 258.870797
114363244556.0 285.790421
114782255617.0 279.06051499999995
115250871160.0 262.23574999999994
116035881772.0 254.384193
117425504262.0 268.96565599999997
117709512117.0 248.77593800000002
117874807737.0 224.099616
118563926914.0 216.24805899999998
118997993898.0 211.76145499999998
119402879339.0 224.099616
119668638744.0 298.12858199999994
119839545517.0 234.19447499999998
120623265008.0 301.49353499999995
122221181437.0 249.897589
122279311438.0 255.505844
122380370156.0 231.951173
123692749991.0 249.897589
123790777745.0 228.58622
124217986726.0 224.099616
125638707403.0 263.357401
127334528955.0 222.977965
128090764800.0 286.91207199999997
129004414856.0 268.96565599999997
129036392030.0 248.77593800000002
129496720016.0 240.924381
129538224702.0 284.66877
129582593438.0 291.39867599999997
130969568394.0 264.47905199999997
131003740435.0 255.505844
131372613807.0 220.73466299999998
132084413846.0 247.65428699999998
132589544938.0 285.790421
134101399637.0 233.072824
134105868524.0 279.06051499999995
134536371227.0 255.505844
134799781858.0 255.505844
135944412397.0 251.01924
135970424851.0 212.883106
136574595327.0 240.924381
137100905294.0 281.303817
137593811032.0 231.951173
137855910924.0 227.464569
139320229687.0 261.11409899999995
139515417965.0 275.695562
139923121815.0 265.60070299999995
140758612643.0 234.19447499999998
141010814966.0 266.722354
141111171547.0 292.52032699999995
141651119952.0 289.15537399999994
141995302832.0 305.98013899999995
142107967938.0 217.36971
142181471508.0 272.330609
142405668872.0 276.817213
142485331353.0 272.330609
143569425792.0 231.951173
143901635048.0 308.223441
144109255837.0 227.464569
144665683118.0 247.65428699999998
145089526845.0 253.26254199999997
145216671543.0 242.046032
146274773422.0 267.844005
146378262868.0 262.23574999999994
146478881352.0 265.60070299999995
146507782286.0 220.73466299999998
146654854250.0 273.45225999999997
147501168506.0 299.250233
147904469023.0 233.072824
148161774337.0 295.88527999999997
148699600271.0 281.303817
149717436183.0 249.897589
150751817829.0 302.615186
150918530728.0 259.99244799999997
151048119964.0 251.01924
151226267617.0 239.80273000000003
151515899136.0 271.20895799999994
152448622732.0 246.532636
153151670409.0 284.66877
153207754411.0 243.16768299999998
153480734210.0 304.85848799999997
153904519924.0 290.277025
154820784951.0 302.615186
154822249519.0 259.99244799999997
155531195018.0 266.722354
155628966930.0 294.763629
156160083131.0 233.072824
156229137320.0 222.977965
156630818721.0 258.870797
157755019242.0 229.70787099999998
158047568759.0 229.70787099999998
159233311358.0 246.532636
159286460210.0 249.897589
159366787286.0 265.60070299999995
159682625785.0 252.14089099999998
160052342897.0 217.36971
160155217780.0 216.24805899999998
160473033286.0 305.98013899999995
160792327634.0 237.559428
161020129481.0 298.12858199999994
161255313569.0 274.57391099999995
161423125134.0 249.897589
161621174431.0 214.004757
162569899390.0 233.072824
163580732507.0 212.883106
164821673205.0 235.316126
165869593599.0 226.342918
167000179633.0 251.01924
167481097073.0 258.870797
167688628323.0 268.96565599999997
167857267858.0 270.08730699999995
167954503034.0 270.08730699999995
168084878863.0 257.749146
169189904861.0 280.18216599999994
169263366096.0 255.505844
169554690622.0 255.505844
169659257843.0 229.70787099999998
170148112019.0 214.004757
170820703195.0 283.54711899999995
171712186245.0 268.96565599999997
172293989615.0 285.790421
172665673072.0 251.01924
172900774902.0 263.357401
172954317693.0 215.126408
173049296432.0 257.749146
173211825044.0 220.73466299999998
173861421260.0 239.80273000000003
173927909398.0 255.505844
174453384095.0 217.36971
175208433670.0 297.00693099999995
176955750021.0 261.11409899999995
177288566578.0 221.856314
179015153683.0 261.11409899999995
179299769723.0 268.96565599999997
181144339971.0 212.883106
181225527233.0 261.11409899999995
181442206167.0 267.844005
181820664908.0 303.736837
182076590269.0 246.532636
182814763110.0 284.66877
182857247358.0 219.613012
183588327517.0 294.763629
183882420109.0 229.70787099999998
184181714880.0 243.16768299999998
184662534788.0 220.73466299999998
184877543370.0 239.80273000000003
184945397806.0 282.42546799999997
186159164370.0 259.99244799999997
187125810155.0 265.60070299999995
188014979549.0 259.99244799999997
188509101824.0 255.505844
188615660572.0 249.897589
188672648013.0 262.23574999999994
189355817344.0 245.410985
189442067781.0 277.93886399999997
189456565747.0 229.70787099999998
190072332675.0 305.98013899999995
190234759081.0 270.08730699999995
191502369844.0 271.20895799999994
191928641375.0 276.817213
192034996714.0 243.16768299999998
192864512440.0 254.384193
193235907404.0 249.897589
194228394065.0 304.85848799999997
194995221312.0 235.316126
195381067241.0 271.20895799999994
195617213583.0 214.004757
196587510764.0 261.11409899999995
196701989509.0 240.924381
197601966180.0 271.20895799999994
197616983732.0 268.96565599999997
198700643993.0 273.45225999999997
199059834340.0 209.518153
199188790638.0 299.250233
199531482886.0 227.464569
199778358878.0 266.722354
199870301950.0 265.60070299999995
200019683263.0 251.01924
200688961655.0 308.223441
200883730097.0 291.39867599999997
201054162548.0 282.42546799999997
201348688719.0 274.57391099999995
201433038293.0 261.11409899999995
201469711205.0 283.54711899999995
201815294009.0 268.96565599999997
202535830644.0 295.88527999999997
203162755115.0 304.85848799999997
203430382257.0 253.26254199999997
203896629872.0 229.70787099999998
205175075968.0 242.046032
205812338617.0 253.26254199999997
206567645095.0 275.695562
206625163380.0 266.722354
206945366478.0 285.790421
207073323766.0 211.76145499999998
207192280673.0 285.790421
207387680711.0 272.330609
207673622709.0 220.73466299999998
207817237600.0 300.37188399999997
208813936758.0 272.330609
209066784220.0 212.883106
209263781587.0 258.870797
209983787020.0 242.046032
210406610338.0 216.24805899999998
212232268157.0 210.639804
213022800853.0 280.18216599999994
213095586186.0 305.98013899999995
213132212709.0 211.76145499999998
213321291196.0 279.06051499999995
213529674778.0 267.844005
213945623502.0 262.23574999999994
215697445011.0 262.23574999999994
216897455278.0 256.62749499999995
216929974760.0 219.613012
217254180576.0 244.28933399999997
218271095095.0 300.37188399999997
218675998406.0 235.316126
219512366755.0 254.384193
220070564677.0 257.749146
220228609245.0 297.00693099999995
220344175848.0 257.749146
221309111319.0 218.491361
222278210043.0 274.57391099999995
222452048981.0 281.303817
222609553112.0 259.99244799999997
222832376714.0 265.60070299999995
223538407003.0 258.870797
223907219030.0 259.99244799999997
224487932941.0 217.36971
225167096252.0 267.844005
225285645704.0 215.126408
226750594231.0 228.58622
226952067617.0 258.870797
227234712582.0 212.883106
228526203235.0 259.99244799999997
228732205638.0 218.491361
229053501008.0 210.639804
229167494842.0 285.790421
229218597429.0 276.817213
229286338107.0 259.99244799999997
229872507464.0 276.817213
230370106913.0 249.897589
230967650745.0 230.829522
232047328171.0 282.42546799999997
233487316389.0 229.70787099999998
233516659880.0 295.88527999999997
233591022696.0 245.410985
233622578785.0 245.410985
235034275391.0 211.76145499999998
235514960055.0 216.24805899999998
235755575655.0 272.330609
235766063751.0 251.01924
237384634612.0 211.76145499999998
237678425337.0 215.126408
238273110793.0 281.303817
238469624363.0 277.93886399999997
238697488674.0 268.96565599999997
239059815006.0 227.464569
239498535568.0 263.357401
239509012244.0 240.924381
239627447855.0 262.23574999999994
240177602903.0 268.96565599999997
240866194735.0 264.47905199999997
240900343441.0 288.03372299999995
241968588324.0 267.844005
242538587327.0 252.14089099999998
242709731083.0 255.505844
243051689347.0 256.62749499999995
243701253356.0 281.303817
244292571288.0 252.14089099999998
244567508247.0 231.951173
245841318752.0 218.491361
246109570739.0 229.70787099999998
246677314253.0 272.330609
246773945068.0 263.357401
246969845599.0 242.046032
246986296636.0 307.10178999999994
247090354382.0 216.24805899999998
247484978632.0 266.722354
247588560045.0 220.73466299999998
248136701560.0 252.14089099999998
248363285734.0 273.45225999999997
249190543333.0 288.03372299999995
249397024054.0 262.23574999999994
249557684850.0 258.870797
249704314748.0 251.01924
250660476129.0 212.883106
251102917223.0 279.06051499999995
251453851649.0 279.06051499999995
251719268371.0 286.91207199999997
251864314485.0 254.384193
251973167213.0 266.722354
252255924228.0 254.384193
252583312572.0 293.641978
252723079630.0 265.60070299999995
252818796296.0 212.883106
253461684206.0 255.505844
253682346917.0 257.749146
253809949841.0 256.62749499999995
253946813035.0 295.88527999999997
256159205675.0 263.357401
256437180748.0 210.639804
257495777570.0 257.749146
258005939346.0 258.870797
258833858931.0 276.817213
259014451738.0 275.695562
259506018112.0 258.870797
259720837791.0 246.532636
259982861509.0 301.49353499999995
260273770802.0 275.695562
260827702147.0 236.437777
260844639135.0 294.763629
260902832352.0 253.26254199999997
261177432820.0 254.384193
261314248827.0 281.303817
261402956650.0 231.951173
261448943825.0 284.66877
261660184230.0 268.96565599999997
262109011184.0 217.36971
262431080761.0 258.870797
262511255080.0 256.62749499999995
262848574804.0 256.62749499999995
263048551657.0 281.303817
263694944528.0 226.342918
263832116320.0 268.96565599999997
264081086901.0 226.342918
264453467786.0 246.532636
265125119719.0 230.829522
265463585822.0 231.951173
265505422749.0 231.951173
265964924304.0 262.23574999999994
266067297476.0 219.613012
267248030129.0 228.58622
267324924491.0 214.004757
269010990507.0 308.223441
269043175482.0 255.505844
269393741662.0 272.330609
270096571448.0 220.73466299999998
270875117051.0 283.54711899999995
271077448394.0 256.62749499999995
271776456994.0 276.817213
272563866186.0 240.924381
272654009618.0 275.695562
272715484474.0 270.08730699999995
273308175892.0 224.099616
273338454207.0 246.532636
273838282701.0 273.45225999999997
274009665401.0 277.93886399999997
274548382792.0 268.96565599999997
275003980652.0 245.410985
275054427117.0 301.49353499999995
276484123924.0 246.532636
276736459561.0 222.977965
277569711178.0 256.62749499999995
277939587541.0 280.18216599999994
278286581726.0 218.491361
279764398139.0 292.52032699999995
281687287667.0 300.37188399999997
281888428139.0 225.22126699999998
282219277509.0 237.559428
282500695853.0 289.15537399999994
282649654706.0 277.93886399999997
282669416160.0 297.00693099999995
283604427777.0 212.883106
283891171366.0 270.08730699999995
284234784992.0 305.98013899999995
284497526823.0 257.749146
286724065526.0 218.491361
287631386484.0 291.39867599999997
288621566255.0 245.410985
288664593316.0 266.722354
290388150792.0 227.464569
290500782860.0 248.77593800000002
292696642022.0 293.641978
292781178654.0 258.870797
292798385845.0 218.491361
292882787609.0 297.00693099999995
293843219563.0 293.641978
294085597295.0 298.12858199999994
294678840539.0 259.99244799999997
294720839859.0 271.20895799999994
295142536517.0 256.62749499999995
295230808822.0 255.505844
295448463029.0 303.736837
295937849399.0 248.77593800000002
296415753731.0 255.505844
296497962293.0 251.01924
297026304100.0 245.410985
297027906159.0 297.00693099999995
297202598068.0 237.559428
299091113897.0 235.316126
299229977814.0 249.897589
300193940073.0 244.28933399999997
301355330553.0 285.790421
301589899169.0 261.11409899999995
302057532874.0 246.532636
303546515621.0 248.77593800000002
303578137967.0 240.924381
303867349889.0 220.73466299999998
304241350518.0 236.437777
304489026531.0 268.96565599999997
304530737061.0 256.62749499999995
305509804218.0 245.410985
306271873792.0 304.85848799999997
306617937376.0 297.00693099999995
306742092516.0 254.384193
309217460750.0 238.68107899999998
309339132700.0 239.80273000000003
309656637420.0 228.58622
310362107309.0 293.641978
310639554676.0 247.65428699999998
310708949892.0 210.639804
312093034936.0 270.08730699999995
312161847429.0 274.57391099999995
312789866834.0 283.54711899999995
314038169864.0 288.03372299999995
316244973650.0 300.37188399999997
316490405379.0 286.91207199999997
318447152714.0 248.77593800000002
318457843903.0 227.464569
318896050681.0 210.639804
319064906204.0 273.45225999999997
319381258720.0 290.277025
319855600785.0 265.60070299999995
320308985090.0 292.52032699999995
320318284697.0 228.58622
320455388621.0 303.736837
320579256163.0 220.73466299999998
320918302994.0 263.357401
321151750142.0 240.924381
321160402362.0 242.046032
321187177029.0 209.518153
321697088114.0 252.14089099999998
322643301147.0 238.68107899999998
323126104498.0 274.57391099999995
323857629013.0 218.491361
324279840826.0 263.357401
324377482086.0 292.52032699999995
324710977163.0 282.42546799999997
324836330530.0 262.23574999999994
325104027862.0 249.897589
325451604155.0 258.870797
325829319905.0 236.437777
325860892925.0 307.10178999999994
326118137912.0 251.01924
326219749070.0 274.57391099999995
326393317702.0 283.54711899999995
326644956140.0 226.342918
327732121950.0 249.897589
328212695465.0 217.36971
328640865322.0 209.518153
329341966384.0 295.88527999999997
329796747488.0 256.62749499999995
330105484686.0 259.99244799999997
330156926090.0 304.85848799999997
330693222233.0 263.357401
330810822132.0 271.20895799999994
331237953684.0 256.62749499999995
331541874545.0 273.45225999999997
332523949605.0 257.749146
332874455527.0 211.76145499999998
333860879021.0 247.65428699999998
334486746138.0 267.844005
334551420517.0 217.36971
334822328827.0 233.072824
335012181223.0 305.98013899999995
335393066629.0 257.749146
336077458974.0 255.505844
336380670815.0 215.126408
337284633284.0 228.58622
337507230810.0 288.03372299999995
337717729026.0 279.06051499999995
337910665220.0 295.88527999999997
338603095907.0 259.99244799999997
338705322732.0 277.93886399999997
338836183267.0 284.66877
338863153105.0 247.65428699999998
339162108005.0 297.00693099999995
339505753289.0 212.883106
339944165192.0 226.342918
340496450138.0 251.01924
340640226495.0 235.316126
340900442950.0 304.85848799999997
341215026725.0 273.45225999999997
341296345517.0 264.47905199999997
341470714615.0 274.57391099999995
343768095348.0 266.722354
344048043354.0 262.23574999999994
344414035686.0 255.505844
344573770977.0 257.749146
344721458408.0 262.23574999999994
345093974170.0 300.37188399999997
345331649279.0 274.57391099999995
346168444658.0 253.26254199999997
347546240441.0 294.763629
347564574676.0 231.951173
348535624079.0 216.24805899999998
348578693015.0 261.11409899999995
349999578070.0 259.99244799999997
350444207654.0 248.77593800000002
352448661987.0 270.08730699999995
352455667680.0 210.639804
352917096024.0 252.14089099999998
353125530136.0 262.23574999999994
353231995025.0 259.99244799999997
353575260209.0 254.384193
354145893173.0 256.62749499999995
354347595042.0 226.342918
354835017794.0 262.23574999999994
354936150924.0 246.532636
355469710591.0 283.54711899999995
355847641576.0 270.08730699999995
355875553797.0 212.883106
357726487699.0 258.870797
357847293688.0 244.28933399999997
358032291204.0 244.28933399999997
359720190168.0 270.08730699999995
360150900867.0 252.14089099999998
360546099188.0 228.58622
362130009763.0 259.99244799999997
362201176508.0 209.518153
363077994650.0 215.126408
364182897778.0 262.23574999999994
365376211130.0 268.96565599999997
366138867977.0 292.52032699999995
366740334910.0 251.01924
366763875621.0 233.072824
366994509927.0 293.641978
367166326954.0 243.16768299999998
367494030175.0 307.10178999999994
367536748416.0 220.73466299999998
368710131659.0 253.26254199999997
370326626941.0 263.357401
370561738168.0 231.951173
370723012078.0 274.57391099999995
370739464559.0 268.96565599999997
370806474854.0 256.62749499999995
371220033288.0 233.072824
371388571239.0 259.99244799999997
372886454745.0 268.96565599999997
373175716421.0 283.54711899999995
374109670534.0 285.790421
374316392929.0 225.22126699999998
374788250453.0 210.639804
375226248452.0 257.749146
375837015603.0 273.45225999999997
375886880079.0 270.08730699999995
375919485012.0 239.80273000000003
376138595331.0 234.19447499999998
376917603107.0 238.68107899999998
377136775170.0 258.870797
378993352428.0 305.98013899999995
379285013361.0 243.16768299999998
379437693914.0 227.464569
381604998313.0 285.790421
381948761709.0 282.42546799999997
382696097652.0 263.357401
383349925125.0 263.357401
383573886108.0 251.01924
383844607518.0 285.790421
385326027332.0 270.08730699999995
385377173909.0 225.22126699999998
386467617416.0 236.437777
386735669380.0 303.736837
387480015861.0 263.357401
389231436158.0 258.870797
390210499577.0 247.65428699999998
390700808266.0 297.00693099999995
391068029532.0 305.98013899999995
391636333785.0 257.749146
392118593296.0 255.505844
393085754653.0 256.62749499999995
393387029837.0 215.126408
393741772272.0 249.897589
393895939744.0 219.613012
395581842382.0 290.277025
396373255777.0 240.924381
396563327082.0 279.06051499999995
