690033098.0 359.81938699999995
2173636236.0 391.22561499999995
3266962506.0 251.01924
3385077436.0 342.99462199999994
5263000069.0 266.722354
5802282280.0 344.116273
7106094675.0 364.30599099999995
7287882024.0 273.45225999999997
7370096619.0 357.576085
8648281702.0 268.96565599999997
13521966366.0 307.10178999999994
13655286932.0 375.522501
15396761744.0 286.91207199999997
15649001998.0 262.23574999999994
18461076028.0 346.35957499999995
20768787187.0 323.92655499999995
21150139947.0 358.69773599999996
21189903623.0 452.91641999999996
21659599083.0 346.35957499999995
21704028625.0 313.83169599999997
23591451030.0 288.03372299999995
24136392903.0 290.277025
25533972719.0 349.72452799999996
26251366027.0 419.26689
26781436872.0 332.89976299999995
27342496213.0 309.34509199999997
28016553635.0 425.99679599999996
28145964276.0 347.481226
28206036773.0 249.897589
30067836242.0 327.29150799999996
30418551499.0 290.277025
30457240857.0 349.72452799999996
31324635339.0 335.143065
34269356855.0 448.42981599999996
34270018940.0 354.21113199999996
35333433582.0 307.10178999999994
36229022664.0 322.80490399999996
36477654635.0 360.94103799999993
38498171696.0 405.80707799999993
39723356171.0 357.576085
40323521228.0 382.25240699999995
41055539088.0 293.641978
41160307728.0 387.86066199999993
42788902534.0 363.18433999999996
42802916900.0 325.04820599999994
44719411558.0 293.641978
44728912607.0 417.02358799999996
45061228377.0 312.710045
45368422587.0 319.43995099999995
46154216880.0 323.92655499999995
46602902631.0 362.062689
47880244817.0 280.18216599999994
48005678991.0 329.53481
48745941351.0 339.629669
49730798658.0 391.22561499999995
49742180495.0 319.43995099999995
50603586908.0 273.45225999999997
53789943821.0 334.02141399999994
54005787457.0 310.46674299999995
55629059519.0 322.80490399999996
58551292843.0 427.11844699999995
58578014663.0 366.549293
58640361787.0 328.41315899999995
58806388147.0 320.561602
59804331066.0 308.223441
60399092715.0 300.37188399999997
60522678589.0 399.07717199999996
61703050481.0 292.52032699999995
61832289704.0 338.508018
62288326125.0 397.955521
62750261229.0 386.73901099999995
63133044613.0 358.69773599999996
63737671708.0 373.27919899999995
64270267232.0 311.588394
64781179466.0 359.81938699999995
68727812887.0 354.21113199999996
68805914480.0 284.66877
68851219965.0 281.303817
69363957029.0 340.75131999999996
69405078536.0 326.169857
69428153641.0 432.72670199999993
69554885340.0 313.83169599999997
70464226942.0 342.99462199999994
70645368013.0 322.80490399999996
71189748197.0 273.45225999999997
71248434167.0 284.66877
72574477805.0 329.53481
72939907128.0 397.955521
74754188956.0 268.96565599999997
75482586692.0 396.83386999999993
76033995551.0 282.42546799999997
76941272952.0 406.928729
77326849666.0 276.817213
77436866845.0 239.80273000000003
78620106683.0 292.52032699999995
78652634680.0 390.10396399999996
79003392669.0 300.37188399999997
79681311077.0 297.00693099999995
80224241376.0 321.683253
80544473387.0 344.116273
80716942110.0 319.43995099999995
82797767081.0 402.442125
85238101184.0 367.67094399999996
86965338195.0 334.02141399999994
88116535555.0 356.454434
88314983645.0 439.45660799999996
88590931185.0 286.91207199999997
90337947472.0 256.62749499999995
92608521562.0 317.196649
92635187661.0 345.23792399999996
93244761771.0 321.683253
93462486836.0 284.66877
94204279401.0 393.468917
94222395471.0 387.86066199999993
95467150764.0 368.79259499999995
95740898791.0 359.81938699999995
95802231587.0 374.40085
98273516755.0 302.615186
99565218290.0 335.143065
99634091373.0 395.71221899999995
100435728968.0 349.72452799999996
100828784184.0 386.73901099999995
101122444145.0 267.844005
101909534601.0 341.87297099999995
102423400215.0 267.844005
102520927051.0 305.98013899999995
103891424758.0 308.223441
103913869999.0 374.40085
104762717344.0 330.656461
104763636199.0 240.924381
106596212012.0 289.15537399999994
107529801924.0 437.213306
107734516435.0 364.30599099999995
107790563523.0 295.88527999999997
107886468378.0 374.40085
108016829597.0 298.12858199999994
108629584348.0 309.34509199999997
111968087524.0 385.61735999999996
112680444637.0 337.38636699999995
112760283082.0 410.293682
113566823654.0 351.96782999999994
113850853024.0 311.588394
114778193895.0 350.84617899999995
115706575776.0 395.71221899999995
115924091450.0 297.00693099999995
116077145051.0 437.213306
118282684918.0 299.250233
118371762967.0 342.99462199999994
118559777819.0 436.09165499999995
118652621916.0 317.196649
118929627982.0 360.94103799999993
119370543581.0 297.00693099999995
120981307024.0 320.561602
121848886275.0 253.26254199999997
124116252990.0 392.347266
126232231827.0 366.549293
126673528510.0 284.66877
128699835732.0 369.91424599999993
128891615788.0 307.10178999999994
130528729443.0 359.81938699999995
130714233341.0 425.99679599999996
130747895827.0 328.41315899999995
131617638481.0 338.508018
132588645939.0 402.442125
132811251370.0 357.576085
133244861031.0 355.33278299999995
134976959794.0 347.481226
137128198548.0 255.505844
137540142178.0 313.83169599999997
140374938235.0 386.73901099999995
141242014596.0 309.34509199999997
142758836858.0 239.80273000000003
144147243312.0 346.35957499999995
144458743924.0 385.61735999999996
144741253366.0 295.88527999999997
144856432390.0 350.84617899999995
145055253159.0 377.76580299999995
145541943755.0 292.52032699999995
145569617607.0 337.38636699999995
146109729810.0 326.169857
147421998916.0 342.99462199999994
147566495555.0 369.91424599999993
150875322318.0 417.02358799999996
151155070446.0 362.062689
152673703573.0 338.508018
152795380875.0 327.29150799999996
153411635866.0 305.98013899999995
154245973906.0 351.96782999999994
155015707715.0 309.34509199999997
155356909671.0 409.17203099999995
155387389761.0 327.29150799999996
155464538512.0 351.96782999999994
156753032719.0 291.39867599999997
157192124001.0 402.442125
158743879834.0 335.143065
159915396059.0 254.384193
160242052653.0 406.928729
160375242920.0 341.87297099999995
160819022105.0 425.99679599999996
160955569474.0 288.03372299999995
162438515372.0 301.49353499999995
162550676861.0 360.94103799999993
162892360190.0 285.790421
162923732085.0 384.495709
163020889265.0 331.77811199999996
164986213649.0 395.71221899999995
166079618611.0 265.60070299999995
166730608925.0 372.15754799999996
167309107525.0 340.75131999999996
170782562892.0 400.19882299999995
171807159414.0 359.81938699999995
173930014882.0 307.10178999999994
174745627577.0 317.196649
175930161631.0 367.67094399999996
176304653418.0 334.02141399999994
176456543717.0 226.342918
176653462145.0 393.468917
176849913186.0 375.522501
177320731378.0 363.18433999999996
178236120473.0 346.35957499999995
179205989377.0 401.320474
180210955735.0 340.75131999999996
182425567943.0 344.116273
183396937182.0 405.80707799999993
183740786332.0 390.10396399999996
184548198433.0 396.83386999999993
184642343128.0 341.87297099999995
226563769.0 363.18433999999996
1703090542.0 271.20895799999994
1953008812.0 311.588394
1983733716.0 270.08730699999995
2140151293.0 336.26471599999996
2873506279.0 396.83386999999993
4352075509.0 359.81938699999995
5803486094.0 340.75131999999996
6178501258.0 396.83386999999993
7374403407.0 365.427642
7731862888.0 340.75131999999996
7736621134.0 308.223441
7842432223.0 411.415333
9551845614.0 320.561602
9964526151.0 353.089481
9993063050.0 277.93886399999997
10684716727.0 411.415333
10685271157.0 399.07717199999996
11021577623.0 347.481226
11196869089.0 292.52032699999995
12562171112.0 360.94103799999993
12606895893.0 377.76580299999995
12683733297.0 392.347266
12891908720.0 304.85848799999997
13484863657.0 303.736837
13878188213.0 359.81938699999995
14292166577.0 329.53481
14608974349.0 320.561602
15847337400.0 390.10396399999996
16064689892.0 323.92655499999995
16241278031.0 327.29150799999996
16529065665.0 338.508018
16586525583.0 297.00693099999995
16620908889.0 335.143065
16708159745.0 330.656461
17524376344.0 386.73901099999995
18060984542.0 448.42981599999996
18127449384.0 242.046032
18164226495.0 358.69773599999996
18768873279.0 362.062689
18945324232.0 377.76580299999995
19866627822.0 340.75131999999996
20694338835.0 346.35957499999995
20945412880.0 316.07499799999994
21024522610.0 367.67094399999996
21503321318.0 297.00693099999995
21515932516.0 248.77593800000002
21776780986.0 345.23792399999996
21903589281.0 259.99244799999997
22080830226.0 300.37188399999997
24221399024.0 294.763629
24452597744.0 348.602877
24549819459.0 393.468917
24579129456.0 238.68107899999998
25072081497.0 312.710045
25307975418.0 363.18433999999996
25524803110.0 325.04820599999994
25928618042.0 353.089481
26512254049.0 402.442125
26720420222.0 318.31829999999997
26860717387.0 353.089481
27175055069.0 373.27919899999995
27958310181.0 415.901937
28220610990.0 345.23792399999996
29497148926.0 322.80490399999996
29986316284.0 328.41315899999995
30012147910.0 348.602877
30029738728.0 314.95334699999995
30347463336.0 309.34509199999997
30840554355.0 363.18433999999996
31321634909.0 417.02358799999996
31362222406.0 342.99462199999994
32834719348.0 295.88527999999997
33002061887.0 349.72452799999996
33178175836.0 335.143065
34150794219.0 327.29150799999996
34645117484.0 432.72670199999993
34897396842.0 420.388541
34997592146.0 334.02141399999994
35303441357.0 328.41315899999995
36277332461.0 305.98013899999995
36887430562.0 288.03372299999995
37695457628.0 399.07717199999996
38022993649.0 365.427642
39153768310.0 345.23792399999996
39301017899.0 270.08730699999995
39410384595.0 353.089481
39661641021.0 336.26471599999996
40718035805.0 432.72670199999993
41128159216.0 336.26471599999996
41257744352.0 372.15754799999996
42944153639.0 340.75131999999996
43206167497.0 286.91207199999997
43243025263.0 313.83169599999997
43309478254.0 316.07499799999994
43559328385.0 365.427642
43658686057.0 368.79259499999995
43959488052.0 342.99462199999994
44595549051.0 368.79259499999995
46714785935.0 367.67094399999996
47309769216.0 371.035897
47578567107.0 365.427642
47923477036.0 279.06051499999995
48118119543.0 382.25240699999995
48158440445.0 316.07499799999994
48185639416.0 300.37188399999997
48998353100.0 410.293682
49131368726.0 322.80490399999996
49382046893.0 277.93886399999997
49878335681.0 424.875145
49904558427.0 349.72452799999996
50532977582.0 320.561602
51237077550.0 293.641978
51402054666.0 317.196649
51899770314.0 339.629669
52041705167.0 309.34509199999997
52149653024.0 348.602877
52204126260.0 303.736837
52875039337.0 336.26471599999996
55058708956.0 385.61735999999996
55060093750.0 293.641978
55209385122.0 331.77811199999996
55655028753.0 390.10396399999996
55845208115.0 322.80490399999996
56431631727.0 373.27919899999995
57505708469.0 359.81938699999995
58318899265.0 342.99462199999994
58480267862.0 304.85848799999997
59100227208.0 410.293682
60458075114.0 318.31829999999997
60925306952.0 376.64415199999996
61274005864.0 338.508018
62082242855.0 318.31829999999997
62345781040.0 347.481226
63957865557.0 337.38636699999995
64384832594.0 405.80707799999993
65675262566.0 372.15754799999996
65730551672.0 312.710045
65893649177.0 330.656461
66571456744.0 288.03372299999995
66643109902.0 302.615186
67153952474.0 318.31829999999997
67365676994.0 367.67094399999996
67821030302.0 345.23792399999996
67859714040.0 372.15754799999996
67899179605.0 376.64415199999996
68307914754.0 322.80490399999996
69140223575.0 305.98013899999995
69658715113.0 340.75131999999996
70612608376.0 340.75131999999996
70649070075.0 368.79259499999995
71488318838.0 312.710045
71798435283.0 350.84617899999995
72063745369.0 332.89976299999995
74604117556.0 385.61735999999996
75056109761.0 303.736837
77799277212.0 365.427642
77929207525.0 394.59056799999996
77959867474.0 395.71221899999995
78045403944.0 381.13075599999996
78479007738.0 330.656461
79048187023.0 347.481226
79391828265.0 344.116273
79853603293.0 338.508018
80039726749.0 331.77811199999996
80840110947.0 295.88527999999997
82271347294.0 254.384193
83917340628.0 277.93886399999997
84068529744.0 334.02141399999994
84895079709.0 373.27919899999995
84972859358.0 283.54711899999995
85491559822.0 354.21113199999996
85939704100.0 341.87297099999995
86465883206.0 339.629669
86466565703.0 334.02141399999994
87239415759.0 284.66877
89550479904.0 371.035897
89804637308.0 362.062689
90188106094.0 323.92655499999995
90689301379.0 410.293682
91693059679.0 357.576085
92318686744.0 225.22126699999998
92470460866.0 285.790421
92604636277.0 357.576085
93697507234.0 342.99462199999994
94880533895.0 298.12858199999994
96078655251.0 386.73901099999995
96380503241.0 314.95334699999995
96845090055.0 320.561602
96985219707.0 355.33278299999995
97060747153.0 328.41315899999995
99220243113.0 441.69990999999993
99508412616.0 305.98013899999995
99703421014.0 347.481226
99759848426.0 409.17203099999995
100263582670.0 323.92655499999995
100804230407.0 336.26471599999996
103386638025.0 404.68542699999995
103844247785.0 394.59056799999996
103996457202.0 276.817213
104193252804.0 330.656461
104245614694.0 341.87297099999995
105206464719.0 329.53481
105462435632.0 289.15537399999994
105491363570.0 330.656461
106029079622.0 366.549293
106235490575.0 392.347266
106663113983.0 392.347266
107445196336.0 323.92655499999995
108900088146.0 339.629669
108968687374.0 342.99462199999994
110687538234.0 317.196649
110802706896.0 327.29150799999996
110869604536.0 336.26471599999996
111330862727.0 414.78028599999993
113054114100.0 258.870797
113783493271.0 334.02141399999994
115031019164.0 325.04820599999994
116730787370.0 326.169857
117361113282.0 297.00693099999995
117950182888.0 365.427642
119199346137.0 394.59056799999996
119369908072.0 305.98013899999995
120160324410.0 329.53481
120375069849.0 374.40085
120691467819.0 293.641978
121542133131.0 417.02358799999996
121575811078.0 342.99462199999994
121851348186.0 410.293682
122235952077.0 304.85848799999997
122265011665.0 262.23574999999994
123369866561.0 388.982313
123449431692.0 330.656461
124250039021.0 365.427642
125110832306.0 342.99462199999994
125625147544.0 335.143065
125885429100.0 358.69773599999996
126084425781.0 341.87297099999995
126281363216.0 339.629669
127058474735.0 273.45225999999997
127337307549.0 411.415333
127799520962.0 325.04820599999994
127865999609.0 397.955521
128494916904.0 332.89976299999995
129797565854.0 321.683253
130018191672.0 255.505844
130542580145.0 429.361749
131242669033.0 362.062689
131283357746.0 327.29150799999996
131900274424.0 363.18433999999996
133117377065.0 329.53481
133535698161.0 310.46674299999995
133695372382.0 342.99462199999994
134713281857.0 382.25240699999995
135274821852.0 433.848353
135937146874.0 316.07499799999994
136087528235.0 301.49353499999995
136269785867.0 311.588394
136301195637.0 308.223441
136762990921.0 332.89976299999995
136809876534.0 448.42981599999996
137221847753.0 339.629669
137271307521.0 332.89976299999995
137302136475.0 340.75131999999996
137343456180.0 363.18433999999996
137980147029.0 342.99462199999994
138901016352.0 259.99244799999997
139740391676.0 425.99679599999996
139786144021.0 318.31829999999997
140785704131.0 421.51019199999996
140850242854.0 401.320474
141414139110.0 380.009105
141531723866.0 307.10178999999994
141760105763.0 325.04820599999994
142155190596.0 338.508018
143407987343.0 392.347266
144532396245.0 367.67094399999996
145339378097.0 262.23574999999994
145493959214.0 312.710045
145539707929.0 362.062689
146086832035.0 380.009105
146323408632.0 375.522501
147008456183.0 323.92655499999995
147063510429.0 411.415333
148793675662.0 311.588394
149693508388.0 401.320474
149942738779.0 308.223441
150025231330.0 327.29150799999996
150355679872.0 365.427642
150714836001.0 332.89976299999995
150901745347.0 385.61735999999996
151481032962.0 429.361749
152637803341.0 391.22561499999995
152922072653.0 441.69990999999993
153451366522.0 329.53481
154316716598.0 323.92655499999995
154823307818.0 357.576085
155051233890.0 332.89976299999995
155478327847.0 373.27919899999995
155846760346.0 338.508018
156248167762.0 320.561602
157749886799.0 291.39867599999997
158992362593.0 364.30599099999995
162978457083.0 319.43995099999995
163767119894.0 347.481226
163937659607.0 419.26689
165414851965.0 386.73901099999995
165593656350.0 409.17203099999995
165641559365.0 348.602877
165824413367.0 353.089481
165919625273.0 305.98013899999995
165940725338.0 289.15537399999994
166934069734.0 351.96782999999994
168010627413.0 364.30599099999995
169500686153.0 310.46674299999995
169803586894.0 329.53481
169899083562.0 345.23792399999996
170508168911.0 311.588394
170777165460.0 307.10178999999994
171753665611.0 303.736837
172210503025.0 344.116273
172798061102.0 274.57391099999995
173947604802.0 417.02358799999996
174439539982.0 331.77811199999996
174635215121.0 342.99462199999994
175301690474.0 301.49353499999995
175446577372.0 320.561602
177516244927.0 377.76580299999995
177771930270.0 331.77811199999996
177871141063.0 348.602877
178540961472.0 330.656461
180342030557.0 319.43995099999995
180509076313.0 325.04820599999994
181643449221.0 356.454434
181914448229.0 346.35957499999995
182030451116.0 375.522501
184776029567.0 314.95334699999995
184870510136.0 369.91424599999993
184996757080.0 392.347266
186355415939.0 276.817213
186621463389.0 348.602877
187706059697.0 301.49353499999995
187784015154.0 393.468917
188152737490.0 351.96782999999994
189533894259.0 297.00693099999995
189794596488.0 355.33278299999995
190629222945.0 321.683253
190772810802.0 373.27919899999995
191031536227.0 336.26471599999996
191048377057.0 359.81938699999995
191201804040.0 344.116273
192556258226.0 295.88527999999997
192755002847.0 304.85848799999997
193699015416.0 301.49353499999995
194086792970.0 246.532636
195103271115.0 377.76580299999995
195103569418.0 357.576085
195182944887.0 351.96782999999994
195740421055.0 329.53481
195762281391.0 321.683253
196156992408.0 354.21113199999996
196794984255.0 310.46674299999995
197049843579.0 314.95334699999995
197147537267.0 335.143065
198541439568.0 372.15754799999996
198600813736.0 290.277025
198960190931.0 378.88745399999993
199451036303.0 381.13075599999996
199652549075.0 284.66877
199820427875.0 304.85848799999997
200302558722.0 409.17203099999995
201473402531.0 297.00693099999995
201536826261.0 377.76580299999995
201977193601.0 318.31829999999997
202648129140.0 331.77811199999996
203118139122.0 358.69773599999996
203590459101.0 243.16768299999998
203761470456.0 301.49353499999995
203840041081.0 298.12858199999994
205931752462.0 301.49353499999995
206038588789.0 301.49353499999995
206576520681.0 381.13075599999996
207205282362.0 317.196649
207402089732.0 312.710045
207743333432.0 323.92655499999995
208056890303.0 268.96565599999997
208087361540.0 360.94103799999993
208121988156.0 335.143065
208183171503.0 384.495709
208641261114.0 364.30599099999995
208786301279.0 280.18216599999994
210661828791.0 345.23792399999996
210946002589.0 264.47905199999997
211072882922.0 337.38636699999995
211191687790.0 415.901937
213464219065.0 332.89976299999995
213607884916.0 266.722354
213697184882.0 300.37188399999997
214226003487.0 348.602877
214812339147.0 298.12858199999994
215201324706.0 377.76580299999995
215548680087.0 420.388541
216026168103.0 274.57391099999995
216596583096.0 396.83386999999993
217259715493.0 351.96782999999994
217645598315.0 353.089481
217723471436.0 348.602877
217980566753.0 360.94103799999993
218572938271.0 363.18433999999996
218742205257.0 340.75131999999996
219697953709.0 421.51019199999996
220625972537.0 378.88745399999993
220899219512.0 364.30599099999995
221027462490.0 373.27919899999995
222905580984.0 344.116273
222963124153.0 347.481226
223861941086.0 274.57391099999995
224407483909.0 375.522501
225286627771.0 362.062689
226822457316.0 366.549293
227025280219.0 357.576085
227037070222.0 335.143065
227475444242.0 390.10396399999996
227615178135.0 368.79259499999995
227927103312.0 354.21113199999996
228316887682.0 308.223441
228986145299.0 270.08730699999995
229027703633.0 373.27919899999995
229321152548.0 385.61735999999996
229329905189.0 248.77593800000002
229394770208.0 342.99462199999994
229636442565.0 341.87297099999995
229992316471.0 339.629669
231412634803.0 272.330609
231521198542.0 399.07717199999996
232545472040.0 428.240098
232739377656.0 283.54711899999995
233221187919.0 342.99462199999994
233271887143.0 394.59056799999996
233492797241.0 318.31829999999997
233559764414.0 360.94103799999993
235263720174.0 338.508018
236037318846.0 339.629669
236620764476.0 349.72452799999996
236637345744.0 295.88527999999997
238271388870.0 345.23792399999996
238739488471.0 365.427642
238884907493.0 289.15537399999994
240111222343.0 263.357401
240422132805.0 273.45225999999997
240611943971.0 403.56377599999996
240763585004.0 349.72452799999996
241203795841.0 280.18216599999994
242473638343.0 312.710045
243044667959.0 292.52032699999995
243567270682.0 344.116273
244419198080.0 346.35957499999995
244620874594.0 334.02141399999994
244621681124.0 319.43995099999995
246143815307.0 327.29150799999996
246439085582.0 448.42981599999996
246443620611.0 327.29150799999996
247006500597.0 432.72670199999993
247025940978.0 350.84617899999995
247467818645.0 373.27919899999995
248797620805.0 337.38636699999995
249949522407.0 365.427642
250576774175.0 329.53481
250852340496.0 397.955521
251130217329.0 356.454434
251222436328.0 322.80490399999996
252743245961.0 348.602877
253259005922.0 295.88527999999997
253556153009.0 372.15754799999996
254111345937.0 280.18216599999994
254552284075.0 339.629669
254634426722.0 283.54711899999995
255194810344.0 344.116273
255209770245.0 392.347266
255234753272.0 374.40085
255561367632.0 350.84617899999995
255728746489.0 329.53481
256036293511.0 400.19882299999995
256365266040.0 334.02141399999994
256680537790.0 349.72452799999996
256846295914.0 423.75349399999993
257476808167.0 345.23792399999996
258263929275.0 355.33278299999995
258359792078.0 318.31829999999997
258370205578.0 329.53481
259064271396.0 364.30599099999995
259320122410.0 423.75349399999993
259567347351.0 235.316126
259906474676.0 381.13075599999996
261159491320.0 428.240098
261322217617.0 345.23792399999996
261345433458.0 388.982313
264662598688.0 318.31829999999997
264830346725.0 328.41315899999995
265074561966.0 353.089481
265297883901.0 360.94103799999993
265583133085.0 294.763629
267634461319.0 336.26471599999996
268030245508.0 299.250233
268570278576.0 402.442125
268889331603.0 348.602877
268978553261.0 354.21113199999996
269343986916.0 364.30599099999995
269488419490.0 372.15754799999996
270302686127.0 289.15537399999994
271296666333.0 360.94103799999993
271598883828.0 365.427642
271627885354.0 356.454434
271663451321.0 348.602877
272403837191.0 302.615186
