1382941362.0 169.138717
1653952463.0 165.773764
1724659604.0 205.031549
2027915338.0 185.963482
2464270267.0 97.35305299999999
2551437650.0 132.124234
2664281053.0 134.367536
4017941801.0 200.544945
4123019840.0 120.907724
4476355075.0 113.05616699999999
4482989124.0 127.63763
4662996197.0 116.42112
5014736625.0 118.664422
5058404596.0 155.67890500000001
5191300433.0 175.86862299999999
5379162174.0 116.42112
5632631640.0 154.557254
6391267336.0 131.002583
6445732913.0 145.584046
6700825474.0 135.489187
6997311073.0 147.827348
7805887796.0 172.50367
8088847804.0 134.367536
8214754740.0 132.124234
9402879075.0 150.07065
9527357918.0 111.934516
9637284257.0 105.20461
10296033839.0 109.691214
10620911623.0 133.24588500000002
10752316214.0 79.40663699999999
10823762858.0 145.584046
10834271568.0 115.29946900000002
11523748268.0 147.827348
11960699951.0 155.67890500000001
12168816418.0 194.93669
12291339281.0 125.394328
13200717117.0 101.83965699999999
13292106017.0 117.54277099999999
13467319537.0 160.16550900000001
13574414646.0 170.260368
13864108323.0 133.24588500000002
13926522926.0 154.557254
14084341791.0 128.75928100000002
14232141644.0 157.922207
14324386819.0 182.598529
14384749418.0 171.38201899999999
14648925295.0 118.664422
14705134522.0 98.474704
15235015076.0 146.70569700000001
15267090441.0 152.313952
15744829186.0 176.990274
15885332489.0 141.097442
16005826980.0 96.231402
16331845822.0 156.800556
17224336201.0 93.9881
17616533700.0 108.56956299999999
18052621195.0 129.880932
18257991268.0 165.773764
18765133611.0 155.67890500000001
18805454676.0 124.27267700000002
19107267286.0 163.530462
19236103682.0 122.02937499999999
19753485744.0 143.340744
19893633747.0 161.28716
20450092357.0 147.827348
20600090553.0 165.773764
21002193908.0 145.584046
21258618845.0 144.462395
21334023492.0 127.63763
21668952790.0 133.24588500000002
22167423516.0 126.51597899999999
22170738888.0 166.89541499999999
22693025981.0 98.474704
23090099903.0 163.530462
23110191296.0 147.827348
24890467882.0 138.85414
24955551162.0 154.557254
25137303482.0 151.19230100000001
25450064903.0 120.907724
25852314708.0 173.625321
26035924363.0 134.367536
26884731751.0 182.598529
27014196202.0 138.85414
27771951118.0 138.85414
28010986807.0 163.530462
28204642704.0 129.880932
28316611511.0 127.63763
28400831229.0 174.746972
28554383450.0 166.89541499999999
28786738896.0 152.313952
29109594242.0 172.50367
29121314489.0 154.557254
29735340877.0 119.78607300000002
30008977248.0 115.29946900000002
30200287072.0 126.51597899999999
30500804805.0 129.880932
30520596279.0 153.435603
30527530461.0 153.435603
30999550593.0 136.610838
31244575309.0 113.05616699999999
32721916973.0 111.934516
32757672672.0 160.16550900000001
32780463805.0 147.827348
33464134959.0 137.73248900000002
33896352021.0 164.652113
34478492481.0 107.447912
34866017471.0 114.177818
34919720060.0 137.73248900000002
35294215361.0 101.83965699999999
35338117945.0 165.773764
35745821570.0 122.02937499999999
35769791744.0 123.151026
36329725955.0 138.85414
36572129377.0 129.880932
36979117521.0 191.571737
37542905751.0 124.27267700000002
37727732986.0 169.138717
37862737472.0 105.20461
37949573626.0 133.24588500000002
38262905894.0 166.89541499999999
38564331096.0 104.08295899999999
38607579018.0 155.67890500000001
38660651663.0 178.111925
38716096010.0 118.664422
38786320520.0 117.54277099999999
38880827198.0 132.124234
39071475699.0 124.27267700000002
39312062882.0 163.530462
39599816273.0 163.530462
40165701904.0 136.610838
40256561020.0 115.29946900000002
40301042764.0 159.043858
40661000472.0 156.800556
40718049684.0 170.260368
40886261117.0 183.72018
40905762811.0 141.097442
41344662021.0 160.16550900000001
41548170295.0 239.80273000000003
41569064926.0 145.584046
42072041653.0 155.67890500000001
42127855189.0 118.664422
42156386753.0 162.408811
42255697572.0 104.08295899999999
42797654724.0 138.85414
43007234275.0 142.21909300000002
43171273659.0 170.260368
43716692306.0 151.19230100000001
43726565050.0 141.097442
44237577379.0 163.530462
44276172470.0 162.408811
44789864154.0 117.54277099999999
44805600787.0 118.664422
45380167077.0 161.28716
45539288682.0 141.097442
46133327852.0 144.462395
46766498314.0 139.975791
46773105250.0 137.73248900000002
47017181252.0 218.491361
47317482102.0 113.05616699999999
47939667387.0 110.81286500000002
48024603499.0 82.77159
48329030481.0 108.56956299999999
48766562558.0 160.16550900000001
49158614882.0 172.50367
49899551522.0 138.85414
49975914877.0 148.948999
50382727304.0 143.340744
50481253872.0 181.476878
50827311509.0 126.51597899999999
50897327779.0 168.017066
51633077174.0 118.664422
52160856283.0 100.718006
53225547080.0 142.21909300000002
53305607197.0 161.28716
53413599802.0 139.975791
53522821875.0 107.447912
53970912470.0 238.68107899999998
55160561337.0 159.043858
55257204744.0 120.907724
55955474476.0 141.097442
55998370455.0 123.151026
56259521959.0 157.922207
56348616052.0 145.584046
57456152618.0 148.948999
59046483061.0 179.233576
59229626456.0 183.72018
59577267664.0 143.340744
59611511516.0 153.435603
59912658262.0 141.097442
59972370068.0 136.610838
60338540055.0 147.827348
60496879556.0 136.610838
60903623787.0 143.340744
61090053020.0 147.827348
61371353657.0 152.313952
61698471944.0 117.54277099999999
61977108739.0 133.24588500000002
62072364591.0 133.24588500000002
62737600163.0 148.948999
62844127682.0 215.126408
63129724093.0 117.54277099999999
64001282264.0 108.56956299999999
64341913240.0 123.151026
64926837962.0 100.718006
64967905940.0 191.571737
65697103181.0 169.138717
65778051117.0 137.73248900000002
65965472305.0 170.260368
66188917236.0 93.9881
66516089341.0 159.043858
66663241303.0 151.19230100000001
66812984405.0 139.975791
66879720853.0 145.584046
67202393878.0 124.27267700000002
67422757938.0 139.975791
67595104884.0 153.435603
67730537985.0 224.099616
67986304980.0 198.30164299999998
68371393836.0 119.78607300000002
69031059392.0 127.63763
69048042250.0 104.08295899999999
69071235849.0 88.37984499999999
69563305424.0 148.948999
70658128765.0 148.948999
71325208728.0 154.557254
71465390317.0 135.489187
71673831524.0 116.42112
71901102353.0 123.151026
72150945724.0 137.73248900000002
72508970344.0 129.880932
72673125852.0 174.746972
72733478218.0 188.206784
73383099576.0 125.394328
73541809917.0 148.948999
73790575782.0 164.652113
73879285654.0 143.340744
74229194031.0 164.652113
74265527395.0 101.83965699999999
74623388807.0 194.93669
74634770999.0 139.975791
74749375355.0 145.584046
75214068091.0 141.097442
76575344291.0 123.151026
76721656051.0 136.610838
77566093051.0 134.367536
77669593167.0 189.32843499999998
78031096290.0 193.81503899999998
78345848896.0 139.975791
78611284175.0 114.177818
78637763795.0 102.961308
78929417437.0 100.718006
79312209251.0 133.24588500000002
79527468265.0 168.017066
80259632855.0 139.975791
80410417626.0 126.51597899999999
80575897591.0 110.81286500000002
80832080088.0 125.394328
80905151003.0 162.408811
81385345608.0 151.19230100000001
81445806862.0 153.435603
81602893125.0 128.75928100000002
81916208605.0 148.948999
81991742863.0 120.907724
82279751783.0 143.340744
83079223694.0 124.27267700000002
85413043208.0 125.394328
86609500395.0 191.571737
88078566773.0 113.05616699999999
88259877448.0 145.584046
88514431294.0 54.730315
88913208256.0 99.59635499999999
89164113195.0 133.24588500000002
89956443580.0 116.42112
90329186361.0 114.177818
90517252072.0 156.800556
91063921020.0 120.907724
91834606087.0 247.65428699999998
92371609368.0 151.19230100000001
92818899708.0 104.08295899999999
93584687389.0 180.35522699999999
93619710587.0 154.557254
94004442170.0 154.557254
94075675168.0 161.28716
94291248719.0 154.557254
94416700330.0 114.177818
94780624270.0 156.800556
94972282496.0 182.598529
95029271655.0 109.691214
95175100192.0 187.085133
95644200561.0 143.340744
95758199815.0 136.610838
96693353983.0 154.557254
96961712887.0 181.476878
97046357946.0 110.81286500000002
97546236573.0 162.408811
99274076066.0 180.35522699999999
99373287470.0 169.138717
99782761141.0 148.948999
100629821509.0 153.435603
100636961908.0 80.528288
101337043029.0 198.30164299999998
102065295691.0 230.829522
102438626631.0 99.59635499999999
102781838193.0 134.367536
102822920844.0 193.81503899999998
102888966454.0 131.002583
103364954773.0 87.258194
103673241387.0 135.489187
103821531016.0 152.313952
103898338542.0 155.67890500000001
104011517141.0 137.73248900000002
104548096547.0 99.59635499999999
104777392330.0 169.138717
104869853486.0 165.773764
105265705075.0 129.880932
105274851277.0 123.151026
105602839721.0 135.489187
106108461697.0 143.340744
106256580874.0 159.043858
106612077136.0 122.02937499999999
106721968772.0 192.693388
106724305011.0 142.21909300000002
107229568697.0 134.367536
107644634731.0 171.38201899999999
107807243968.0 133.24588500000002
107844437755.0 170.260368
108038169636.0 162.408811
108058487134.0 129.880932
108339679201.0 141.097442
108542350204.0 129.880932
108563467735.0 154.557254
109004259182.0 169.138717
110012583857.0 146.70569700000001
110016919961.0 110.81286500000002
110093937635.0 131.002583
110337360039.0 139.975791
110480281636.0 143.340744
110482143106.0 123.151026
111624667692.0 159.043858
111901855522.0 141.097442
111969515329.0 152.313952
112087256921.0 127.63763
112406263365.0 152.313952
113803400229.0 146.70569700000001
113823218804.0 124.27267700000002
113902971805.0 127.63763
114551271268.0 206.1532
115177292662.0 174.746972
115592218233.0 170.260368
116575543501.0 136.610838
116614303068.0 214.004757
117846390190.0 124.27267700000002
117963956817.0 125.394328
118084257283.0 182.598529
118334590190.0 151.19230100000001
119174884225.0 141.097442
119237345517.0 137.73248900000002
119248374350.0 134.367536
119433957867.0 96.231402
119455140343.0 148.948999
119916215284.0 170.260368
120047791970.0 96.231402
120217491948.0 165.773764
120421959033.0 171.38201899999999
120512629485.0 175.86862299999999
120623214280.0 146.70569700000001
120765642945.0 156.800556
120783219915.0 125.394328
121149447952.0 128.75928100000002
121419311114.0 145.584046
121428754400.0 152.313952
121468724721.0 127.63763
121632838937.0 129.880932
121672370078.0 129.880932
122347383786.0 152.313952
122956969168.0 139.975791
123258742021.0 105.20461
123523294340.0 135.489187
123645020470.0 135.489187
124056890574.0 151.19230100000001
124901309964.0 166.89541499999999
125182090379.0 182.598529
125200743818.0 139.975791
125377488968.0 122.02937499999999
125521976883.0 154.557254
125703518998.0 159.043858
125997077715.0 139.975791
126362834189.0 118.664422
126486425193.0 247.65428699999998
126737065461.0 190.450086
127434310215.0 151.19230100000001
127937145037.0 126.51597899999999
128318068818.0 161.28716
128396129710.0 86.13654299999999
128563720963.0 165.773764
128574355521.0 165.773764
128605157683.0 126.51597899999999
130060402168.0 162.408811
130429599977.0 136.610838
130604007030.0 108.56956299999999
131017667613.0 119.78607300000002
131107298389.0 159.043858
131547351881.0 48.000409
132137896969.0 135.489187
132522836672.0 110.81286500000002
132999563013.0 111.934516
133203015303.0 198.30164299999998
133781399727.0 145.584046
133789714077.0 170.260368
134110713800.0 133.24588500000002
134167126291.0 122.02937499999999
135018553722.0 124.27267700000002
135635236215.0 156.800556
135789881436.0 157.922207
135794330080.0 106.32626099999999
135955844266.0 170.260368
136136734099.0 138.85414
136140142722.0 99.59635499999999
136323204633.0 162.408811
136572548333.0 152.313952
136585478189.0 129.880932
136630577112.0 179.233576
137051944280.0 182.598529
138478113476.0 215.126408
139279929065.0 151.19230100000001
139288839436.0 156.800556
139727770968.0 156.800556
140229652668.0 170.260368
140422667534.0 102.961308
140513655963.0 123.151026
141764256839.0 152.313952
141776674570.0 139.975791
142069760407.0 160.16550900000001
142118024352.0 133.24588500000002
143104362546.0 159.043858
143149670912.0 122.02937499999999
143371894307.0 150.07065
144341372789.0 113.05616699999999
144528560308.0 134.367536
144882952043.0 150.07065
144924647011.0 133.24588500000002
144988907350.0 113.05616699999999
145039132138.0 135.489187
145420535487.0 160.16550900000001
145822008686.0 120.907724
146282660853.0 163.530462
147660241124.0 170.260368
147812761577.0 127.63763
147884105821.0 136.610838
147960727210.0 119.78607300000002
147996158872.0 165.773764
148252480293.0 173.625321
148412948392.0 165.773764
148527439091.0 135.489187
148554997819.0 109.691214
148889620482.0 172.50367
150093752336.0 151.19230100000001
150116659188.0 128.75928100000002
150129589309.0 159.043858
150668514889.0 90.62314699999999
150753151681.0 188.206784
150771702235.0 152.313952
151508366003.0 138.85414
151623810581.0 111.934516
151662681129.0 85.014892
152496431055.0 160.16550900000001
153425822819.0 144.462395
153467726927.0 119.78607300000002
153595404790.0 115.29946900000002
154210003230.0 128.75928100000002
154432157355.0 110.81286500000002
154997792854.0 154.557254
155339505841.0 206.1532
155569896789.0 109.691214
155956386216.0 133.24588500000002
156475714513.0 152.313952
156839075171.0 144.462395
157020480783.0 134.367536
157633092106.0 124.27267700000002
157849040197.0 128.75928100000002
157906132859.0 68.19012699999999
158625440456.0 134.367536
158674098675.0 129.880932
159538586968.0 163.530462
160043270762.0 146.70569700000001
160089659660.0 157.922207
160793137002.0 146.70569700000001
161313656322.0 147.827348
161924069602.0 96.231402
162089279122.0 111.934516
162388913040.0 128.75928100000002
162475516887.0 127.63763
162481754470.0 153.435603
162508332846.0 157.922207
162915001817.0 139.975791
163311037998.0 126.51597899999999
163495164127.0 128.75928100000002
163531567671.0 87.258194
164028718017.0 90.62314699999999
164096588661.0 188.206784
164392924697.0 160.16550900000001
164795747556.0 180.35522699999999
164804029455.0 106.32626099999999
165251618596.0 115.29946900000002
165473771685.0 96.231402
165624453436.0 139.975791
166083922204.0 154.557254
166372515219.0 230.829522
166757434503.0 180.35522699999999
166808174682.0 44.635456
166929300463.0 131.002583
167106770570.0 126.51597899999999
167211359352.0 175.86862299999999
167935665413.0 122.02937499999999
168193248709.0 151.19230100000001
168433026171.0 199.423294
169565220671.0 77.16333499999999
169609981273.0 136.610838
169795351238.0 159.043858
170235831460.0 190.450086
170753303007.0 194.93669
170779535523.0 127.63763
171610579844.0 151.19230100000001
171885927312.0 136.610838
172000844121.0 138.85414
172116853094.0 111.934516
172236195779.0 147.827348
172720800911.0 215.126408
172972006802.0 137.73248900000002
173151394961.0 170.260368
173166488245.0 122.02937499999999
173739096522.0 227.464569
174403540801.0 81.64993899999999
174468908120.0 211.76145499999998
174493611499.0 77.16333499999999
174810414769.0 161.28716
174984661248.0 210.639804
175058992722.0 131.002583
175095583996.0 133.24588500000002
175604138022.0 120.907724
175902570484.0 145.584046
175986729375.0 108.56956299999999
176008490287.0 113.05616699999999
176086341440.0 153.435603
176118891993.0 115.29946900000002
176671690976.0 90.62314699999999
177302245306.0 88.37984499999999
177490200599.0 139.975791
177501999290.0 107.447912
177555988998.0 135.489187
177699502157.0 148.948999
177853370052.0 125.394328
178447565754.0 141.097442
178922390258.0 71.55508
179136121229.0 109.691214
180269840706.0 172.50367
180405590323.0 147.827348
180411870025.0 157.922207
180669666290.0 101.83965699999999
180767011162.0 83.89324099999999
180851391282.0 133.24588500000002
181418297878.0 210.639804
181495199454.0 128.75928100000002
181498658996.0 152.313952
181663341385.0 124.27267700000002
182233897125.0 125.394328
182341850771.0 164.652113
182898104027.0 148.948999
183517209288.0 202.78824699999998
184336398617.0 109.691214
184458872284.0 139.975791
184729083720.0 89.501496
184838179264.0 119.78607300000002
184943563267.0 156.800556
185176538347.0 114.177818
185429568502.0 131.002583
186456568414.0 126.51597899999999
186889449807.0 151.19230100000001
186903244565.0 117.54277099999999
186971567567.0 160.16550900000001
187253930333.0 152.313952
187685716895.0 129.880932
188007916603.0 165.773764
188391279523.0 152.313952
188792170770.0 182.598529
188959742587.0 152.313952
189578254249.0 163.530462
189962851823.0 154.557254
190161463698.0 126.51597899999999
190177099506.0 126.51597899999999
190269376873.0 138.85414
190691181254.0 182.598529
190924713810.0 114.177818
191062100164.0 126.51597899999999
191305261515.0 138.85414
191735699434.0 127.63763
192393851672.0 101.83965699999999
192695252725.0 168.017066
193094297477.0 164.652113
193221762829.0 144.462395
193698332686.0 219.613012
194207889334.0 144.462395
195489373779.0 120.907724
195630921125.0 168.017066
196536619039.0 79.40663699999999
196884313141.0 148.948999
197481294693.0 105.20461
198159018440.0 203.909898
198939105993.0 159.043858
199135230946.0 115.29946900000002
199277279916.0 131.002583
199535328093.0 185.963482
199607968642.0 210.639804
199941912487.0 119.78607300000002
200050183264.0 164.652113
200188318953.0 180.35522699999999
200783727619.0 133.24588500000002
200984338586.0 116.42112
202079238391.0 142.21909300000002
202766846571.0 131.002583
203007583611.0 141.097442
203114537953.0 164.652113
203843730312.0 134.367536
204222225890.0 154.557254
204487058509.0 148.948999
204565968255.0 146.70569700000001
205027090821.0 152.313952
205499811787.0 120.907724
206025795714.0 146.70569700000001
