841789856.0 487.687601
940782304.0 513.4855739999999
1382941372.0 507.87731899999994
1653952471.0 533.675292
2027915347.0 494.417507
2322533073.0 521.337131
2464270274.0 547.135104
2551437656.0 524.7020839999999
2664281056.0 542.6484999999999
4123019843.0 500.025762
4476355082.0 516.8505269999999
4482989136.0 520.21548
4662996202.0 540.4051979999999
5014736632.0 530.310339
5058404604.0 508.99897
5066332285.0 475.34943999999996
5191300383.0 461.88962799999996
5379162182.0 548.256755
5632631644.0 473.106138
6391267338.0 522.4587819999999
6445732921.0 534.7969429999999
6700825479.0 537.0402449999999
6997311080.0 530.310339
8088847812.0 523.580433
8214754745.0 532.553641
9402879087.0 513.4855739999999
9527357921.0 512.363923
9637284260.0 537.0402449999999
10296033845.0 526.945386
10620911625.0 513.4855739999999
10752316222.0 544.891802
10823762864.0 541.526849
10834271584.0 532.553641
11523748276.0 493.29585599999996
11960699953.0 505.634017
12168816424.0 475.34943999999996
12291339291.0 503.390715
13200717124.0 522.4587819999999
13467319544.0 525.8237349999999
13574414650.0 496.660809
13575426532.0 515.728876
13864108328.0 531.4319899999999
13926522859.0 497.78246
14084341799.0 519.0938289999999
14232141653.0 521.337131
14300129960.0 530.310339
14324386850.0 456.281373
14384749422.0 514.607225
14648925302.0 522.4587819999999
14705134523.0 519.0938289999999
15235015085.0 507.87731899999994
15267090448.0 529.188688
15885332494.0 528.0670369999999
16331845832.0 541.526849
17224336211.0 519.0938289999999
17616533706.0 542.6484999999999
18052621203.0 528.0670369999999
18257991279.0 520.21548
18765133621.0 516.8505269999999
18805454683.0 519.0938289999999
19107267292.0 477.59274199999993
19236103606.0 492.174205
19753485751.0 498.90411099999994
19893633750.0 498.90411099999994
20450092364.0 538.161896
21002193917.0 526.945386
21258618855.0 533.675292
21334023497.0 516.8505269999999
21668952783.0 541.526849
22166492488.0 464.13293
22167423521.0 513.4855739999999
22693025988.0 502.26906399999996
23090099846.0 470.86283599999996
23110191304.0 476.47109099999994
24006879245.0 475.34943999999996
24890467889.0 519.0938289999999
24955551167.0 540.4051979999999
25137303509.0 528.0670369999999
25450064914.0 544.891802
25852314719.0 505.634017
26250849115.0 470.86283599999996
26936282854.0 489.93090299999994
27014196208.0 505.634017
27771951127.0 532.553641
28010986815.0 523.580433
28204642711.0 544.891802
28316611522.0 516.8505269999999
28400831234.0 482.079346
28786738860.0 515.728876
29109594246.0 496.660809
29121314501.0 541.526849
29735340886.0 532.553641
30008977256.0 497.78246
30200287084.0 505.634017
30500804810.0 508.99897
30520596285.0 525.8237349999999
30527530468.0 466.37623199999996
30999550600.0 512.363923
31237809731.0 508.99897
31244575317.0 508.99897
32721916980.0 534.7969429999999
32757672680.0 505.634017
32780463808.0 520.21548
33464134969.0 521.337131
33750510109.0 508.99897
33896352027.0 529.188688
34478492534.0 525.8237349999999
34866017475.0 526.945386
34919720065.0 529.188688
35294215297.0 517.972178
35338117948.0 491.052554
35745821506.0 510.1206209999999
35769791749.0 507.87731899999994
36329725958.0 486.56594999999993
36572129387.0 522.4587819999999
36979117527.0 483.200997
37727733014.0 501.1474129999999
37862737473.0 510.1206209999999
37949573635.0 510.1206209999999
38262905898.0 498.90411099999994
38564331103.0 544.891802
38607579026.0 511.24227199999996
38716096022.0 539.283547
38786320513.0 519.0938289999999
38880827203.0 524.7020839999999
39071475706.0 537.0402449999999
39312062976.0 491.052554
40165701909.0 549.3784059999999
40256561027.0 494.417507
40301042773.0 498.90411099999994
40661000478.0 535.918594
40718049691.0 520.21548
40886261025.0 466.37623199999996
40905762819.0 521.337131
41344661975.0 466.37623199999996
41569064929.0 510.1206209999999
42072041655.0 507.87731899999994
42127855201.0 496.660809
42156386763.0 534.7969429999999
42255697579.0 526.945386
42797654730.0 497.78246
43007234282.0 550.500057
43171273654.0 474.227789
43726565058.0 534.7969429999999
44237577389.0 511.24227199999996
44789864156.0 537.0402449999999
44805600797.0 496.660809
45078111706.0 519.0938289999999
45380167087.0 492.174205
45539288685.0 510.1206209999999
46133327860.0 512.363923
46512837006.0 519.0938289999999
46766498316.0 517.972178
46773105259.0 496.660809
47317482103.0 517.972178
47939667398.0 519.0938289999999
48024603504.0 534.7969429999999
48329030491.0 539.283547
48766562560.0 530.310339
49158614887.0 523.580433
49899551530.0 542.6484999999999
49975914886.0 522.4587819999999
50382727313.0 523.580433
50481253876.0 497.78246
50827311520.0 526.945386
50897327817.0 464.13293
51633077182.0 507.87731899999994
52160856290.0 533.675292
52701907368.0 469.741185
53225547086.0 483.200997
53305607204.0 471.98448699999994
53413599807.0 505.634017
53522821886.0 538.161896
55016569881.0 484.32264799999996
55257204745.0 507.87731899999994
55955474484.0 517.972178
55998370463.0 507.87731899999994
56062376897.0 510.1206209999999
56259521966.0 517.972178
56348616061.0 514.607225
57156935590.0 486.56594999999993
57456152626.0 492.174205
59046483090.0 463.01127899999994
59229626467.0 495.53915799999993
59577267666.0 503.390715
59601538118.0 464.13293
59611511520.0 471.98448699999994
59683870417.0 485.44429899999994
59912658271.0 476.47109099999994
59972370075.0 514.607225
60189812547.0 491.052554
60338540065.0 480.95769499999994
60496879561.0 513.4855739999999
60903623790.0 523.580433
61090053028.0 519.0938289999999
61371353660.0 522.4587819999999
61698471946.0 524.7020839999999
61977108787.0 487.687601
62072364602.0 507.87731899999994
62737600172.0 511.24227199999996
62844127690.0 478.714393
63129724098.0 491.052554
63722811141.0 515.728876
64001282263.0 515.728876
64341913246.0 531.4319899999999
65778051124.0 501.1474129999999
65877357411.0 535.918594
65965472310.0 477.59274199999993
66188917334.0 508.99897
66516089346.0 523.580433
66663241315.0 529.188688
66812984412.0 529.188688
66879720864.0 532.553641
67154602370.0 464.13293
67202393849.0 534.7969429999999
67422757943.0 500.025762
67595104944.0 504.51236599999993
67986304989.0 494.417507
68371393842.0 485.44429899999994
69031059399.0 526.945386
69048042259.0 550.500057
69071235855.0 547.135104
69563305428.0 504.51236599999993
69860076955.0 495.53915799999993
70658128772.0 500.025762
70955551653.0 476.47109099999994
71325208733.0 513.4855739999999
71465390323.0 546.0134529999999
71673831533.0 516.8505269999999
71901102361.0 525.8237349999999
72150945729.0 519.0938289999999
72508970353.0 513.4855739999999
73383099585.0 507.87731899999994
73541809927.0 525.8237349999999
73790575792.0 510.1206209999999
74229194040.0 495.53915799999993
74265527401.0 543.7701509999999
74623388817.0 457.40302399999996
74634771010.0 488.80925199999996
74749375362.0 493.29585599999996
75214068101.0 525.8237349999999
76307344335.0 497.78246
76575344299.0 514.607225
76721656061.0 504.51236599999993
77566093059.0 495.53915799999993
78031096300.0 480.95769499999994
78345848900.0 544.891802
78611284184.0 494.417507
78637763849.0 514.607225
78929417450.0 529.188688
79312209254.0 540.4051979999999
79527468267.0 497.78246
80259632792.0 487.687601
80410417633.0 502.26906399999996
80575897600.0 538.161896
80832080096.0 525.8237349999999
80905151005.0 504.51236599999993
81385345615.0 505.634017
81445806891.0 505.634017
81602893133.0 519.0938289999999
81916208618.0 478.714393
81991742867.0 523.580433
82279751787.0 529.188688
83079223704.0 542.6484999999999
85413043220.0 547.135104
86609500401.0 503.390715
88078566780.0 544.891802
88226509081.0 553.86501
88259877454.0 507.87731899999994
88514431235.0 549.3784059999999
88913208260.0 551.621708
89164113204.0 510.1206209999999
89956443584.0 512.363923
90517252081.0 491.052554
91063921028.0 517.972178
92072574789.0 502.26906399999996
92371609371.0 516.8505269999999
92818899718.0 524.7020839999999
93584687397.0 500.025762
93619710593.0 479.83604399999996
94004442177.0 543.7701509999999
94075675175.0 492.174205
94291248725.0 513.4855739999999
94416700296.0 501.1474129999999
94972282506.0 510.1206209999999
95029271691.0 504.51236599999993
95175100100.0 476.47109099999994
95644200570.0 504.51236599999993
95758199820.0 516.8505269999999
96693353989.0 526.945386
96961712896.0 486.56594999999993
97046357952.0 517.972178
99274076078.0 487.687601
99373287474.0 526.945386
99782761151.0 503.390715
99867351905.0 485.44429899999994
100629821517.0 494.417507
100636961914.0 533.675292
101337043037.0 493.29585599999996
102438626638.0 529.188688
102781838201.0 506.7556679999999
102822920855.0 475.34943999999996
102888966464.0 510.1206209999999
103364954783.0 535.918594
103673241394.0 542.6484999999999
103821531022.0 494.417507
103898338552.0 467.49788299999994
104011517143.0 534.7969429999999
104548096553.0 524.7020839999999
104869853494.0 529.188688
105265705080.0 484.32264799999996
105274851278.0 528.0670369999999
105602839726.0 482.079346
106108461706.0 480.95769499999994
106256580882.0 512.363923
106612077144.0 501.1474129999999
106721968680.0 480.95769499999994
106724305018.0 503.390715
107229568696.0 520.21548
107261765823.0 464.13293
107807243978.0 537.0402449999999
107844437762.0 498.90411099999994
108018224079.0 465.254581
108038169643.0 519.0938289999999
108058487145.0 489.93090299999994
108339679206.0 532.553641
108542350216.0 530.310339
108563467744.0 529.188688
109004259186.0 475.34943999999996
110012583864.0 531.4319899999999
110016919962.0 514.607225
110093937644.0 535.918594
110337360050.0 517.972178
110410814291.0 477.59274199999993
110480281645.0 480.95769499999994
110482143105.0 478.714393
111624667699.0 532.553641
111901855533.0 517.972178
111969515341.0 488.80925199999996
112087256932.0 473.106138
112406263376.0 480.95769499999994
112663182882.0 528.0670369999999
113803400238.0 512.363923
113823218814.0 507.87731899999994
113902971814.0 531.4319899999999
114551271277.0 457.40302399999996
115177292667.0 506.7556679999999
115592218239.0 475.34943999999996
116575543511.0 497.78246
116614303073.0 459.64632599999993
117846390197.0 501.1474129999999
118334590218.0 455.159722
119174884233.0 517.972178
119237345524.0 523.580433
119433957870.0 542.6484999999999
119455140352.0 512.363923
119916215289.0 522.4587819999999
120047791971.0 513.4855739999999
120421959040.0 521.337131
120512629492.0 522.4587819999999
120623214289.0 461.88962799999996
120765643002.0 522.4587819999999
120783219926.0 538.161896
121149447955.0 544.891802
121419311117.0 540.4051979999999
121428754407.0 473.106138
121468724723.0 494.417507
121632838951.0 496.660809
122347383796.0 511.24227199999996
122952715105.0 525.8237349999999
122956969172.0 510.1206209999999
123258742031.0 543.7701509999999
123523294339.0 525.8237349999999
123645020479.0 502.26906399999996
124056890582.0 488.80925199999996
124901309969.0 485.44429899999994
125182090446.0 489.93090299999994
125200743825.0 522.4587819999999
125377488974.0 502.26906399999996
125412700979.0 532.553641
125521976932.0 459.64632599999993
125535657591.0 508.99897
125703519005.0 537.0402449999999
125997077725.0 474.227789
126362834199.0 537.0402449999999
126737065425.0 459.64632599999993
127161093253.0 463.01127899999994
127434310225.0 535.918594
127937145041.0 523.580433
128318068823.0 498.90411099999994
128396129715.0 553.86501
128563720968.0 487.687601
128574355531.0 498.90411099999994
128605157694.0 525.8237349999999
130060402175.0 503.390715
130429599985.0 475.34943999999996
130604007038.0 521.337131
131017667615.0 520.21548
131107298394.0 513.4855739999999
131547351892.0 553.86501
132137896974.0 521.337131
132522836681.0 552.7433589999999
132999563015.0 549.3784059999999
133203015321.0 493.29585599999996
133781399737.0 529.188688
133789714081.0 468.61953399999993
134110713807.0 522.4587819999999
134167126300.0 530.310339
135018553725.0 512.363923
135635236221.0 469.741185
135789881442.0 526.945386
135794330047.0 517.972178
135873787352.0 458.52467499999995
135955844273.0 479.83604399999996
136008423535.0 539.283547
136136734108.0 494.417507
136140142727.0 508.99897
136323204634.0 464.13293
136572548337.0 519.0938289999999
136585478201.0 517.972178
137051944285.0 501.1474129999999
137060919722.0 468.61953399999993
138478113484.0 468.61953399999993
139279929100.0 514.607225
139288839447.0 507.87731899999994
139727770978.0 501.1474129999999
140229652668.0 507.87731899999994
140422667541.0 526.945386
140513655972.0 521.337131
140913545542.0 503.390715
141764256843.0 507.87731899999994
141776674578.0 475.34943999999996
142069760465.0 488.80925199999996
142118024359.0 519.0938289999999
143104362553.0 530.310339
143149670913.0 510.1206209999999
143371894313.0 480.95769499999994
144341372799.0 494.417507
144528560311.0 505.634017
144882952049.0 494.417507
144924647021.0 517.972178
144988907358.0 520.21548
145039132143.0 516.8505269999999
145420535495.0 522.4587819999999
145822008695.0 526.945386
146361199412.0 495.53915799999993
147561958263.0 470.86283599999996
147660241132.0 514.607225
147709726043.0 523.580433
147812761585.0 538.161896
147884105831.0 492.174205
147960727221.0 537.0402449999999
147996158883.0 510.1206209999999
148252480302.0 483.200997
148412948397.0 513.4855739999999
148527439099.0 519.0938289999999
148554997830.0 546.0134529999999
148889620492.0 478.714393
150093752344.0 506.7556679999999
150116659093.0 548.256755
150129589317.0 512.363923
150771702245.0 498.90411099999994
151508366013.0 540.4051979999999
151623810587.0 523.580433
151662681079.0 522.4587819999999
152496431063.0 507.87731899999994
153425822826.0 530.310339
153467726933.0 529.188688
153595404801.0 501.1474129999999
154210003240.0 539.283547
154432157363.0 530.310339
154997792865.0 468.61953399999993
155339505843.0 475.34943999999996
155569896801.0 504.51236599999993
155956386223.0 531.4319899999999
156475714515.0 496.660809
156839075181.0 484.32264799999996
157020480791.0 533.675292
157258179094.0 469.741185
157633092117.0 497.78246
157849040200.0 495.53915799999993
158625440466.0 510.1206209999999
158674098682.0 511.24227199999996
159538586976.0 492.174205
160043270772.0 510.1206209999999
160793137013.0 500.025762
161313656329.0 523.580433
161924069607.0 543.7701509999999
162388913052.0 520.21548
162481754379.0 529.188688
162508332858.0 525.8237349999999
162915001820.0 508.99897
163311038010.0 546.0134529999999
163495164140.0 519.0938289999999
163531567669.0 532.553641
164028718028.0 512.363923
164096588724.0 475.34943999999996
164392924701.0 513.4855739999999
164795747562.0 479.83604399999996
164804029462.0 532.553641
165049313980.0 491.052554
165251618604.0 507.87731899999994
165473771696.0 533.675292
165624453443.0 524.7020839999999
166083922207.0 504.51236599999993
166305940284.0 501.1474129999999
166757434508.0 465.254581
166929300469.0 529.188688
167211359356.0 496.660809
167727626582.0 477.59274199999993
167935665419.0 535.918594
168193248716.0 458.52467499999995
168217221783.0 464.13293
169565220678.0 531.4319899999999
169609981281.0 523.580433
169795351201.0 501.1474129999999
170235831484.0 480.95769499999994
170475475720.0 477.59274199999993
170753302967.0 493.29585599999996
170779535532.0 517.972178
171610579850.0 521.337131
171885927315.0 528.0670369999999
172000844127.0 510.1206209999999
172116853105.0 540.4051979999999
172236195788.0 505.634017
172657179747.0 515.728876
172720800899.0 459.64632599999993
172972006812.0 505.634017
173151394966.0 506.7556679999999
173166488254.0 504.51236599999993
173739096483.0 469.741185
174493611506.0 552.7433589999999
174810414776.0 535.918594
175058992734.0 530.310339
175095584005.0 483.200997
175604138023.0 530.310339
175902570492.0 495.53915799999993
175986729388.0 540.4051979999999
176008490297.0 549.3784059999999
176086341447.0 517.972178
176118892002.0 511.24227199999996
176671690981.0 550.500057
177302245349.0 547.135104
177490200601.0 504.51236599999993
177501999297.0 514.607225
177555989003.0 535.918594
177699502164.0 533.675292
177853370057.0 532.553641
178447565757.0 510.1206209999999
178922390262.0 540.4051979999999
179136121239.0 535.918594
180269840713.0 482.079346
180405590330.0 500.025762
180411870031.0 531.4319899999999
180444877502.0 508.99897
180669666293.0 502.26906399999996
180767011173.0 530.310339
180851391294.0 530.310339
181418297885.0 461.88962799999996
181495199458.0 513.4855739999999
181498659001.0 496.660809
181663341388.0 532.553641
182341850779.0 475.34943999999996
182898104033.0 508.99897
183517209255.0 478.714393
184336398627.0 526.945386
184458872291.0 553.86501
184729083722.0 532.553641
184838179273.0 537.0402449999999
184943563274.0 495.53915799999993
185176538354.0 553.86501
185429568512.0 526.945386
186456568414.0 548.256755
186889449814.0 513.4855739999999
186903244568.0 493.29585599999996
186971567570.0 532.553641
187253930341.0 492.174205
187685716902.0 525.8237349999999
188007916604.0 497.78246
188391279530.0 510.1206209999999
188792170774.0 476.47109099999994
188959742595.0 477.59274199999993
189578254258.0 504.51236599999993
189962851865.0 465.254581
190161463705.0 503.390715
190177099509.0 524.7020839999999
190269376882.0 521.337131
190691181161.0 508.99897
190924713817.0 538.161896
191025095420.0 530.310339
191062100173.0 547.135104
191305261525.0 515.728876
191735699437.0 506.7556679999999
192241384421.0 514.607225
192393215460.0 458.52467499999995
192393851680.0 529.188688
192695252736.0 495.53915799999993
193094297478.0 521.337131
193221762830.0 503.390715
193685302899.0 492.174205
193698332653.0 463.01127899999994
194207889338.0 513.4855739999999
195489373785.0 535.918594
195630921132.0 524.7020839999999
196536619029.0 550.500057
196884313150.0 498.90411099999994
196911901896.0 491.052554
198159018445.0 494.417507
198939105997.0 478.714393
199277279924.0 524.7020839999999
199535328125.0 494.417507
199607968648.0 464.13293
199941912497.0 497.78246
200050183269.0 516.8505269999999
200188318912.0 507.87731899999994
200239908185.0 483.200997
200562471142.0 456.281373
200783727623.0 528.0670369999999
200984338595.0 524.7020839999999
202079238389.0 549.3784059999999
202766846577.0 550.500057
203007583618.0 500.025762
203022786900.0 512.363923
203031495164.0 492.174205
203114537960.0 497.78246
203843730317.0 530.310339
204222225902.0 534.7969429999999
204487058515.0 514.607225
204565968266.0 535.918594
205027090830.0 506.7556679999999
205499811796.0 515.728876
205610025730.0 500.025762
206025795722.0 473.106138
