690033025.0 301.49353499999995
2173636160.0 300.37188399999997
3266962509.0 365.427642
3385077446.0 270.08730699999995
5263000077.0 373.27919899999995
5802282288.0 360.94103799999993
7106094711.0 289.15537399999994
7287882029.0 375.522501
7370096623.0 294.763629
8648281648.0 356.454434
13521966444.0 374.40085
13655286922.0 276.817213
15396761749.0 355.33278299999995
15649002006.0 360.94103799999993
18461075991.0 368.79259499999995
20768787196.0 323.92655499999995
21150139901.0 311.588394
21189903590.0 259.99244799999997
21659599037.0 350.84617899999995
21704028593.0 327.29150799999996
23591451038.0 345.23792399999996
24136392912.0 353.089481
25533972795.0 272.330609
26251366034.0 256.62749499999995
26781436850.0 290.277025
27342496221.0 359.81938699999995
28016553699.0 291.39867599999997
28145964282.0 265.60070299999995
28206036717.0 367.67094399999996
30067836332.0 340.75131999999996
30418551521.0 332.89976299999995
30457240861.0 301.49353499999995
31324635433.0 345.23792399999996
34269356871.0 258.870797
34270019016.0 290.277025
35333433587.0 302.615186
36229022718.0 341.87297099999995
36477654577.0 282.42546799999997
38498171719.0 309.34509199999997
39723356128.0 286.91207199999997
40323521166.0 256.62749499999995
41055539097.0 351.96782999999994
41160307654.0 265.60070299999995
42788902495.0 276.817213
42802916996.0 316.07499799999994
44719411541.0 367.67094399999996
44728912652.0 282.42546799999997
45061228446.0 367.67094399999996
45368422499.0 334.02141399999994
46154216953.0 294.763629
46602902615.0 328.41315899999995
47880244840.0 330.656461
48005679000.0 302.615186
48745941439.0 332.89976299999995
49730798671.0 262.23574999999994
49742180503.0 318.31829999999997
50603586915.0 368.79259499999995
53789943830.0 275.695562
54005787467.0 351.96782999999994
55629059528.0 338.508018
58551292926.0 266.722354
58578014590.0 265.60070299999995
58640361810.0 305.98013899999995
58806388174.0 356.454434
59804331015.0 321.683253
60399092725.0 360.94103799999993
60522678664.0 281.303817
61703050389.0 317.196649
61832289609.0 338.508018
62288326181.0 285.790421
62750261163.0 280.18216599999994
63133044614.0 355.33278299999995
63737671725.0 327.29150799999996
64270267239.0 345.23792399999996
64781179559.0 295.88527999999997
68727812791.0 274.57391099999995
68805914407.0 347.481226
68851219973.0 372.15754799999996
69363956947.0 365.427642
69405078534.0 285.790421
69428153569.0 286.91207199999997
69554885349.0 311.588394
70464226946.0 342.99462199999994
70645368058.0 295.88527999999997
71189748153.0 329.53481
71248434145.0 362.062689
72574477811.0 360.94103799999993
72939907134.0 257.749146
74754188897.0 369.91424599999993
75482586701.0 292.52032699999995
76033995560.0 329.53481
76941273025.0 273.45225999999997
77326849672.0 373.27919899999995
77436866853.0 362.062689
78620106691.0 329.53481
78652634756.0 323.92655499999995
79003392673.0 322.80490399999996
79681311087.0 353.089481
80224241436.0 312.710045
80544473383.0 280.18216599999994
80716942118.0 371.035897
82797766987.0 294.763629
85238101154.0 285.790421
86965338193.0 316.07499799999994
88116535598.0 347.481226
88314983691.0 274.57391099999995
88590931192.0 341.87297099999995
90337947445.0 345.23792399999996
92608521570.0 325.04820599999994
92635187673.0 280.18216599999994
93244761763.0 305.98013899999995
93462486845.0 337.38636699999995
94204279371.0 294.763629
94222395463.0 272.330609
95467150770.0 274.57391099999995
95740898754.0 283.54711899999995
95802231535.0 311.588394
98273516763.0 374.40085
99565218298.0 320.561602
99634091440.0 258.870797
100435728907.0 317.196649
100828784226.0 294.763629
101122444153.0 353.089481
101909534539.0 313.83169599999997
102423400278.0 353.089481
102520927057.0 366.549293
103891424764.0 318.31829999999997
103913870005.0 261.11409899999995
104762717350.0 335.143065
104763636208.0 374.40085
106596212020.0 355.33278299999995
107529801948.0 270.08730699999995
107734516401.0 288.03372299999995
107790563517.0 320.561602
107886468384.0 257.749146
108016829599.0 335.143065
108629584390.0 332.89976299999995
111968087493.0 307.10178999999994
112680444601.0 311.588394
112760283009.0 286.91207199999997
113566823657.0 256.62749499999995
113850853076.0 350.84617899999995
114778193900.0 298.12858199999994
115706575804.0 295.88527999999997
115924091458.0 305.98013899999995
116077145058.0 256.62749499999995
118282684830.0 303.736837
118371762917.0 272.330609
118559777732.0 257.749146
118652621895.0 336.26471599999996
118929627891.0 317.196649
119370543587.0 326.169857
120981307005.0 295.88527999999997
121848886282.0 358.69773599999996
124116252948.0 270.08730699999995
126232231834.0 311.588394
126673528517.0 375.522501
128699835657.0 284.66877
128891615798.0 362.062689
130528729506.0 311.588394
130714233308.0 264.47905199999997
130747895869.0 277.93886399999997
131617638562.0 336.26471599999996
132588645901.0 257.749146
132811251358.0 330.656461
133244861049.0 295.88527999999997
134976959799.0 300.37188399999997
137128198484.0 360.94103799999993
137540142186.0 368.79259499999995
140374938243.0 323.92655499999995
141242014607.0 304.85848799999997
142758836866.0 371.035897
144147243317.0 347.481226
144458743990.0 257.749146
144741253372.0 348.602877
144856432339.0 339.629669
145055253086.0 298.12858199999994
145541943720.0 322.80490399999996
145569617652.0 284.66877
146109729728.0 334.02141399999994
147421998924.0 301.49353499999995
147566495564.0 291.39867599999997
150875322227.0 256.62749499999995
151155070460.0 257.749146
152673703580.0 285.790421
152795380847.0 331.77811199999996
153411635943.0 332.89976299999995
154245973914.0 284.66877
155015707724.0 339.629669
155356909679.0 307.10178999999994
155387389777.0 330.656461
155464538448.0 359.81938699999995
156753032726.0 346.35957499999995
157192124004.0 292.52032699999995
158743879768.0 310.46674299999995
159915396135.0 360.94103799999993
160242052655.0 289.15537399999994
160375242923.0 259.99244799999997
160819022024.0 275.695562
160955569435.0 316.07499799999994
162438515370.0 320.561602
162550676924.0 345.23792399999996
162892360194.0 334.02141399999994
162923732128.0 291.39867599999997
163020889272.0 290.277025
164986213664.0 321.683253
166079618619.0 344.116273
166730608847.0 301.49353499999995
167309107537.0 286.91207199999997
170782562869.0 256.62749499999995
171807159419.0 356.454434
173930014893.0 334.02141399999994
174745627498.0 373.27919899999995
175930161606.0 331.77811199999996
176304653364.0 329.53481
176456543621.0 375.522501
176653462082.0 288.03372299999995
176849913255.0 339.629669
177320731302.0 328.41315899999995
178236120466.0 268.96565599999997
179205989279.0 300.37188399999997
180210955808.0 275.695562
182425567949.0 366.549293
183396937196.0 267.844005
183740786373.0 279.06051499999995
184548198416.0 307.10178999999994
184642343079.0 327.29150799999996
226563773.0 302.615186
1703090549.0 360.94103799999993
1953008821.0 348.602877
1983733720.0 347.481226
2140151361.0 357.576085
2873506288.0 293.641978
4352075515.0 319.43995099999995
5803486099.0 331.77811199999996
6178501269.0 313.83169599999997
7374403415.0 303.736837
7731862896.0 314.95334699999995
7736621138.0 331.77811199999996
7842432318.0 298.12858199999994
9551845624.0 312.710045
9964526159.0 318.31829999999997
9993063059.0 374.40085
10684716749.0 280.18216599999994
10685271163.0 314.95334699999995
11021577555.0 308.223441
11196869091.0 325.04820599999994
12562171161.0 304.85848799999997
12606895900.0 277.93886399999997
12683733302.0 294.763629
12891908816.0 303.736837
13484863697.0 310.46674299999995
13878188223.0 321.683253
14292166582.0 336.26471599999996
14608974408.0 281.303817
15847337404.0 285.790421
16064689931.0 358.69773599999996
16241278110.0 373.27919899999995
16529065673.0 344.116273
16586525514.0 354.21113199999996
16620908895.0 323.92655499999995
16708159753.0 326.169857
17524376394.0 288.03372299999995
18060984478.0 259.99244799999997
18127449468.0 374.40085
18164226502.0 322.80490399999996
18768873285.0 292.52032699999995
18945324237.0 266.722354
19866627828.0 310.46674299999995
20694338843.0 342.99462199999994
20945412884.0 326.169857
21024522619.0 312.710045
21503321334.0 336.26471599999996
21515932509.0 367.67094399999996
21776780993.0 320.561602
21903589264.0 346.35957499999995
22080830294.0 309.34509199999997
24221399029.0 346.35957499999995
24452597751.0 321.683253
24549819527.0 295.88527999999997
24579129373.0 364.30599099999995
25072081501.0 339.629669
25307975423.0 316.07499799999994
25524803074.0 309.34509199999997
25928618049.0 339.629669
26512254012.0 279.06051499999995
26720420282.0 360.94103799999993
26860717398.0 350.84617899999995
27175055077.0 310.46674299999995
27958310188.0 295.88527999999997
28220610996.0 332.89976299999995
29497148931.0 318.31829999999997
29986316289.0 334.02141399999994
30012147917.0 332.89976299999995
30029738695.0 325.04820599999994
30347463340.0 325.04820599999994
30840554358.0 318.31829999999997
31321634847.0 261.11409899999995
31362222413.0 327.29150799999996
32834719266.0 358.69773599999996
33002061947.0 319.43995099999995
33178175880.0 351.96782999999994
34150794228.0 300.37188399999997
34645117421.0 261.11409899999995
34897396810.0 289.15537399999994
34997592151.0 314.95334699999995
35303441368.0 326.169857
36277332468.0 297.00693099999995
36887430572.0 325.04820599999994
37695457671.0 297.00693099999995
38022993654.0 331.77811199999996
39153768316.0 346.35957499999995
39301017909.0 344.116273
39410384602.0 330.656461
39661641029.0 322.80490399999996
40718035736.0 285.790421
41128159226.0 312.710045
41257744360.0 313.83169599999997
42944153645.0 311.588394
43206167522.0 317.196649
43243025268.0 317.196649
43309478191.0 294.763629
43559328394.0 309.34509199999997
43658686063.0 282.42546799999997
43959488057.0 309.34509199999997
44595549057.0 326.169857
46714785943.0 319.43995099999995
47309769223.0 301.49353499999995
47578567114.0 323.92655499999995
47923477041.0 340.75131999999996
48118119490.0 285.790421
48158440452.0 330.656461
48185639421.0 314.95334699999995
48998353104.0 257.749146
49131368735.0 301.49353499999995
49382046900.0 331.77811199999996
49878335646.0 263.357401
49904558432.0 301.49353499999995
50532977592.0 344.116273
51237077564.0 318.31829999999997
51402054667.0 294.763629
51899770315.0 335.143065
52041705089.0 316.07499799999994
52149653030.0 314.95334699999995
52204126269.0 317.196649
52875039346.0 338.508018
55058708915.0 325.04820599999994
55060093759.0 318.31829999999997
55209385129.0 312.710045
55655028764.0 314.95334699999995
55845208121.0 300.37188399999997
56431631732.0 300.37188399999997
57505708477.0 293.641978
58318899202.0 271.20895799999994
58480267869.0 312.710045
59100227276.0 300.37188399999997
60458075204.0 350.84617899999995
60925306957.0 309.34509199999997
61274005872.0 308.223441
62082242869.0 344.116273
62345781048.0 342.99462199999994
63957865566.0 336.26471599999996
64384832604.0 266.722354
65675262621.0 256.62749499999995
65730551679.0 331.77811199999996
65893649185.0 335.143065
66571456813.0 347.481226
66643109906.0 345.23792399999996
67153952555.0 309.34509199999997
67365677004.0 327.29150799999996
67821030226.0 258.870797
67859714046.0 308.223441
67899179611.0 329.53481
68307914760.0 339.629669
69140223498.0 297.00693099999995
69658715175.0 277.93886399999997
70612608386.0 331.77811199999996
70649070006.0 294.763629
71488318757.0 328.41315899999995
71798435291.0 309.34509199999997
72063745326.0 295.88527999999997
74604117564.0 293.641978
75056109770.0 325.04820599999994
77799277300.0 276.817213
77929207536.0 295.88527999999997
77959867480.0 289.15537399999994
78045403950.0 312.710045
78479007812.0 295.88527999999997
79048187029.0 308.223441
79391828321.0 263.357401
79853603301.0 345.23792399999996
80039726754.0 334.02141399999994
80840110953.0 334.02141399999994
82271347253.0 367.67094399999996
83917340631.0 349.72452799999996
84068529754.0 320.561602
84895079716.0 309.34509199999997
84972859393.0 320.561602
85491559826.0 325.04820599999994
85939704109.0 330.656461
86465883257.0 321.683253
86466565708.0 331.77811199999996
87239415766.0 320.561602
89550479848.0 267.844005
89804637315.0 311.588394
90188106104.0 336.26471599999996
90689301387.0 301.49353499999995
91693059596.0 359.81938699999995
92318686752.0 375.522501
92470460873.0 322.80490399999996
92604636284.0 279.06051499999995
93697507243.0 319.43995099999995
94880533911.0 332.89976299999995
96078655259.0 302.615186
96380503241.0 354.21113199999996
96845090064.0 338.508018
96985219622.0 263.357401
97060747161.0 330.656461
99220243112.0 277.93886399999997
99508412625.0 374.40085
99703421023.0 320.561602
99759848363.0 259.99244799999997
100263582724.0 303.736837
100804230460.0 280.18216599999994
103386638085.0 273.45225999999997
103844247795.0 268.96565599999997
103996457212.0 360.94103799999993
104193252812.0 334.02141399999994
104245614652.0 344.116273
105206464727.0 337.38636699999995
105462435663.0 316.07499799999994
105491363500.0 290.277025
106029079633.0 312.710045
106235490582.0 290.277025
106663113980.0 294.763629
107445196342.0 305.98013899999995
108900088157.0 330.656461
108968687382.0 325.04820599999994
110687538242.0 365.427642
110802706903.0 321.683253
110869604544.0 336.26471599999996
111330862680.0 284.66877
113054114111.0 341.87297099999995
113783493278.0 275.695562
115031019168.0 334.02141399999994
116730787377.0 360.94103799999993
117361113371.0 304.85848799999997
117950182895.0 322.80490399999996
119199346145.0 301.49353499999995
119369908076.0 304.85848799999997
120160324418.0 323.92655499999995
120375069859.0 323.92655499999995
120691467787.0 331.77811199999996
121542133137.0 271.20895799999994
121575811072.0 283.54711899999995
121851348231.0 261.11409899999995
122235952082.0 320.561602
122265011599.0 340.75131999999996
123369866566.0 295.88527999999997
123449431673.0 320.561602
124250039031.0 326.169857
125110832313.0 354.21113199999996
125625147549.0 318.31829999999997
125885429108.0 263.357401
126084425790.0 268.96565599999997
126281363251.0 265.60070299999995
127058474679.0 351.96782999999994
127337307556.0 295.88527999999997
127799520965.0 345.23792399999996
127865999680.0 274.57391099999995
128494916909.0 310.46674299999995
129797565953.0 369.91424599999993
130018191737.0 345.23792399999996
130542580145.0 256.62749499999995
131242669042.0 327.29150799999996
131283357653.0 374.40085
131900274369.0 267.844005
133117377073.0 319.43995099999995
133535698168.0 341.87297099999995
133695372387.0 364.30599099999995
134713281918.0 300.37188399999997
135274821786.0 257.749146
135937146882.0 337.38636699999995
136087528238.0 336.26471599999996
136269785874.0 311.588394
136301195666.0 353.089481
136762990971.0 305.98013899999995
136809876508.0 265.60070299999995
137221847757.0 335.143065
137271307518.0 368.79259499999995
137302136441.0 340.75131999999996
137343456186.0 292.52032699999995
137980147038.0 303.736837
138901016410.0 357.576085
139740391687.0 270.08730699999995
139786143929.0 353.089481
140785704141.0 270.08730699999995
140850242866.0 314.95334699999995
141414139012.0 277.93886399999997
141531723932.0 329.53481
141760105772.0 334.02141399999994
142155190616.0 289.15537399999994
143407987362.0 271.20895799999994
144532396148.0 299.250233
145339378119.0 367.67094399999996
145493959221.0 332.89976299999995
145539707936.0 327.29150799999996
146086832040.0 330.656461
146323408641.0 336.26471599999996
147008456187.0 365.427642
147063510398.0 262.23574999999994
148793675667.0 348.602877
149693508396.0 284.66877
149942738787.0 325.04820599999994
150025231335.0 319.43995099999995
150355679879.0 330.656461
150714836005.0 328.41315899999995
150901745353.0 301.49353499999995
151481032917.0 266.722354
152637803270.0 282.42546799999997
152922072748.0 267.844005
153451366527.0 348.602877
154316716605.0 353.089481
154823307823.0 316.07499799999994
155051233898.0 329.53481
155478327858.0 307.10178999999994
155846760355.0 342.99462199999994
156248167674.0 305.98013899999995
157749886845.0 327.29150799999996
158992362600.0 323.92655499999995
162978457093.0 313.83169599999997
163767119899.0 334.02141399999994
163937659519.0 256.62749499999995
165414851899.0 257.749146
165593656251.0 272.330609
165641559420.0 325.04820599999994
165824413359.0 307.10178999999994
165919625277.0 340.75131999999996
165940725343.0 346.35957499999995
166934069739.0 295.88527999999997
168010627394.0 341.87297099999995
169500686158.0 350.84617899999995
169803586936.0 285.790421
169899083569.0 294.763629
170508168920.0 314.95334699999995
170777165467.0 313.83169599999997
171753665552.0 341.87297099999995
172210503030.0 314.95334699999995
172798061105.0 342.99462199999994
173947604751.0 258.870797
174439540048.0 368.79259499999995
174635215130.0 336.26471599999996
175301690385.0 311.588394
175446577415.0 313.83169599999997
177516244933.0 310.46674299999995
177771930277.0 300.37188399999997
177871141069.0 321.683253
178540961483.0 320.561602
180342030564.0 335.143065
180509076283.0 374.40085
181643449254.0 308.223441
181914448236.0 346.35957499999995
182030451125.0 314.95334699999995
184776029574.0 340.75131999999996
184870510142.0 321.683253
184996757088.0 320.561602
186355416028.0 347.481226
186621463399.0 301.49353499999995
187706059704.0 329.53481
187784015162.0 323.92655499999995
188152737500.0 302.615186
189533894269.0 312.710045
189794596495.0 271.20895799999994
190629222953.0 298.12858199999994
190772810883.0 309.34509199999997
191031536234.0 323.92655499999995
191048377118.0 297.00693099999995
191201804044.0 286.91207199999997
192556258315.0 363.18433999999996
192755002856.0 340.75131999999996
193699015426.0 371.035897
194086792916.0 360.94103799999993
195103271109.0 259.99244799999997
195103569452.0 329.53481
195182944893.0 330.656461
195740421061.0 274.57391099999995
195762281397.0 329.53481
196156992417.0 311.588394
196794984265.0 320.561602
197049843583.0 285.790421
197147537276.0 285.790421
198541439483.0 302.615186
198600813779.0 329.53481
198960190940.0 302.615186
199451036361.0 258.870797
199652549080.0 321.683253
199820427885.0 305.98013899999995
200302558732.0 277.93886399999997
201473402540.0 357.576085
201536826268.0 325.04820599999994
201977193602.0 294.763629
202648129076.0 374.40085
203118139037.0 338.508018
203590459110.0 374.40085
203761470465.0 347.481226
203840041088.0 336.26471599999996
205931752471.0 316.07499799999994
206038588796.0 302.615186
206576520689.0 320.561602
207205282363.0 320.561602
207402089739.0 337.38636699999995
207743333334.0 303.736837
208056890268.0 360.94103799999993
208087361545.0 302.615186
208121988164.0 322.80490399999996
208183171508.0 314.95334699999995
208641261118.0 313.83169599999997
208786301287.0 329.53481
210661828800.0 311.588394
210946002542.0 351.96782999999994
211072882960.0 272.330609
211191687863.0 288.03372299999995
213464219069.0 348.602877
213607884920.0 337.38636699999995
213697184888.0 320.561602
214226003544.0 271.20895799999994
214812339158.0 338.508018
215201324712.0 299.250233
215548680093.0 276.817213
216026168110.0 356.454434
216596583083.0 293.641978
217259715502.0 299.250233
217645598403.0 323.92655499999995
217723471443.0 334.02141399999994
217980566761.0 313.83169599999997
218572938308.0 297.00693099999995
218742205264.0 308.223441
219697953785.0 277.93886399999997
220625972497.0 273.45225999999997
220899219520.0 304.85848799999997
221027462498.0 294.763629
222905581028.0 366.549293
222963124101.0 360.94103799999993
223861941092.0 345.23792399999996
224407483916.0 339.629669
225286627865.0 292.52032699999995
226822457324.0 327.29150799999996
227025280227.0 350.84617899999995
227037070231.0 323.92655499999995
227475444264.0 266.722354
227615178143.0 318.31829999999997
227927103319.0 268.96565599999997
228316887691.0 341.87297099999995
228986145306.0 330.656461
229027703711.0 257.749146
229321152474.0 273.45225999999997
229329905193.0 374.40085
229394770207.0 318.31829999999997
229636442574.0 327.29150799999996
229992316478.0 316.07499799999994
231412634812.0 363.18433999999996
231521198594.0 303.736837
232545471946.0 281.303817
232739377665.0 322.80490399999996
233221187940.0 321.683253
233271887226.0 281.303817
233492797251.0 288.03372299999995
233559764424.0 259.99244799999997
235263720103.0 321.683253
236037318852.0 295.88527999999997
236620764558.0 366.549293
236637345751.0 335.143065
238271388876.0 329.53481
238739488476.0 304.85848799999997
238884907500.0 355.33278299999995
240111222254.0 342.99462199999994
240422132845.0 346.35957499999995
240611943977.0 313.83169599999997
240763584971.0 310.46674299999995
241203795767.0 344.116273
242473638409.0 304.85848799999997
243044667971.0 325.04820599999994
243567270770.0 262.23574999999994
244419198087.0 326.169857
244620874676.0 279.06051499999995
244621681133.0 358.69773599999996
246143815301.0 373.27919899999995
246439085629.0 258.870797
246443620616.0 311.588394
247006500524.0 257.749146
247025940984.0 272.330609
247467818650.0 301.49353499999995
248797620779.0 288.03372299999995
249949522310.0 277.93886399999997
250576774183.0 310.46674299999995
250852340504.0 262.23574999999994
251130217334.0 320.561602
251222436334.0 314.95334699999995
252743245967.0 362.062689
253259005930.0 321.683253
253556153017.0 273.45225999999997
254111346008.0 320.561602
254552284083.0 319.43995099999995
254634426731.0 321.683253
255194810349.0 259.99244799999997
255209770295.0 313.83169599999997
255234753276.0 321.683253
255561367641.0 335.143065
255728746491.0 318.31829999999997
256036293544.0 318.31829999999997
256365266044.0 347.481226
256680537795.0 326.169857
256846295929.0 284.66877
257476808173.0 330.656461
258263929278.0 320.561602
258359792082.0 339.629669
258370205588.0 293.641978
259064271401.0 295.88527999999997
259320122491.0 261.11409899999995
259567347357.0 374.40085
259906474684.0 265.60070299999995
261159491328.0 263.357401
261322217659.0 326.169857
261345433445.0 290.277025
264662598696.0 345.23792399999996
264830346730.0 355.33278299999995
265074561975.0 341.87297099999995
265297883910.0 326.169857
265583133090.0 316.07499799999994
267634461324.0 310.46674299999995
268030245513.0 328.41315899999995
268570278640.0 288.03372299999995
268889331581.0 284.66877
268978553241.0 299.250233
269343986925.0 308.223441
269488419500.0 314.95334699999995
270302686136.0 372.15754799999996
271296666339.0 305.98013899999995
271598883819.0 282.42546799999997
271627885418.0 308.223441
271663451304.0 288.03372299999995
272403837226.0 355.33278299999995
