1486450467.0 187.085133
1487971987.0 179.233576
1837661142.0 255.505844
2094717840.0 226.342918
2331373756.0 236.437777
2434730986.0 271.20895799999994
2747824264.0 231.951173
2783918207.0 179.233576
3354571127.0 168.017066
4081343021.0 257.749146
5364399387.0 178.111925
6184450650.0 231.951173
6214404995.0 206.1532
6866124566.0 196.058341
6919778718.0 255.505844
7140699902.0 198.30164299999998
7536187425.0 215.126408
8611252590.0 270.08730699999995
8701638592.0 217.36971
8968052620.0 168.017066
8988498706.0 200.544945
9641980959.0 184.84183099999998
9783032726.0 171.38201899999999
10339335998.0 258.870797
10856944856.0 180.35522699999999
11311502963.0 275.695562
12243024902.0 281.303817
12431685932.0 192.693388
12698693313.0 239.80273000000003
13012437810.0 271.20895799999994
13075730039.0 168.017066
13232629438.0 203.909898
13252284727.0 271.20895799999994
13341693159.0 222.977965
13655721657.0 172.50367
13763427188.0 194.93669
16139578896.0 181.476878
16562422510.0 255.505844
17058469666.0 192.693388
17234015000.0 174.746972
17584857419.0 168.017066
18116188179.0 173.625321
19767317636.0 184.84183099999998
20466341814.0 248.77593800000002
20496259927.0 252.14089099999998
21083942679.0 175.86862299999999
22264753080.0 211.76145499999998
22636098900.0 174.746972
22927923498.0 272.330609
23143351678.0 238.68107899999998
23254486514.0 172.50367
23691257185.0 168.017066
24054173839.0 210.639804
24887501911.0 189.32843499999998
25473090471.0 221.856314
25540621976.0 258.870797
25918854336.0 248.77593800000002
27128998343.0 193.81503899999998
27837898199.0 202.78824699999998
28453158733.0 237.559428
29204576745.0 222.977965
29220510992.0 259.99244799999997
29843376452.0 205.031549
29916213427.0 229.70787099999998
30065496171.0 234.19447499999998
30139985651.0 220.73466299999998
30948117515.0 207.27485099999998
31338902787.0 230.829522
31889134547.0 285.790421
31985591196.0 171.38201899999999
32101053537.0 233.072824
32190330761.0 174.746972
32534507320.0 239.80273000000003
33028617613.0 238.68107899999998
33539945158.0 198.30164299999998
33543711775.0 256.62749499999995
33936253870.0 274.57391099999995
35119208109.0 228.58622
35887716634.0 237.559428
35973484655.0 184.84183099999998
36757980986.0 262.23574999999994
37637216262.0 206.1532
37645106008.0 203.909898
37920425715.0 219.613012
38426249561.0 271.20895799999994
38883390348.0 181.476878
39590081437.0 169.138717
40123437455.0 233.072824
40384806474.0 198.30164299999998
41287056124.0 237.559428
41787678141.0 218.491361
42211197591.0 200.544945
43580378220.0 216.24805899999998
43838885748.0 237.559428
44004422780.0 169.138717
44026824531.0 187.085133
44061742501.0 226.342918
44421758143.0 215.126408
45399822690.0 216.24805899999998
45897402895.0 239.80273000000003
46442710121.0 189.32843499999998
46864578067.0 220.73466299999998
46865163483.0 226.342918
46893344855.0 226.342918
47297233209.0 168.017066
47299080100.0 252.14089099999998
48904227543.0 198.30164299999998
49456032242.0 169.138717
49654150189.0 176.990274
50688218502.0 196.058341
51595416269.0 215.126408
51857912087.0 175.86862299999999
51871760495.0 234.19447499999998
52055936422.0 190.450086
52317438388.0 235.316126
52851084622.0 277.93886399999997
52891517558.0 178.111925
53336991361.0 234.19447499999998
53466887053.0 235.316126
53899324396.0 189.32843499999998
54078963210.0 220.73466299999998
54101680496.0 183.72018
54107411001.0 221.856314
54567444549.0 235.316126
54997019543.0 168.017066
55074037945.0 199.423294
56135276166.0 222.977965
58082846400.0 215.126408
58190286005.0 222.977965
58763991738.0 169.138717
59096879788.0 182.598529
59293608724.0 182.598529
59466579473.0 225.22126699999998
59995161247.0 196.058341
60392719317.0 206.1532
60731781278.0 175.86862299999999
60814749286.0 284.66877
61258133006.0 226.342918
61580569052.0 226.342918
62032125982.0 196.058341
63074191524.0 168.017066
63759529651.0 174.746972
63828453613.0 251.01924
64084720179.0 259.99244799999997
64218228194.0 171.38201899999999
65841300208.0 221.856314
66457764324.0 279.06051499999995
66661131475.0 248.77593800000002
67249845239.0 210.639804
67819387067.0 230.829522
67863296058.0 282.42546799999997
68067062558.0 247.65428699999998
68275489972.0 215.126408
69622029744.0 224.099616
69777405355.0 224.099616
70149476729.0 194.93669
70217927168.0 188.206784
70445985465.0 178.111925
70515451964.0 222.977965
71460191543.0 211.76145499999998
72735984329.0 218.491361
73132195384.0 212.883106
73220175559.0 172.50367
73425512009.0 194.93669
73438946032.0 255.505844
75418908630.0 261.11409899999995
76394189565.0 179.233576
77435322611.0 172.50367
78478600896.0 205.031549
78530159701.0 172.50367
79377547519.0 219.613012
80148575903.0 255.505844
80343670180.0 217.36971
80355497909.0 233.072824
80588419002.0 228.58622
81459318206.0 206.1532
81898642923.0 286.91207199999997
82227253804.0 194.93669
82274353601.0 228.58622
82463526965.0 171.38201899999999
82516285043.0 239.80273000000003
83047007392.0 247.65428699999998
83582826840.0 203.909898
83765727577.0 230.829522
84039506364.0 259.99244799999997
85719809641.0 247.65428699999998
85858086664.0 253.26254199999997
87248756484.0 173.625321
87770286624.0 207.27485099999998
88218359806.0 193.81503899999998
88612020619.0 237.559428
88629575205.0 230.829522
88634701150.0 176.990274
89031164814.0 256.62749499999995
89355381770.0 243.16768299999998
89595106200.0 230.829522
89819908851.0 188.206784
90596074895.0 181.476878
91350610173.0 228.58622
91768732255.0 240.924381
92617763537.0 233.072824
92884308853.0 235.316126
93115282936.0 280.18216599999994
93908248977.0 180.35522699999999
96549094603.0 227.464569
96585506056.0 224.099616
96982744984.0 255.505844
97000985008.0 209.518153
99124899894.0 193.81503899999998
99843145475.0 174.746972
99852482581.0 189.32843499999998
100198408061.0 179.233576
100934032549.0 237.559428
101062402680.0 188.206784
101144543538.0 253.26254199999997
102220762494.0 220.73466299999998
104155580769.0 249.897589
104376176728.0 178.111925
104790751653.0 221.856314
105376477221.0 277.93886399999997
105388361207.0 252.14089099999998
105595390951.0 194.93669
106764710040.0 193.81503899999998
107271517992.0 181.476878
107677143744.0 251.01924
107819382376.0 268.96565599999997
107866273280.0 233.072824
108037270552.0 199.423294
108291157031.0 218.491361
108941796440.0 198.30164299999998
109137323711.0 192.693388
109238055058.0 246.532636
110149592562.0 220.73466299999998
110398852357.0 193.81503899999998
110583355364.0 188.206784
110827609004.0 220.73466299999998
111524264092.0 217.36971
111702036042.0 220.73466299999998
113123317341.0 256.62749499999995
115771725333.0 220.73466299999998
116100210692.0 234.19447499999998
116233561809.0 227.464569
116394232319.0 178.111925
117795941488.0 181.476878
117828919252.0 284.66877
118212940595.0 211.76145499999998
118266446542.0 231.951173
118620764412.0 174.746972
118914357106.0 229.70787099999998
119605104488.0 277.93886399999997
120439904516.0 226.342918
120994821159.0 219.613012
121233596125.0 230.829522
121411256852.0 189.32843499999998
121920562854.0 228.58622
122589758477.0 175.86862299999999
122987386916.0 172.50367
123086921907.0 264.47905199999997
123457163493.0 286.91207199999997
123886687378.0 199.423294
123991137372.0 274.57391099999995
124287743352.0 228.58622
124729956131.0 235.316126
124931695799.0 222.977965
125304999366.0 184.84183099999998
125418384286.0 191.571737
125422822315.0 170.260368
125864011679.0 230.829522
126225679125.0 242.046032
126537795911.0 188.206784
126869146945.0 169.138717
127329355010.0 253.26254199999997
127692378331.0 217.36971
128138865020.0 230.829522
128152550815.0 182.598529
128748092267.0 246.532636
130379143813.0 175.86862299999999
130692891438.0 217.36971
131666657707.0 192.693388
132191962725.0 230.829522
132264926678.0 273.45225999999997
132307385801.0 242.046032
132486089461.0 182.598529
132770753040.0 236.437777
132829605052.0 179.233576
133370055624.0 228.58622
133520942953.0 249.897589
133625862586.0 169.138717
135174094341.0 211.76145499999998
135217005881.0 237.559428
135420013865.0 200.544945
136268136455.0 251.01924
137149215803.0 178.111925
138262488001.0 222.977965
138745853964.0 240.924381
138818723979.0 198.30164299999998
140108630536.0 179.233576
140736730845.0 226.342918
141344653882.0 268.96565599999997
142118663840.0 191.571737
142496992266.0 219.613012
142796051484.0 191.571737
142802950452.0 182.598529
143961506825.0 178.111925
144619640463.0 221.856314
145081915995.0 233.072824
145113010225.0 183.72018
145250230177.0 217.36971
145374395204.0 222.977965
146456221219.0 258.870797
146503989144.0 193.81503899999998
146645042763.0 174.746972
147118653957.0 197.179992
147275121577.0 220.73466299999998
147612590165.0 172.50367
147805876859.0 234.19447499999998
147956555239.0 211.76145499999998
148516085451.0 188.206784
148633280955.0 244.28933399999997
148684209483.0 193.81503899999998
149312691187.0 181.476878
150422029866.0 227.464569
150553868990.0 222.977965
150684390690.0 175.86862299999999
150813169829.0 285.790421
151390872128.0 170.260368
151844364415.0 210.639804
151967380365.0 252.14089099999998
152287671013.0 211.76145499999998
152355285902.0 179.233576
152411703484.0 214.004757
152447570500.0 227.464569
153406116137.0 224.099616
154463926273.0 176.990274
155100953944.0 225.22126699999998
155710983559.0 227.464569
157219940591.0 197.179992
157445469564.0 169.138717
157609330966.0 218.491361
157868046439.0 191.571737
158867205381.0 238.68107899999998
158875644284.0 176.990274
159925321648.0 233.072824
160331036428.0 170.260368
160694323806.0 179.233576
160762140475.0 169.138717
161625977342.0 214.004757
162074510037.0 221.856314
162357772592.0 218.491361
162703594664.0 229.70787099999998
165277071028.0 199.423294
165742062692.0 175.86862299999999
166178749976.0 218.491361
166215513097.0 231.951173
166590430036.0 228.58622
166707474334.0 215.126408
168036429188.0 192.693388
168311006992.0 196.058341
168647918157.0 254.384193
168726116645.0 230.829522
169398440815.0 230.829522
169837457527.0 214.004757
169850121223.0 222.977965
170212556890.0 217.36971
170305919028.0 211.76145499999998
170685945084.0 202.78824699999998
171084917611.0 221.856314
171524878441.0 184.84183099999998
171737495731.0 234.19447499999998
173381318201.0 216.24805899999998
173871970335.0 220.73466299999998
174077057730.0 229.70787099999998
174436919045.0 180.35522699999999
174669661161.0 199.423294
174700155666.0 220.73466299999998
175278277904.0 249.897589
177958138053.0 226.342918
178912502135.0 173.625321
179125765582.0 227.464569
179205396918.0 178.111925
179661202164.0 279.06051499999995
180038276581.0 181.476878
180652612641.0 227.464569
180913146777.0 242.046032
181428794160.0 171.38201899999999
181773607091.0 270.08730699999995
182105595844.0 192.693388
182386887285.0 231.951173
185179757675.0 240.924381
185202789905.0 255.505844
185638230136.0 254.384193
186156853654.0 211.76145499999998
186262904738.0 259.99244799999997
186557411152.0 251.01924
186565164468.0 193.81503899999998
186708780024.0 185.963482
187381957258.0 172.50367
187888581563.0 202.78824699999998
188548295824.0 230.829522
188743933911.0 225.22126699999998
188956789693.0 227.464569
189176111674.0 179.233576
189740485176.0 243.16768299999998
190261273765.0 234.19447499999998
190812954797.0 247.65428699999998
190993405009.0 183.72018
191231051964.0 216.24805899999998
191334710687.0 191.571737
191878414398.0 258.870797
192369746053.0 187.085133
192951981380.0 172.50367
193564336133.0 190.450086
194138270131.0 240.924381
194290629025.0 253.26254199999997
194843189480.0 170.260368
195083324853.0 236.437777
195140765089.0 185.963482
195863456929.0 175.86862299999999
196588004857.0 188.206784
197837065769.0 172.50367
197839398843.0 286.91207199999997
198049610919.0 219.613012
198216924221.0 185.963482
198602228195.0 173.625321
198927555660.0 192.693388
199257930112.0 251.01924
199850748171.0 184.84183099999998
199885898720.0 180.35522699999999
200569160582.0 200.544945
201026344294.0 227.464569
201129213020.0 267.844005
201430569600.0 185.963482
202102598193.0 210.639804
203097628019.0 275.695562
204494227177.0 197.179992
204718955845.0 169.138717
204725275483.0 202.78824699999998
204842270479.0 174.746972
205553052717.0 251.01924
205888639005.0 268.96565599999997
206332968184.0 212.883106
207051584845.0 248.77593800000002
207090075595.0 267.844005
207399198818.0 174.746972
208227472677.0 185.963482
208264325705.0 237.559428
208488986603.0 227.464569
208711109531.0 219.613012
209244252405.0 215.126408
210258690541.0 271.20895799999994
210545852526.0 235.316126
210721282608.0 180.35522699999999
210988044457.0 281.303817
211084893610.0 208.396502
211223695057.0 234.19447499999998
211307723394.0 236.437777
211313688672.0 254.384193
211391931323.0 283.54711899999995
211737600657.0 226.342918
212257724254.0 193.81503899999998
212883728640.0 208.396502
213429587092.0 174.746972
213693459260.0 220.73466299999998
213781187088.0 215.126408
213795707279.0 172.50367
214758321588.0 168.017066
214996541876.0 238.68107899999998
215643417849.0 234.19447499999998
216379131141.0 171.38201899999999
217340517365.0 207.27485099999998
218308260517.0 172.50367
218561179836.0 169.138717
218958355390.0 217.36971
219578673785.0 245.410985
220072364067.0 221.856314
220728833403.0 236.437777
220993016146.0 236.437777
222143241032.0 231.951173
223791521688.0 211.76145499999998
224128110432.0 239.80273000000003
224310679560.0 224.099616
224441983841.0 206.1532
224589995065.0 174.746972
224706715671.0 200.544945
226014602811.0 237.559428
226092070952.0 172.50367
226481576747.0 188.206784
227055028424.0 215.126408
227567996035.0 247.65428699999998
227695747475.0 197.179992
228039948456.0 202.78824699999998
228512899278.0 226.342918
228542694639.0 242.046032
229755838031.0 279.06051499999995
229904720947.0 230.829522
231153020774.0 173.625321
231613160989.0 247.65428699999998
231630710086.0 181.476878
232100981825.0 182.598529
232870972793.0 187.085133
233697826475.0 191.571737
234096258508.0 199.423294
234511115551.0 261.11409899999995
235875631332.0 207.27485099999998
236819652805.0 262.23574999999994
237033241516.0 272.330609
237402507051.0 203.909898
238408297460.0 168.017066
238877727785.0 206.1532
238998804056.0 174.746972
239195508351.0 216.24805899999998
239606716306.0 180.35522699999999
241027428213.0 231.951173
241253089853.0 168.017066
241587641800.0 245.410985
241950159366.0 181.476878
242604498023.0 216.24805899999998
243290808243.0 265.60070299999995
243495483224.0 230.829522
243602696181.0 219.613012
243748151886.0 184.84183099999998
244192737718.0 199.423294
244743424972.0 261.11409899999995
245390059025.0 169.138717
245638820896.0 182.598529
245889962988.0 252.14089099999998
246116926669.0 185.963482
246154252209.0 220.73466299999998
246725194621.0 252.14089099999998
247134986325.0 175.86862299999999
248257984727.0 272.330609
248267545217.0 238.68107899999998
248288581412.0 206.1532
249137111832.0 235.316126
250651209930.0 252.14089099999998
252005259350.0 243.16768299999998
252822700523.0 273.45225999999997
254724981723.0 267.844005
254993927991.0 281.303817
255026323917.0 259.99244799999997
255303685771.0 244.28933399999997
255708866603.0 233.072824
255730605887.0 180.35522699999999
255865016169.0 235.316126
256247117811.0 208.396502
256877849990.0 202.78824699999998
257281267687.0 175.86862299999999
257380537991.0 220.73466299999998
257382855994.0 234.19447499999998
257967804518.0 279.06051499999995
258376661524.0 181.476878
258515565706.0 202.78824699999998
258914091634.0 266.722354
259243437518.0 216.24805899999998
260507923918.0 212.883106
260617332392.0 263.357401
261035136182.0 203.909898
261041679492.0 272.330609
262019339396.0 243.16768299999998
262835279071.0 253.26254199999997
263396664879.0 283.54711899999995
263766318696.0 178.111925
265214945357.0 220.73466299999998
265374363540.0 181.476878
266278056979.0 199.423294
266315747370.0 178.111925
266571093965.0 181.476878
267618109644.0 178.111925
268848134624.0 247.65428699999998
268982503471.0 190.450086
269316508978.0 219.613012
269831664593.0 180.35522699999999
270021925366.0 235.316126
270211200536.0 169.138717
270365826216.0 256.62749499999995
271187721269.0 180.35522699999999
271301834704.0 198.30164299999998
271414378728.0 270.08730699999995
272650493785.0 207.27485099999998
272978930946.0 171.38201899999999
272998629011.0 189.32843499999998
273241546145.0 185.963482
273465156068.0 230.829522
273872836705.0 188.206784
274725936358.0 176.990274
274927166481.0 231.951173
275420077280.0 191.571737
275547446919.0 183.72018
275833501356.0 180.35522699999999
276408616424.0 206.1532
277116471972.0 214.004757
277419139717.0 275.695562
277811610219.0 205.031549
278109467951.0 218.491361
278574817330.0 247.65428699999998
278686810940.0 209.518153
282000872870.0 212.883106
282573983073.0 240.924381
283179377283.0 252.14089099999998
284358757193.0 242.046032
284649689466.0 259.99244799999997
284760297490.0 188.206784
285007364400.0 168.017066
285369176719.0 205.031549
285638514020.0 226.342918
286863541942.0 170.260368
287162682286.0 219.613012
288023035837.0 246.532636
290327358439.0 229.70787099999998
291650693448.0 176.990274
293516342700.0 207.27485099999998
293807715037.0 228.58622
294784803132.0 172.50367
295188917584.0 217.36971
