1289792267.0 239.80273000000003
1397501655.0 211.76145499999998
1801348952.0 184.84183099999998
2611731473.0 231.951173
3547643155.0 212.883106
3624885776.0 201.666596
3748137557.0 238.68107899999998
4032882922.0 243.16768299999998
5341931884.0 274.57391099999995
5571933924.0 271.20895799999994
5823176511.0 293.641978
6379128045.0 212.883106
6449958737.0 256.62749499999995
6581230573.0 209.518153
6645404472.0 212.883106
6685882292.0 271.20895799999994
7107452178.0 275.695562
7302626564.0 303.736837
7968974132.0 282.42546799999997
8084223164.0 276.817213
8163798291.0 271.20895799999994
8445393180.0 245.410985
8538446221.0 238.68107899999998
8540250423.0 268.96565599999997
9101330160.0 263.357401
9782165477.0 246.532636
10366361734.0 194.93669
10586538463.0 271.20895799999994
10662557994.0 345.23792399999996
10922596741.0 285.790421
11684273814.0 262.23574999999994
12292022954.0 262.23574999999994
12303758607.0 275.695562
12710731016.0 245.410985
12880863353.0 293.641978
12884090549.0 226.342918
13315620387.0 219.613012
13988913870.0 283.54711899999995
14417403615.0 263.357401
14743429086.0 276.817213
14968248040.0 197.179992
14972812106.0 256.62749499999995
14997902854.0 274.57391099999995
15729221280.0 282.42546799999997
15729365818.0 201.666596
15926966278.0 222.977965
15960505338.0 239.80273000000003
16359353658.0 231.951173
17714168675.0 239.80273000000003
18099073228.0 229.70787099999998
18687218069.0 245.410985
21394164487.0 330.656461
21576178351.0 218.491361
22616167971.0 230.829522
22948336747.0 230.829522
22991308670.0 305.98013899999995
23436764521.0 199.423294
23652342297.0 183.72018
23728532333.0 248.77593800000002
24086918210.0 236.437777
24256100561.0 227.464569
25303617178.0 277.93886399999997
25409338640.0 202.78824699999998
25645438335.0 275.695562
25813763014.0 316.07499799999994
25863184482.0 283.54711899999995
26286061118.0 228.58622
27864409134.0 245.410985
27899454763.0 267.844005
27938410448.0 200.544945
29662188341.0 275.695562
30338134117.0 247.65428699999998
30510727615.0 154.557254
30563272224.0 303.736837
30918043690.0 348.602877
31154480241.0 266.722354
31189691238.0 224.099616
31627562072.0 284.66877
31950345768.0 257.749146
32226461401.0 175.86862299999999
32505389587.0 228.58622
33701259828.0 331.77811199999996
34040805907.0 277.93886399999997
34057265041.0 257.749146
34312285502.0 194.93669
34398253438.0 321.683253
34492782928.0 258.870797
35981361262.0 263.357401
37558908412.0 371.035897
37643979035.0 218.491361
38467041472.0 294.763629
38530518016.0 280.18216599999994
38575311323.0 252.14089099999998
39140549032.0 243.16768299999998
39665789200.0 234.19447499999998
40095239515.0 266.722354
41243670839.0 266.722354
41320348511.0 261.11409899999995
41655810687.0 229.70787099999998
41980237229.0 234.19447499999998
43211651807.0 193.81503899999998
44197737634.0 189.32843499999998
44467586111.0 303.736837
44696438891.0 264.47905199999997
45542858469.0 288.03372299999995
45579826108.0 282.42546799999997
46224643008.0 214.004757
46637508120.0 293.641978
47608676879.0 220.73466299999998
48036692378.0 242.046032
48633564441.0 190.450086
49201593836.0 243.16768299999998
49528858601.0 239.80273000000003
49742259533.0 284.66877
49877956313.0 239.80273000000003
49976301536.0 308.223441
51054493880.0 271.20895799999994
51771357226.0 249.897589
52006431181.0 246.532636
52262009862.0 217.36971
52541244368.0 245.410985
52837140553.0 233.072824
52872695147.0 228.58622
53235037023.0 251.01924
53378445154.0 253.26254199999997
53759084671.0 190.450086
54326379677.0 293.641978
55039043344.0 271.20895799999994
55345717048.0 288.03372299999995
55368878680.0 258.870797
55474938122.0 255.505844
55584811769.0 219.613012
56233972464.0 259.99244799999997
57628986997.0 261.11409899999995
57974122231.0 304.85848799999997
58130216403.0 222.977965
58272599087.0 253.26254199999997
58283572801.0 240.924381
58396379449.0 358.69773599999996
59455091999.0 261.11409899999995
59735312143.0 244.28933399999997
60075182524.0 216.24805899999998
60090150528.0 280.18216599999994
60303457314.0 248.77593800000002
60402027241.0 233.072824
60923896471.0 288.03372299999995
61113342336.0 234.19447499999998
61841302213.0 217.36971
62090915128.0 251.01924
62183264872.0 265.60070299999995
63582836551.0 236.437777
63930850446.0 267.844005
64260849459.0 196.058341
64966403119.0 235.316126
65211150309.0 228.58622
65471418217.0 184.84183099999998
65530005002.0 238.68107899999998
65955297562.0 253.26254199999997
65984206538.0 240.924381
66387559377.0 263.357401
66939768457.0 303.736837
67305457571.0 258.870797
67556924437.0 201.666596
68128704737.0 264.47905199999997
68856982873.0 243.16768299999998
68908645155.0 264.47905199999997
69167741740.0 251.01924
69359112788.0 189.32843499999998
69402367347.0 229.70787099999998
69581355207.0 291.39867599999997
70058105699.0 239.80273000000003
70062060329.0 286.91207199999997
70533156019.0 191.571737
70689852486.0 279.06051499999995
70740928840.0 230.829522
70891032126.0 267.844005
71300702407.0 316.07499799999994
71822621090.0 253.26254199999997
72755817694.0 245.410985
73082234145.0 252.14089099999998
73355887168.0 264.47905199999997
73718236538.0 220.73466299999998
73999714652.0 221.856314
75613248906.0 218.491361
75615550847.0 308.223441
75936184180.0 239.80273000000003
75977291329.0 292.52032699999995
76201511447.0 207.27485099999998
76231165626.0 256.62749499999995
76416603900.0 209.518153
76423006553.0 212.883106
76500085626.0 215.126408
76929386199.0 221.856314
77828276275.0 312.710045
78134582997.0 226.342918
78519175246.0 272.330609
78966422175.0 234.19447499999998
79256300367.0 229.70787099999998
79685864482.0 246.532636
79864172326.0 256.62749499999995
79997243412.0 290.277025
80869426574.0 281.303817
80924461619.0 235.316126
81439872510.0 235.316126
81530651926.0 252.14089099999998
81573059820.0 292.52032699999995
81640794451.0 263.357401
82142445394.0 157.922207
83130875995.0 248.77593800000002
83675207075.0 292.52032699999995
83914380072.0 240.924381
84198732041.0 307.10178999999994
85386566602.0 198.30164299999998
86465223045.0 295.88527999999997
86739363223.0 253.26254199999997
86814655473.0 212.883106
88507208729.0 327.29150799999996
90056278751.0 243.16768299999998
91532179719.0 258.870797
91674672979.0 267.844005
92437872407.0 286.91207199999997
92888520054.0 291.39867599999997
93258301848.0 253.26254199999997
93595806752.0 199.423294
93701514846.0 228.58622
93936897102.0 265.60070299999995
94552281975.0 282.42546799999997
95096787262.0 168.017066
95352756505.0 262.23574999999994
96276884378.0 248.77593800000002
96472974552.0 293.641978
96952976291.0 313.83169599999997
97149206248.0 283.54711899999995
98050792521.0 282.42546799999997
98056945088.0 293.641978
98442623881.0 209.518153
98542462825.0 258.870797
98568512490.0 257.749146
98767730904.0 233.072824
99119690731.0 217.36971
99353401436.0 363.18433999999996
99388642587.0 288.03372299999995
99523816586.0 273.45225999999997
99837431312.0 251.01924
100804964065.0 267.844005
100858362960.0 367.67094399999996
101150521466.0 262.23574999999994
101760273860.0 243.16768299999998
102440038992.0 237.559428
102536724577.0 246.532636
102546953179.0 206.1532
102697453474.0 218.491361
102801871125.0 182.598529
103158617884.0 268.96565599999997
103668062185.0 175.86862299999999
103799222725.0 244.28933399999997
104345794878.0 235.316126
105133130380.0 280.18216599999994
107548456058.0 230.829522
107576650276.0 262.23574999999994
108056302935.0 265.60070299999995
108564783906.0 246.532636
108773501034.0 265.60070299999995
109013866035.0 283.54711899999995
110243353098.0 259.99244799999997
110844028923.0 246.532636
111129166170.0 202.78824699999998
112366905652.0 264.47905199999997
112584340152.0 233.072824
112590966260.0 218.491361
114036069204.0 261.11409899999995
114648951907.0 222.977965
114739303330.0 263.357401
114790641594.0 242.046032
115274854519.0 325.04820599999994
115472686155.0 277.93886399999997
116455677374.0 273.45225999999997
117957463922.0 344.116273
118325946564.0 215.126408
118974449147.0 196.058341
119254793277.0 166.89541499999999
119611887886.0 268.96565599999997
119622916050.0 261.11409899999995
119995546371.0 212.883106
120100508641.0 210.639804
120446103260.0 208.396502
120903511790.0 226.342918
121512012094.0 268.96565599999997
121776877360.0 267.844005
122016259381.0 263.357401
122595193804.0 248.77593800000002
122866413436.0 298.12858199999994
123424088837.0 224.099616
124248982209.0 255.505844
124659702608.0 236.437777
125067991665.0 275.695562
125117370455.0 251.01924
125290611963.0 216.24805899999998
126611543086.0 184.84183099999998
126843278664.0 247.65428699999998
127083660717.0 271.20895799999994
127385949837.0 316.07499799999994
127395807069.0 240.924381
127778948968.0 215.126408
128273409912.0 205.031549
130485624378.0 255.505844
130629218399.0 264.47905199999997
131060113176.0 245.410985
131279135171.0 301.49353499999995
131858048744.0 220.73466299999998
132155109238.0 279.06051499999995
132399905553.0 242.046032
132574234256.0 216.24805899999998
132618301452.0 275.695562
132865331900.0 300.37188399999997
133252146166.0 249.897589
133391434863.0 293.641978
133747315299.0 281.303817
133870996925.0 284.66877
133995584539.0 267.844005
134806295486.0 251.01924
135355867608.0 264.47905199999997
137152817159.0 307.10178999999994
138061447095.0 230.829522
138512328023.0 221.856314
138705195205.0 218.491361
139087487066.0 249.897589
139963925240.0 274.57391099999995
140730709903.0 249.897589
140763064051.0 231.951173
140853993741.0 227.464569
141022885202.0 323.92655499999995
141573515237.0 256.62749499999995
142038842999.0 299.250233
143083972744.0 281.303817
143176641600.0 209.518153
143609398393.0 259.99244799999997
143685155682.0 291.39867599999997
144076889085.0 274.57391099999995
144407336343.0 286.91207199999997
144786832419.0 304.85848799999997
145617733307.0 230.829522
146406794963.0 151.19230100000001
146630341207.0 366.549293
146642016934.0 303.736837
147047294257.0 246.532636
147178452161.0 270.08730699999995
147223723021.0 220.73466299999998
147311511246.0 274.57391099999995
147321624355.0 294.763629
147647222340.0 266.722354
147858732218.0 236.437777
148411648258.0 238.68107899999998
149610182842.0 198.30164299999998
150448704392.0 263.357401
150470110973.0 229.70787099999998
150533411483.0 233.072824
151000319002.0 162.408811
151769957917.0 267.844005
152082004275.0 254.384193
152616041243.0 272.330609
152679639882.0 248.77593800000002
153153294115.0 273.45225999999997
153618246465.0 295.88527999999997
153901597182.0 235.316126
154292012476.0 237.559428
154394126049.0 230.829522
154706727587.0 292.52032699999995
154786241578.0 245.410985
155166892652.0 264.47905199999997
155948710324.0 209.518153
156742501414.0 205.031549
156943083234.0 320.561602
156944259176.0 198.30164299999998
156968468258.0 262.23574999999994
157262203927.0 254.384193
157472854364.0 253.26254199999997
157605372738.0 214.004757
158908069685.0 302.615186
159004181545.0 274.57391099999995
159478997768.0 281.303817
159574475610.0 294.763629
160045557785.0 357.576085
160236801198.0 288.03372299999995
160316842702.0 221.856314
160627390346.0 197.179992
160804255843.0 243.16768299999998
161401629783.0 254.384193
161530406833.0 285.790421
161733840221.0 257.749146
161903184906.0 176.990274
162263744769.0 228.58622
162335819227.0 259.99244799999997
162405552694.0 222.977965
163087808088.0 221.856314
163457613102.0 253.26254199999997
163914226626.0 234.19447499999998
164733092746.0 208.396502
165858195884.0 257.749146
166095424514.0 303.736837
166229576181.0 256.62749499999995
166405067565.0 235.316126
167067848694.0 211.76145499999998
167231079411.0 259.99244799999997
167241486798.0 218.491361
167908930430.0 255.505844
168621725800.0 299.250233
168632007475.0 271.20895799999994
169435371456.0 216.24805899999998
169468558602.0 264.47905199999997
169642723012.0 277.93886399999997
169765735694.0 308.223441
169974517982.0 187.085133
170090463665.0 196.058341
170327935271.0 203.909898
170445327453.0 221.856314
170496289732.0 271.20895799999994
171006085021.0 331.77811199999996
171326189718.0 248.77593800000002
171392905062.0 240.924381
171539177286.0 297.00693099999995
171735596292.0 219.613012
171904288677.0 274.57391099999995
172016308193.0 290.277025
172538988477.0 245.410985
172676220725.0 265.60070299999995
173326965946.0 183.72018
173937677317.0 231.951173
174097260816.0 328.41315899999995
174161081976.0 277.93886399999997
174602898787.0 239.80273000000003
174658935347.0 275.695562
176082015013.0 226.342918
176693542621.0 224.099616
176720452320.0 248.77593800000002
176989487736.0 231.951173
177027945654.0 211.76145499999998
177517189691.0 293.641978
178359383300.0 285.790421
178483838968.0 271.20895799999994
178691002498.0 238.68107899999998
178696816867.0 243.16768299999998
178902192296.0 226.342918
180522649252.0 263.357401
180925813979.0 230.829522
181233754227.0 193.81503899999998
181568868757.0 196.058341
